106 683
86 1166
88 1541
89 1665
106 2611
86 3240
138 3646
87 4194
106 4316
138 4525
106 4932
96 5354
87 5567
87 5578
106 5609
99 5834
106 5871
99 6009
138 6140
138 6145
99 6216
106 6297
99 6530
88 6596
88 6610
106 6654
87 6903
90 7234
90 7250
87 7354
87 7362
106 7503
106 7839
88 7891
86 7903
87 8178
87 8222
138 8231
87 8233
138 8250
12 8413
15 8420
87 8693
87 8833
87 8840
86 8868
106 8882
86 8887
87 8918
12 9249
87 9260
15 9312
106 9313
106 9996
87 10114
87 10121
87 10125
138 10311
138 10413
86 10437
87 10444
106 10497
99 10599
138 11177
87 11426
87 11433
12 11568
12 11572
99 11589
87 11781
87 11802
138 11831
138 11859
87 11867
94 11929
106 12069
87 12107
87 12108
14 12147
14 12151
138 12159
98 12306
106 12341
12 12509
12 12514
14 12516
14 12521
106 12727
106 12730
87 13731
87 13732
87 13732
87 13734
88 13800
88 13807
86 13912
87 14735
87 14742
12 14889
12 14895
14 14896
14 14902
87 14906
87 14911
87 14913
87 15014
86 15049
12 15053
12 15059
14 15178
14 15180
138 15743
12 16022
14 16029
138 16353
138 16401
87 16562
87 16568
87 16572
12 16718
12 16721
87 16726
14 16808
14 16813
93 17527
87 17726
87 17730
87 17731
87 18148
12 18156
12 18162
14 18289
14 18291
87 18520
87 18525
87 18536
86 19084
138 19118
87 19169
138 19261
