104 287
104 683
104 988
104 988
104 1452
104 1538
104 1607
104 2031
104 2094
104 2282
104 2523
104 2757
105 3141
105 3141
105 3144
105 3144
126 3526
104 3532
126 3534
104 3592
104 3860
104 3864
104 3952
104 4073
104 4334
104 4407
104 4511
104 4514
104 4514
104 4550
104 4598
104 4673
126 4774
104 5134
104 5176
104 5180
104 5180
104 5275
104 5279
104 5357
104 5360
126 5422
104 5541
126 5650
104 5859
104 5884
104 5936
104 5939
104 6074
126 6094
126 6356
105 6408
105 6408
105 6412
105 6412
105 6412
105 6412
105 6412
105 6412
105 6412
105 6412
105 6413
105 6413
104 6467
104 6591
104 6594
104 6595
104 6595
104 6595
104 6676
104 6680
104 6680
104 6811
104 7002
104 7005
104 7005
104 7005
105 7284
105 7284
105 7287
105 7287
105 7510
105 7510
104 7594
104 7598
105 7638
105 7638
105 7643
105 7643
105 7643
105 7643
105 7643
105 7643
105 7644
105 7644
104 7692
104 7695
104 7696
104 7696
104 7806
104 7808
104 7820
104 7839
104 7957
104 7961
104 7961
104 7961
104 8059
104 8062
104 8193
104 8251
104 8269
104 8325
104 8328
104 8389
104 8391
104 8414
104 8486
104 8491
104 8671
104 8675
104 8675
104 8675
104 8675
104 8676
104 8799
104 9006
104 9025
104 9186
104 9189
104 9192
104 9241
104 9244
104 9321
104 9324
104 9324
104 9402
104 9405
104 9406
110 9759
110 9854
110 9858
110 9858
105 10019
105 10019
105 10024
105 10024
105 10024
105 10024
110 10060
110 10064
104 10362
104 10366
104 10366
104 10366
104 10366
9 10810
9 10815
9 10815
104 10928
104 10931
104 10935
104 10938
105 11110
105 11110
105 11113
105 11113
105 11115
105 11115
105 11115
105 11115
105 11115
105 11115
105 11115
105 11115
105 11116
105 11116
105 11116
105 11116
105 11116
105 11116
105 11116
105 11116
9 11364
9 11369
9 11369
9 11369
9 11369
9 11370
9 11370
9 11372
104 11457
104 11460
104 12069
104 12072
104 12072
105 12099
105 12099
105 12104
105 12104
105 12104
105 12104
105 12104
105 12104
105 12104
105 12104
105 12105
105 12105
105 12105
105 12105
105 12105
105 12105
105 12106
105 12106
105 12106
105 12106
105 12106
105 12106
105 12106
105 12106
105 12108
105 12108
105 12108
105 12108
105 12108
105 12108
105 12108
105 12108
105 12109
105 12109
105 12109
105 12109
105 12109
105 12109
104 12855
104 12858
104 12861
105 13064
105 13064
105 13068
105 13068
105 13068
105 13068
105 13068
105 13068
105 13068
105 13068
105 13069
105 13069
105 13069
105 13069
105 13069
105 13069
105 13069
105 13069
105 13071
105 13071
105 13071
105 13071
105 13071
105 13071
105 13072
105 13072
9 13093
9 13098
9 13098
9 13098
9 13098
9 13099
9 13099
9 13099
9 13099
9 13100
9 13100
9 13100
9 13102
9 13102
9 13102
105 13274
105 13274
105 13278
105 13278
105 13278
105 13278
105 13278
105 13278
9 13332
105 13363
105 13363
105 13366
105 13366
105 13367
105 13367
105 13367
105 13367
105 13472
105 13472
105 13475
105 13475
105 13477
105 13477
105 13477
105 13477
105 13526
105 13526
105 13529
105 13529
105 13716
105 13716
105 13719
105 13719
105 13720
105 13720
105 13720
105 13720
105 13720
105 13720
105 13720
105 13720
105 13721
105 13721
105 13821
499 13821
105 13821
105 13825
105 13825
105 13825
105 13825
105 13825
105 13825
499 13875
105 13985
105 13985
105 13989
105 13989
105 13989
105 13989
105 13991
105 13991
105 14420
105 14420
105 14422
105 14422
105 14422
105 14422
105 14422
105 14422
105 14422
105 14422
105 14424
105 14424
105 14424
105 14424
105 14425
105 14425
105 14425
105 14425
105 14425
105 14425
105 14427
105 14427
105 14427
105 14427
105 14427
105 14427
105 14427
105 14427
105 14428
105 14428
9 14489
105 14542
105 14542
105 14545
105 14545
105 14546
105 14546
105 14546
105 14546
105 14546
105 14546
105 14546
105 14546
105 14814
105 14814
105 14818
105 14818
105 14818
105 14818
105 14818
105 14818
105 14820
105 14820
105 14820
105 14820
105 14820
105 14820
105 14820
105 14820
9 14851
9 14854
9 14854
9 14855
9 14855
9 14855
9 14857
9 14857
109 14911
105 14933
105 14933
105 14938
105 14938
105 14938
105 14938
105 14987
105 14987
