106 686
86 1112
88 1609
89 1706
86 3248
106 3376
138 3932
88 3993
106 4279
97 4497
138 4568
87 4590
95 4947
106 5076
87 5334
87 5362
106 5629
142 5817
138 6205
106 6483
106 6926
142 6980
142 7427
138 7689
90 8012
90 8014
138 8168
88 8916
88 8936
87 9006
87 9025
106 9467
87 9516
106 9747
87 9783
86 9923
106 9937
142 10038
106 10155
87 10231
138 10329
106 10679
106 10683
88 10711
88 10732
96 10923
87 10949
87 10950
87 11048
106 11226
138 11361
138 11489
87 11595
87 11659
87 11674
106 11777
106 11780
106 12078
106 12081
87 12162
138 12284
87 12362
87 12393
138 12479
87 12931
106 13111
138 13254
138 13262
94 13436
88 13461
138 13925
138 14052
106 14070
106 14074
106 14077
106 14082
87 14158
87 14160
106 14246
86 14262
87 14298
138 14630
92 14664
87 15101
87 15179
87 15197
86 15258
87 15557
87 15563
138 15624
138 15830
138 15878
138 16087
87 16212
138 16239
87 16244
86 16266
138 16578
106 16729
106 16732
87 17338
289 18448
289 18448
289 18448
289 18448
289 18448
289 18448
289 18448
289 18448
289 18448
138 19087
138 19149
87 19427
87 19432
87 19663
87 19678
88 19759
86 19907
86 19951
86 20890
99 20964
138 20985
98 20997
138 21049
138 21099
138 21142
138 21283
824 21738
824 21779
87 21907
87 21913
87 21946
87 21954
87 21955
138 21963
87 21970
289 22348
289 22350
289 22361
289 22362
289 22364
289 22364
289 22367
289 22368
289 22369
289 22384
289 22401
289 22415
289 22418
289 22422
86 22442
289 22515
289 22551
289 22552
87 22841
87 22843
87 22847
138 23108
86 23119
87 23524
87 23592
289 23602
289 23603
289 23605
289 23608
138 23683
138 23793
138 23821
86 24041
87 24363
138 24364
87 24364
87 24394
87 24434
87 24463
87 24482
88 24534
289 24685
289 24686
289 24699
289 24700
289 24702
289 24703
289 24706
289 24707
289 24707
289 24708
289 24709
289 24713
289 24714
289 24720
289 24723
289 24723
289 24724
289 24725
289 24726
289 24729
289 24732
289 24737
289 24789
88 24789
289 24789
289 24790
289 24792
289 24792
289 24795
289 24797
289 24797
289 24802
99 24808
98 24813
289 24817
289 24819
289 24820
289 24821
289 24827
289 24827
289 24829
289 24832
289 24922
92 25018
87 25084
87 25095
87 25113
87 25114
87 25262
138 25312
138 25320
138 25332
138 25576
138 25649
138 25655
86 25663
99 25762
99 25775
87 26241
87 26256
87 26256
138 26630
87 26675
87 26703
87 26715
87 26735
99 27069
99 27114
98 27160
99 27292
99 27300
99 27325
99 27325
87 27420
87 27421
87 27425
87 27579
138 27581
87 27590
87 27621
138 27715
138 27856
138 27982
12 28027
12 28033
12 28033
12 28034
14 28248
14 28248
14 28249
14 28250
289 28337
289 28339
289 28340
289 28345
289 28438
289 28454
289 28456
289 28456
289 28457
289 28460
289 28463
289 28464
289 28466
289 28469
289 28470
289 28470
289 28474
289 28475
289 28476
289 28478
289 28481
289 28482
289 28484
289 28486
289 28496
289 28496
87 28590
138 28597
138 28603
87 28615
99 28970
289 28991
98 28991
98 28992
289 28992
289 29029
289 29035
87 29266
12 29297
12 29303
289 29427
289 29427
289 29428
138 29431
289 29432
289 29433
289 29433
289 29435
289 29435
289 29443
289 29444
289 29445
289 29445
14 29446
289 29448
289 29454
289 29455
289 29455
289 29455
289 29456
289 29456
289 29457
289 29458
289 29459
289 29461
289 29463
14 29472
289 29473
289 29481
289 29492
289 29495
289 29497
289 29498
289 29509
289 29512
289 29516
289 29539
289 29539
289 29560
289 29565
289 29565
289 29572
289 29576
289 29576
289 29578
289 29578
289 29579
289 29580
289 29581
289 29581
289 29581
289 29583
289 29583
289 29584
289 29588
289 29589
289 29593
289 29593
289 29593
289 29598
138 29603
289 29604
289 29607
289 29611
289 29619
289 29625
289 29632
138 29640
289 29648
289 29652
289 29653
289 29653
289 29660
289 29660
289 29668
289 29674
289 29676
289 29683
289 29686
289 29688
289 29691
289 29692
289 29693
289 29694
289 29700
289 29701
289 29703
289 29710
289 29714
289 29741
289 29748
289 29752
289 30027
289 30027
289 30028
289 30030
289 30032
289 30033
289 30033
289 30035
289 30037
289 30038
289 30046
289 30048
289 30049
289 30050
138 30072
289 30101
289 30103
289 30105
289 30109
289 30109
289 30111
289 30113
289 30116
289 30121
289 30126
289 30128
289 30130
138 30131
289 30133
289 30136
289 30137
289 30137
289 30137
289 30138
289 30139
289 30140
289 30142
289 30142
289 30145
289 30148
289 30148
289 30149
289 30149
289 30149
289 30150
289 30170
289 30171
289 30176
289 30178
289 30191
289 30193
289 30196
138 30532
138 30565
289 30649
289 30650
289 30655
289 30656
289 30662
289 30665
289 30666
289 30667
289 30667
289 30669
289 30671
289 30671
289 30672
289 30682
289 30682
289 30684
289 30685
289 30686
289 30690
289 30690
289 30690
289 30690
289 30691
289 30693
289 30696
289 30696
289 30805
289 30805
289 30805
289 30807
289 30809
289 30809
289 30810
289 30810
289 30813
289 30814
289 30815
289 30816
289 30816
289 30816
289 30817
289 30817
289 30818
289 30819
289 30820
289 30821
289 30822
289 30823
289 30824
289 30824
289 30876
289 30879
289 30881
289 30893
289 30897
289 30899
289 30904
289 30905
289 30906
289 30906
289 30906
289 30908
289 30909
289 30909
289 30913
289 30913
289 30915
289 30917
289 30919
289 30921
289 30924
289 30926
289 30932
289 30932
289 30934
289 30936
824 30942
289 30944
289 30953
289 30956
289 30959
289 30960
289 30961
289 30961
289 30963
289 30963
289 30965
289 30968
289 30970
289 30971
289 30972
289 30973
289 30973
289 30974
289 30975
289 30985
289 30992
289 30996
289 30996
289 30998
289 30999
289 31000
289 31030
289 31037
289 31051
289 31052
289 31053
12 31059
289 31060
824 31060
289 31061
12 31063
14 31066
289 31068
289 31069
14 31070
289 31070
289 31070
289 31070
289 31070
289 31073
289 31073
289 31074
289 31079
289 31082
289 31083
289 31086
289 31091
289 31097
289 31098
289 31099
289 31100
289 31101
289 31104
289 31105
289 31108
289 31116
289 31116
289 31119
289 31120
289 31122
289 31123
289 31124
289 31127
289 31131
289 31137
289 31140
289 31142
289 31145
289 31146
289 31148
289 31156
