104 286
104 654
104 951
104 952
104 1435
104 1518
104 1594
104 1753
104 2071
104 2236
104 2668
104 2803
105 3116
105 3116
104 3243
104 3326
104 3450
104 3453
126 3552
104 3718
104 3719
104 4044
126 4133
104 4213
104 4216
104 4383
104 4416
104 4419
126 4421
104 4669
104 4672
104 4675
104 4830
104 4980
126 5036
104 5043
104 5050
104 5194
104 5196
126 5305
104 5359
104 5363
104 5825
110 6002
110 6005
110 6005
110 6077
110 6087
110 6090
104 6314
104 6317
110 6333
105 6380
105 6380
105 6383
105 6383
105 6383
105 6383
110 6646
110 6648
105 6668
105 6668
105 6671
105 6671
110 6869
110 7031
110 7034
110 7034
110 7237
110 7239
110 7240
110 7362
110 7365
110 7370
105 7612
105 7612
110 7647
110 7650
110 7650
110 7650
110 7861
110 7862
110 7862
