104 290
104 644
104 971
104 1211
104 1419
104 1531
104 1616
104 1992
104 2066
104 2246
104 2481
105 3081
105 3081
105 3084
105 3084
104 3214
104 3243
104 3438
126 3490
126 3493
104 3564
104 3831
104 3886
104 4053
104 4375
104 4388
104 4545
104 4547
104 4550
104 4613
104 4616
126 4728
104 4731
104 4794
104 4797
104 5082
104 5222
104 5223
104 5438
104 5439
104 5540
104 5559
104 5736
104 5749
104 5750
110 6228
110 6231
110 6231
110 6231
110 6231
110 6232
110 6397
110 6398
105 6625
105 6625
105 6628
105 6628
105 6628
105 6628
105 6628
105 6628
105 6629
105 6629
110 6634
110 6751
110 6863
110 6864
110 6938
110 7456
110 7459
110 7462
110 7465
110 7577
104 7580
110 7580
104 7582
104 7584
104 7587
104 7590
104 7593
104 7660
104 7662
110 7681
104 7770
104 8219
104 8257
104 8273
104 8275
104 8278
104 8279
104 8360
104 8363
104 8364
110 8770
110 8773
110 8776
110 8777
110 8780
105 8950
105 8950
110 9018
110 9021
110 9024
126 9036
110 9169
110 9170
110 9277
110 9281
110 9283
110 9401
110 9404
110 9525
110 9527
110 9766
110 9769
110 9771
110 9774
110 9956
110 9959
110 9961
110 9964
110 10194
110 10195
110 10344
110 10346
110 10348
110 10436
110 10437
110 10526
110 10659
110 10662
110 10665
110 10724
110 10796
110 10996
110 10999
110 10999
110 10999
104 11079
104 11079
104 11079
104 11080
104 11080
104 11080
110 11153
110 11154
104 11174
104 11177
104 11178
104 11278
104 11367
104 11368
110 11653
110 11656
110 11656
110 11656
126 11688
110 11738
110 11741
110 11744
110 11747
110 11920
110 11921
110 12077
110 12078
110 12188
104 12203
110 12257
110 12258
110 12546
110 12549
110 12549
126 12692
104 12855
110 12881
110 12884
110 12884
110 12884
110 12886
110 12886
110 12886
110 13456
110 13459
110 13460
110 13463
110 13466
110 13467
110 13605
110 13608
110 13611
110 13719
110 13798
110 13801
110 13945
110 14075
110 14078
110 14078
110 14078
110 14078
110 14203
110 14316
110 14319
110 14322
110 14416
110 14419
110 14525
110 14642
110 14645
110 14842
110 14845
110 15069
110 15140
110 15143
110 15278
110 15338
110 15446
