106 682
86 1173
88 1538
89 1633
106 2632
138 3688
106 3965
86 4432
87 4539
87 4750
138 4949
97 4957
106 5130
106 5177
88 5249
88 5289
87 5561
99 5884
87 5933
106 6081
99 6923
106 7225
106 7289
106 7384
106 7512
138 7637
138 7647
106 7932
88 8304
88 8333
87 8406
87 8410
87 8623
90 8941
90 8946
106 9098
106 9111
87 9209
106 9311
88 9353
99 9368
92 9389
87 9760
87 9785
86 10364
87 10445
138 10598
106 10745
12 10986
12 10989
15 10993
15 10996
138 11320
138 11326
94 11522
87 11573
106 11701
106 11881
91 11899
106 11919
12 11951
138 12001
138 12019
138 12019
15 12030
87 12248
87 12263
88 12271
99 12339
88 12339
138 12463
138 12467
138 12498
138 13109
