106 682
86 1105
88 1588
89 1699
86 3234
106 3360
138 3724
106 4256
87 4510
138 4512
106 4529
96 4870
87 5035
87 5090
138 5444
87 5556
106 5577
138 5782
106 6003
138 6157
87 6177
87 6321
87 6339
106 6343
99 6388
106 6578
106 6581
138 6710
106 6864
106 6876
87 6988
138 7009
87 7009
88 7107
90 7116
88 7140
88 7157
87 7200
87 7213
87 7606
90 7687
138 7826
87 8631
86 8650
88 8684
138 8690
91 8766
88 8933
86 9005
87 9022
87 9150
138 9213
138 9215
87 9216
138 9241
87 9310
87 9337
138 9343
138 9664
94 9728
138 9734
138 9798
87 9920
87 9937
87 9976
87 10033
87 10038
87 10042
87 10042
106 10255
106 10260
106 10263
106 10266
106 10268
138 10370
138 10377
87 10519
87 10522
106 10555
106 10558
106 10561
106 10563
138 10817
138 10875
87 10894
87 10906
87 10911
87 10916
87 10929
87 11303
87 11304
87 11489
87 11503
87 11506
138 11885
87 11891
106 11948
106 11953
87 12289
106 12292
87 12306
87 12309
138 12313
138 12334
138 12392
86 12392
87 12455
87 12483
87 12491
138 12610
138 12638
92 13563
138 13698
138 13775
138 13840
87 14105
87 14122
88 14136
88 14138
87 14371
87 14560
87 14563
87 14581
138 14654
138 14723
138 14783
138 15629
138 15636
138 15707
289 16066
289 16066
289 16066
289 16066
289 16066
289 16066
87 16994
87 17064
87 17086
87 17111
87 17144
87 17149
138 17221
138 17240
99 17346
99 17412
138 17539
138 17550
138 18066
138 18169
87 19131
87 19141
86 19216
87 19333
87 19360
87 19361
87 19371
87 19384
86 20068
289 20264
289 20267
289 20269
289 20271
289 20273
289 20281
289 20293
289 20297
289 20305
289 20307
289 20323
289 20325
289 20325
289 20327
289 20329
289 20332
289 20341
289 20343
289 20359
289 20360
289 20361
289 20377
289 20393
289 20396
289 20400
289 20404
289 20407
289 20414
289 20415
289 20417
289 20436
289 20436
289 20438
289 20440
289 20452
289 20453
289 20465
289 20466
289 20468
289 20473
289 20476
289 20479
289 20480
289 20492
289 20494
289 20497
289 20500
289 20501
289 20503
289 20503
289 20505
289 20516
289 20520
289 20529
289 20532
289 20539
289 20540
289 20542
289 20553
289 20565
289 20568
289 20572
289 20574
289 20575
289 20577
289 20580
289 20583
289 20586
289 20588
289 20591
289 20597
289 20599
289 20604
289 20605
289 20616
289 20730
289 20733
289 20740
289 20740
289 20740
289 20742
289 20745
289 20746
289 20747
289 20748
289 20751
289 20752
289 20754
289 20756
289 20767
289 20768
289 20782
289 20789
289 20792
289 20794
289 20794
289 20794
289 20795
289 20800
289 20817
289 20818
289 20820
289 20824
289 20825
289 20836
289 20837
289 20838
289 20840
289 20841
289 20841
289 20848
289 20860
289 20870
289 20873
289 20873
289 20877
289 20887
289 20889
289 20889
289 20892
289 20893
289 20893
289 20897
289 20909
289 20910
289 20912
289 20921
289 20924
289 20928
289 20933
289 20933
289 20946
289 20950
289 20952
289 20954
289 20964
289 20971
289 20974
289 20984
289 20989
289 21002
289 21009
289 21012
289 21014
289 21021
289 21026
289 21029
289 21032
289 21036
289 21043
289 21050
289 21051
289 21056
289 21059
289 21062
289 21062
289 21073
289 21073
289 21075
289 21087
289 21087
289 21091
289 21092
289 21093
289 21094
289 21095
289 21100
289 21113
289 21115
289 21121
289 21125
289 21131
289 21131
289 21137
289 21140
289 21146
289 21152
289 21153
289 21155
289 21156
289 21164
289 21167
289 21171
289 21175
289 21180
289 21188
289 21190
289 21195
289 21195
289 21198
289 21207
289 21210
289 21211
289 21214
289 21223
289 21242
289 21250
289 21250
289 21250
289 21254
289 21255
289 21256
289 21258
289 21258
289 21259
289 21264
289 21265
289 21267
289 21269
289 21292
289 21325
289 21365
289 21405
289 21443
289 21454
289 21454
289 21454
289 21454
289 21454
289 21454
289 21454
289 21454
289 21454
289 21488
289 21503
289 21508
289 21508
289 21510
289 21513
289 21513
91 21707
86 21732
87 21813
138 22088
138 22092
87 22431
87 22447
138 22532
87 22561
99 22624
289 22670
289 22671
289 22671
289 22672
289 22673
289 22677
289 22678
289 22681
289 22683
289 22683
289 22683
289 22685
289 22687
289 22690
289 22692
289 22706
98 23029
98 23071
87 23367
87 23378
87 23381
87 23412
138 23440
88 23651
88 23656
98 23726
87 24516
138 24574
138 24632
12 24663
12 24668
12 24668
12 24670
12 24671
12 24671
12 24673
12 24673
12 24674
12 24676
14 24893
14 24899
14 24899
14 24902
12 24925
12 24928
14 24932
12 24932
14 24935
14 24936
14 24936
14 24937
14 24939
14 24942
289 24949
289 24951
289 24959
289 24961
289 24975
289 24977
289 24979
289 24998
289 24999
289 25024
289 25028
289 25030
289 25031
289 25033
14 25035
289 25040
289 25042
289 25042
289 25047
289 25050
289 25050
289 25050
289 25051
289 25053
289 25056
289 25057
289 25057
289 25128
289 25129
289 25131
289 25134
289 25136
289 25137
289 25137
289 25140
289 25140
289 25143
289 25144
289 25145
289 25145
289 25148
289 25148
289 25150
289 25151
289 25152
289 25157
289 25197
289 25202
289 25202
289 25202
289 25203
289 25209
289 25216
289 25217
289 25220
289 25222
289 25226
289 25232
289 25242
289 25242
289 25245
289 25246
289 25247
289 25250
289 25252
289 25254
289 25274
289 25279
289 25281
289 25282
289 25282
289 25285
289 25286
289 25288
289 25290
289 25291
289 25296
289 25315
289 25315
289 25321
289 25321
289 25322
289 25323
289 25324
289 25324
289 25333
289 25336
289 25350
289 25357
289 25361
289 25361
289 25362
289 25363
289 25365
289 25369
289 25370
289 25376
289 25396
289 25402
289 25403
289 25414
289 25416
289 25417
289 25419
289 25427
289 25428
289 25430
289 25449
289 25449
289 25450
