106 682
89 943
88 1392
86 1748
106 2904
86 4106
106 4558
106 4826
99 5188
99 5227
138 5255
106 5466
106 5669
106 5792
87 5840
138 5885
99 6144
97 6461
138 6607
138 6609
87 6662
99 6702
88 7077
88 7089
88 7163
88 7179
106 7312
106 7374
138 8344
106 8424
106 8430
106 8430
106 8432
106 8432
87 8593
106 9387
106 9704
106 9920
106 10070
94 10725
12 10756
12 10758
86 11083
87 11181
87 11187
106 11836
90 12100
106 12131
106 12377
106 12382
106 12521
106 12756
489 13007
489 13007
489 13007
489 13007
489 13007
489 13007
489 13007
489 13007
489 13007
489 13007
489 13007
489 13007
489 13007
489 13007
489 13007
489 13007
489 13007
489 13007
489 13007
489 13007
489 13744
489 13744
289 13911
289 13911
289 13911
289 13911
289 13911
289 13911
289 13911
289 13911
289 13911
86 14337
88 14525
88 14541
88 14555
489 14733
489 14733
489 14733
489 14733
489 14733
489 14733
489 14733
489 14733
489 14733
489 14733
489 14733
489 14733
489 14733
489 14733
489 14733
489 14733
489 14733
489 14733
489 14733
489 14733
489 14733
489 14733
489 15368
489 15368
489 15368
489 15368
489 15368
489 15368
289 16009
289 16009
289 16009
289 16009
289 16009
289 16009
289 16009
289 16009
289 16009
489 16111
489 16111
489 16111
489 16111
489 16111
489 16111
489 16111
489 16111
489 16111
489 16111
489 16111
489 16111
489 16111
489 16111
489 16111
489 16111
489 16111
489 16111
489 16111
489 16111
489 16111
489 16111
489 16111
489 16111
86 17150
