104 290
104 675
104 954
104 958
104 1453
104 1525
104 1612
104 2029
104 2105
104 2280
104 2501
104 3058
105 3146
105 3146
104 3263
104 3312
104 3471
104 3476
126 3552
126 3556
104 3710
104 3965
105 4441
105 4441
105 4444
105 4444
105 4449
105 4449
105 4533
105 4533
105 4592
105 4592
105 4683
105 4683
105 4686
105 4686
105 4698
105 4698
105 4767
105 4767
105 4797
105 4797
104 4886
104 4902
9 5073
9 5075
9 5080
105 5219
105 5219
105 5222
105 5222
105 5337
105 5337
105 5340
105 5340
104 5497
104 5501
104 5505
104 5508
9 5650
104 5914
104 5917
104 6244
104 6248
104 6251
104 6255
105 6288
105 6288
105 6291
105 6291
104 6352
126 6471
9 6647
105 6683
105 6683
105 6685
105 6685
9 6703
9 6708
104 7084
104 7089
104 7093
104 7096
104 7210
104 7214
104 7218
104 7441
104 7446
104 7450
104 7745
104 7749
110 7970
110 7981
110 7983
110 7983
110 7984
110 7984
110 8091
110 8095
110 8099
126 8136
104 8351
104 8355
110 8737
110 8740
110 8746
110 8749
104 8848
104 8852
104 8855
104 8859
104 8862
104 9045
104 9049
104 9052
104 9184
104 9217
104 9250
110 9454
110 9466
110 9467
110 9467
126 9711
104 9943
104 9948
104 9950
104 9955
104 9959
104 9963
104 9975
104 9976
104 9978
104 9978
104 9979
104 9979
110 10321
110 10325
110 10352
110 10475
110 10479
110 10488
104 10492
104 10494
110 10829
110 10908
110 10912
104 11026
104 11030
104 11292
110 12013
110 12018
108 12026
108 12037
108 12039
108 12039
108 12040
108 12040
108 12042
108 12042
110 12042
108 12043
108 12393
108 12397
110 12447
110 12452
110 12925
110 12936
110 12937
110 12937
110 12939
110 12939
110 12940
110 12940
110 12942
110 13341
110 13352
110 13353
110 13353
110 13355
110 13355
110 13356
110 13358
110 13358
110 13359
110 13664
110 13676
110 13676
110 13677
110 13679
110 13679
110 13837
110 13849
110 13849
110 13850
110 13850
110 14070
110 14080
110 14082
110 14269
110 14279
126 14336
110 14874
110 14885
110 14885
110 14886
110 14886
110 14888
110 14888
126 15135
110 15150
110 15161
110 15161
110 15163
110 15163
110 15164
110 15367
110 15379
110 15379
110 15380
110 15380
110 15621
110 15632
110 15632
110 16481
110 16493
110 16494
110 16494
110 16836
110 16847
110 16847
110 16847
110 17148
110 17159
110 17161
110 17161
104 17901
126 17933
104 18050
104 18055
104 18059
126 18066
112 18919
112 18931
112 18931
112 18932
112 18932
112 18934
112 19066
112 19447
112 19452
112 19460
112 19584
104 19894
104 19897
104 19901
112 20076
112 20088
112 20089
112 20194
110 20490
110 20493
112 20574
110 21139
110 21151
110 21152
110 21152
110 21154
110 21154
110 21155
110 21528
110 21540
110 21541
110 21541
110 21543
110 21544
110 21544
