106 695
86 1205
88 1610
89 1677
97 2778
88 3087
106 3350
138 3709
138 3847
106 4185
87 4280
99 4344
138 4506
87 4533
106 4915
87 4946
106 5209
87 6089
87 6247
87 6254
99 6375
86 6438
138 6464
99 6496
99 6547
106 6932
138 7014
106 7048
87 7314
106 7402
87 7479
87 7658
87 7665
106 7746
106 8802
106 8863
106 8885
87 9075
88 9633
88 9675
86 9868
90 10524
90 10527
87 10529
87 10560
138 10630
99 10776
87 10972
87 10980
87 11043
12 11074
12 11076
12 11076
87 11088
15 11227
106 11548
87 11705
87 11855
87 12039
106 12088
106 12216
87 12227
106 12330
106 12333
138 12508
138 12508
106 12587
106 12590
87 13353
87 13362
289 13456
289 13456
289 13456
289 13456
289 13456
289 13456
289 13456
289 13456
289 13456
