104 775
104 866
104 968
105 1804
105 1804
105 1806
105 1806
105 1852
105 1852
105 2112
105 2112
105 2340
105 2340
104 2429
104 2462
105 2632
105 2632
104 2945
126 2957
104 3212
105 3694
105 3694
105 3746
105 3746
105 3783
105 3783
105 3952
105 3952
105 4066
105 4066
105 4194
105 4194
105 4253
105 4253
105 4256
105 4256
105 4259
105 4259
105 4430
105 4430
105 4454
105 4454
105 4709
105 4709
105 4712
105 4712
105 4893
105 4893
105 5338
105 5338
105 5344
105 5344
105 5345
105 5345
105 5345
105 5345
105 5345
105 5345
105 5504
105 5504
105 5642
105 5642
105 5767
105 5767
