106 680
86 1100
88 1390
89 1669
106 2864
86 3288
138 3596
87 4229
106 4287
106 4538
97 4817
88 4887
88 4907
98 5336
87 5635
106 5658
106 5659
106 5727
106 6598
289 6731
289 6731
289 6731
289 6731
289 6731
289 6731
289 6731
289 6731
289 6731
106 6789
90 6832
106 7677
106 7938
138 8240
86 8404
90 8720
106 8858
88 8884
87 8987
106 9016
87 9088
106 9151
106 9267
87 9622
87 9743
106 10217
106 10350
91 10494
106 10527
87 10594
88 10757
94 10935
106 11151
95 11188
106 11216
88 11250
106 11419
87 11519
142 12244
12 12820
12 12823
13 12827
13 12830
106 12887
86 13300
142 13452
106 13468
106 13493
106 13676
142 13772
106 13962
142 14097
489 14347
489 14347
489 14347
489 14347
489 14347
489 14347
489 14445
489 14445
489 14445
489 14445
142 14810
88 14927
88 14966
142 15287
489 15518
489 15518
489 15518
489 15518
489 15518
489 15518
489 15518
489 15518
489 15518
489 15518
489 15518
489 15518
489 15518
489 15518
489 15518
489 15518
489 15518
489 15518
489 15518
489 15518
489 15518
489 15518
489 15518
489 15518
489 15518
489 15518
489 15518
489 15518
489 15518
489 15518
489 15518
489 15518
489 15518
489 15518
106 15819
106 15820
106 15822
489 16492
489 16492
489 16492
489 16492
489 16492
489 16492
489 16492
489 16492
489 16492
489 16492
489 16492
489 16492
489 16492
489 16492
489 16492
489 16492
489 16492
489 16492
489 16492
489 16492
489 16492
489 16492
489 16717
489 16717
489 16717
489 16717
489 16717
489 16717
489 16717
489 16717
