106 677
86 1076
88 1529
89 1638
106 3324
106 4172
88 4615
97 4633
88 4652
138 4729
86 5150
106 5364
87 5366
138 5478
106 5492
138 5574
106 5773
87 6087
87 6104
87 6113
106 6267
90 6302
90 6307
106 6396
138 6599
138 6610
99 6800
87 7056
87 7087
138 7163
87 7234
87 7238
87 7944
87 7947
87 8136
87 8139
87 8307
106 8442
106 8446
96 8645
87 8747
138 8773
87 8774
88 8812
138 8814
86 8866
87 8962
87 8981
88 9371
91 9412
106 9445
106 9449
87 9469
87 9472
87 9474
87 9485
106 9657
87 9713
138 9731
138 9754
138 9822
87 9993
87 9998
87 10045
87 10058
106 10123
86 10135
106 10451
106 10456
88 10555
106 10905
87 10911
87 10921
87 10954
87 10962
94 11063
87 11094
87 11117
138 11145
106 11391
106 11503
289 12694
289 12694
289 12694
289 12694
289 12694
289 12694
289 12694
289 12694
289 12694
289 13381
289 13381
289 13381
289 13381
289 13381
289 13381
289 13381
289 13381
289 13381
86 13892
86 15388
