106 696
86 1108
88 1586
89 1683
106 3100
86 3526
96 3729
106 4286
106 4865
90 4865
106 5423
88 5924
88 5940
97 5958
106 6552
88 6690
88 6694
106 6802
106 6850
106 6953
88 7384
86 7793
106 8236
106 8409
106 8423
106 8599
106 8602
90 8856
106 9323
106 9469
106 9753
106 10150
106 10199
106 10389
106 10408
106 10644
106 11109
106 11253
94 11290
106 11417
106 11419
106 11496
106 11945
106 11948
106 14080
91 14183
289 15996
289 15996
289 15996
289 15996
289 15996
289 15996
289 15996
289 15996
289 15996
88 16072
86 17018
86 17691
99 17738
99 17796
99 17819
12 18247
12 18248
12 18250
12 18250
12 18250
12 18251
12 18251
12 18253
106 18380
99 19396
138 20020
16 20356
16 20358
16 20361
16 20367
16 20369
16 20377
16 20386
12 20592
12 20593
16 20610
16 20816
16 21055
12 21132
16 21827
106 21892
12 22040
16 22175
106 22494
106 22497
106 22692
12 22873
12 23353
12 23356
16 23464
12 24241
12 24244
16 24248
16 24251
12 24463
16 24870
12 25433
12 25436
16 25440
16 25443
289 26667
289 26667
289 26667
289 26667
289 26667
289 26667
289 26667
289 26667
289 26667
12 27746
12 27749
16 27804
16 27817
12 27972
16 27979
12 28423
12 28430
16 28533
16 28558
88 28699
88 28702
86 28716
12 28869
16 29700
12 30498
16 30505
289 31683
289 31683
289 31683
289 31683
289 31683
289 31683
289 31683
289 31683
289 31683
289 32066
289 32066
289 32066
289 32066
289 32066
289 32066
87 32572
12 32852
12 32856
16 32859
16 32863
12 33029
12 33032
12 33032
16 33100
16 33135
16 33143
289 34012
289 34012
289 34012
289 34012
289 34012
289 34012
289 34357
289 34357
289 34357
289 34357
289 34357
289 34357
289 34357
289 34357
289 34357
12 34383
12 35080
16 35255
