106 686
86 1103
88 1550
89 1675
106 3349
96 3404
106 4106
86 4119
90 4225
97 4330
88 4898
106 5107
106 5777
106 6221
88 6251
106 6556
138 6681
106 6930
106 7267
106 7270
138 7319
289 7355
289 7355
289 7355
289 7355
289 7355
289 7355
289 7355
289 7355
289 7355
106 7418
97 7657
106 7882
289 7903
289 7903
289 7903
289 7903
289 7903
289 7903
138 8009
87 8316
106 8338
87 8352
86 8404
87 8601
88 8839
86 9239
87 9272
106 9724
87 9913
106 10594
138 10643
87 10885
106 11214
87 11379
138 11455
99 11461
99 11513
99 11535
87 11771
106 12046
87 12307
99 12355
87 12464
106 13165
106 13167
106 13219
87 13447
106 13464
106 13825
106 14027
106 14451
