106 679
86 1083
88 1536
89 1651
86 3070
138 3655
106 3664
87 4189
138 4245
106 4346
87 4731
87 4771
106 4778
99 5540
106 5659
97 6389
88 6513
87 6917
88 7321
106 7330
106 7333
106 8098
106 8221
106 8439
106 8796
106 8989
138 9254
90 9497
88 9516
88 9543
88 9591
106 9634
87 9658
99 9861
106 10192
106 10422
86 10916
94 11133
87 11189
106 11660
87 11888
87 11990
106 12707
106 12893
106 12911
106 13536
106 14056
106 14394
106 14839
489 15329
489 15329
489 15329
489 15329
489 15329
489 15329
489 15329
489 15329
489 16223
489 16223
489 16223
489 16223
489 16653
489 16653
489 16653
489 16653
489 16653
489 16653
489 16653
489 16653
88 16852
91 17007
138 17382
138 17568
489 17720
489 17720
489 17720
489 17720
489 17720
489 17720
489 17720
489 17720
489 17720
489 17720
489 17720
489 17720
138 18059
489 18791
489 18791
489 18791
489 18791
489 18791
489 18791
489 18791
489 18791
489 18791
489 18791
489 18791
489 18791
106 19330
106 19357
88 19440
138 19699
489 20409
489 20409
489 20409
489 20409
489 20409
489 20409
489 20409
489 20409
489 20409
489 20409
489 20409
489 20409
106 20445
106 20480
106 20532
106 20821
106 20821
98 22195
489 22277
489 22277
489 22277
489 22277
489 22277
489 22277
489 22277
489 22277
489 22277
489 22277
489 22277
489 22277
87 23103
289 23568
289 23568
289 23568
289 23568
289 23568
289 23568
289 23568
289 23568
289 23568
289 23574
289 23574
289 23574
289 23574
289 23574
289 23574
87 24300
489 24379
489 24379
489 24379
489 24379
489 24379
489 24379
489 24379
489 24379
489 24379
489 24379
489 24379
489 24379
289 25259
289 25259
289 25259
289 25259
289 25259
289 25259
289 25259
289 25259
289 25259
489 25482
489 25482
489 25482
489 25482
489 25482
489 25482
489 25482
489 25482
489 25482
489 25482
489 25482
489 25482
106 25681
289 25821
289 25821
289 25821
289 25821
289 25821
289 25821
289 25993
289 25993
289 25993
289 25993
289 25993
289 25993
289 25993
289 25993
289 25993
106 26318
106 26385
489 26545
489 26545
489 26545
489 26545
489 26545
489 26545
489 26545
489 26545
