104 286
104 669
104 974
104 977
104 1456
104 1528
104 1604
104 2025
104 2094
104 2268
104 2507
104 2937
104 3101
104 3332
104 3414
126 3556
105 3858
105 3858
104 4090
104 4109
104 4112
104 4115
104 4118
126 4136
126 4718
105 4757
105 4757
105 4762
105 4762
105 4762
105 4762
105 4764
105 4764
105 4765
105 4765
105 4929
105 4929
105 4932
105 4932
105 4935
105 4935
105 4977
105 4977
105 5196
105 5196
105 5198
105 5198
104 5327
104 5328
104 5334
104 5380
104 5586
104 5589
104 5596
104 5749
105 5807
105 5807
105 5845
105 5845
9 6007
9 6010
105 6121
105 6121
104 6137
9 6216
9 6218
104 6238
104 6241
105 6248
105 6248
104 6330
104 6332
104 6917
104 6920
104 6959
104 6978
104 6992
104 7060
104 7063
104 7105
104 7299
104 7302
104 7305
104 7308
104 7538
104 7539
104 7542
104 7983
104 7986
104 7988
104 7990
108 8709
108 8715
108 8717
108 8717
108 8718
108 8718
108 8719
108 8791
104 8884
104 8887
104 8890
104 8964
108 9056
108 9059
104 9447
104 9449
104 9452
104 9455
108 9468
108 9469
108 9654
108 9657
108 9848
108 9851
105 10321
105 10321
105 10332
105 10332
105 10375
105 10375
108 10422
108 10424
105 10438
105 10438
105 10448
105 10448
105 10488
105 10488
105 10601
105 10601
108 10723
108 10879
105 10916
105 10916
105 10949
105 10949
108 10976
108 11012
105 11056
105 11056
105 11162
105 11162
105 11591
105 11591
105 11597
105 11597
108 11637
104 11846
104 11958
104 12230
104 12271
104 12327
108 12440
104 12531
104 12577
104 12580
104 12687
104 12757
104 12829
104 12906
