106 690
86 1403
90 1958
86 2083
89 2150
88 2260
86 2947
106 3586
99 4145
86 4578
106 4830
106 5130
99 5516
99 5536
138 6012
106 6631
138 6791
87 6849
106 6864
97 6970
88 7026
88 7055
87 7642
87 7660
106 7746
106 7990
88 8103
87 8243
87 8243
138 8420
99 8481
106 8810
106 8861
86 9011
106 9069
94 9082
90 9099
87 9101
87 9109
87 9168
106 9200
106 9239
88 9375
87 9621
87 9625
138 9758
87 9914
88 9966
106 10222
87 10245
87 10268
106 10392
106 10893
289 10949
289 10949
289 10949
289 10949
289 10949
289 10949
289 10949
289 10949
289 10949
489 11033
489 11033
106 11483
106 11508
106 11511
489 11546
489 11546
106 11603
106 11643
489 12298
489 12298
489 12298
489 12298
