104 762
104 863
104 977
105 1842
105 1842
105 1850
105 1850
105 1852
105 1852
105 2095
105 2095
105 2344
105 2344
105 2570
105 2570
104 2943
126 3015
104 3184
104 3427
126 3814
105 3896
105 3896
105 3897
105 3897
104 3988
104 3990
104 3992
104 3995
105 4014
105 4014
104 4159
104 4208
126 4248
104 4400
104 4411
104 4659
104 4699
104 4702
104 4715
104 5032
104 5189
104 5258
104 5259
104 5327
104 5370
104 5429
104 5533
104 5572
104 5610
104 5782
104 6157
104 6159
104 6160
104 6163
104 6165
104 6370
104 6373
104 6401
104 6428
104 6806
104 6839
110 7039
110 7095
110 7098
110 7099
110 7102
110 7231
110 7272
110 7462
110 7465
110 7679
110 7681
104 7765
104 7768
104 7770
104 7771
104 8153
110 8256
110 8258
110 8377
110 8380
110 8517
110 8518
110 8752
110 8753
110 8783
110 8883
110 9021
110 9022
110 9025
110 9071
110 9163
110 9176
110 9251
110 9406
104 9477
104 9477
104 9480
104 9481
104 9683
110 9690
110 9791
110 9792
110 9942
110 9943
110 10002
110 10053
110 10148
110 10151
110 10227
110 10274
110 10405
110 10407
110 10410
104 10411
104 10412
104 10467
110 10502
110 10505
104 10555
104 10558
110 10665
110 10761
104 10931
104 10932
104 10934
104 10936
104 10938
110 10948
110 10950
110 11322
110 11324
110 11409
110 11410
110 11556
110 11701
110 11704
110 11705
110 11805
110 11954
110 11957
110 11959
110 12121
110 12124
110 12126
110 12129
110 12222
110 12224
110 12336
110 12337
110 12418
110 12419
126 12452
110 12642
110 12644
110 12645
110 12648
110 12650
110 12753
110 12858
110 12935
110 12936
110 13168
110 13260
110 13263
110 13264
110 13266
110 13341
110 13342
110 13469
110 13470
110 13472
110 13474
110 13536
110 13650
110 13653
110 13794
110 13797
110 13967
110 13970
110 13971
110 13974
110 14056
110 14059
