106 683
86 1171
88 1550
89 1637
106 2608
138 3696
106 3889
86 4158
87 4468
138 4526
106 4881
138 5022
138 5211
87 5251
106 5258
87 5291
87 5597
88 5753
87 5862
87 5866
106 6100
87 6126
106 6183
106 6238
106 6303
88 6313
96 6318
87 6379
87 6381
99 6418
106 6490
87 6746
99 6781
106 7686
106 8409
97 8891
87 8935
88 9364
88 9381
88 9547
87 9579
87 9586
87 9610
90 9862
90 9906
94 9929
87 9997
106 11072
106 11100
106 11397
87 11459
87 11561
86 11576
87 11576
138 11578
138 11631
138 11677
138 11715
138 11841
138 11861
106 11869
138 11903
138 11930
138 11962
138 11986
138 12038
138 12054
138 12092
87 12124
138 12137
138 12177
106 12330
106 12335
87 12447
87 12447
87 12449
87 12470
87 12476
87 12485
87 12544
106 12544
106 12713
106 13045
87 13050
87 13087
87 13090
138 13093
138 13108
138 13115
87 13148
87 13148
87 13163
106 13267
87 13270
106 13392
87 13635
87 13645
87 13655
88 13772
98 13841
87 13902
87 13907
138 13975
88 13996
138 14032
489 14057
489 14057
489 14057
489 14057
489 14057
489 14057
489 14057
489 14057
489 14057
489 14057
489 14057
489 14057
489 14057
489 14057
489 14057
489 14057
489 14057
489 14057
138 14078
106 14201
106 14319
87 14333
87 14340
489 14566
489 14566
489 14566
489 14566
489 14566
489 14566
489 14566
489 14566
489 14566
489 14566
489 14566
489 14566
91 14638
99 14974
99 15225
489 15329
489 15329
489 15329
489 15329
489 15329
489 15329
489 15329
489 15329
489 15329
489 15329
489 15329
489 15329
489 15329
489 15329
489 15329
489 15329
489 15329
489 15329
489 15329
489 15329
489 15329
489 15329
87 15604
99 15640
99 15686
138 15824
138 15837
87 15856
87 15861
87 15863
489 15876
489 15876
489 15876
489 15876
489 15876
489 15876
489 15876
489 15876
489 15876
489 15876
489 16783
489 16783
489 16783
489 16783
489 16783
489 16783
489 16783
489 16783
489 16783
489 16783
489 16783
489 16783
489 16783
489 16783
489 16783
489 16783
489 16783
489 16783
489 16783
489 16783
489 17298
489 17298
489 17298
489 17298
489 17298
489 17298
489 17298
489 17298
489 17298
489 17298
489 17835
489 17835
489 17835
489 17835
489 17835
489 17835
489 17835
489 17835
489 17835
489 17835
489 17835
489 17835
489 17835
489 17835
489 17835
489 17835
489 17835
489 17835
489 17835
489 17835
489 18372
489 18372
489 18372
489 18372
489 18372
489 18372
489 18372
489 18372
489 18372
489 18372
489 19168
489 19168
489 19168
489 19168
489 19168
489 19168
489 19168
489 19168
489 19168
489 19168
489 19168
489 19168
489 19168
489 19168
489 19591
489 19591
489 19591
489 19591
489 19591
489 19591
489 19591
489 19591
489 19591
489 19591
489 19591
489 19591
489 19981
489 19981
489 19981
489 19981
289 19998
289 19998
289 19998
289 19998
289 19998
289 19998
289 20078
289 20078
289 20078
289 20078
289 20078
289 20078
