104 289
104 663
104 957
104 957
104 1440
104 1522
104 1602
104 2025
104 2098
104 2180
104 2239
104 2478
105 3133
105 3133
105 3137
105 3137
104 3201
104 3225
104 3444
104 3464
126 3539
126 3542
104 3700
104 4033
104 4113
104 4283
104 4347
104 4410
104 4463
104 4538
104 4583
104 4586
104 4617
126 4758
104 4773
104 4842
104 4855
104 5148
104 5357
104 5360
104 5363
105 5417
105 5417
105 5419
105 5419
104 5528
104 5641
104 5744
104 5747
104 5766
104 5769
104 5798
104 5858
105 6159
105 6159
105 6161
105 6161
104 6218
104 6221
110 6610
110 6613
110 6615
110 6620
110 6715
110 6720
110 6790
110 6853
110 6856
110 6935
104 6955
104 6958
110 7017
104 7027
104 7097
104 7374
110 7475
110 7478
104 7531
104 7534
104 7692
104 7695
104 7711
104 7713
105 7732
105 7732
105 7736
105 7736
105 7738
105 7738
105 7738
105 7738
105 7738
105 7738
104 7784
104 7853
104 7856
110 8192
110 8193
104 8370
104 8373
104 8465
104 8468
110 8472
110 8475
104 8580
104 8583
104 8586
104 8589
104 8656
126 8728
104 8803
104 8805
110 9129
110 9132
110 9134
110 9159
110 9162
110 9206
110 9209
110 9283
110 9284
110 9540
110 9543
107 9904
107 9907
107 9946
107 9949
107 10011
107 10013
105 10101
105 10101
105 10106
105 10106
105 10106
105 10106
105 10107
105 10107
105 10107
105 10107
107 10126
107 10208
107 10378
104 10379
107 10379
105 10385
105 10385
105 10389
105 10389
105 10389
105 10389
107 10474
104 10502
105 10549
105 10549
104 10568
110 10657
104 10667
104 10670
104 10715
104 10718
110 10745
110 10747
104 10823
104 10824
104 11001
104 11018
104 11021
104 11039
104 11079
126 11320
110 11459
110 11462
110 11465
107 11483
107 11486
110 11528
110 11615
110 11617
110 11620
105 11816
105 11816
105 11820
105 11820
105 11820
105 11820
105 11821
105 11821
105 11954
105 11954
105 11955
105 11955
105 11958
105 11958
107 12124
107 12309
9 12386
9 12392
9 12392
9 12392
9 12394
9 12394
107 12399
110 12415
107 12478
107 12481
107 12485
110 12524
107 12747
107 12750
105 12855
105 12855
105 12858
105 12858
107 12866
107 12869
107 12957
110 13014
110 13017
110 13149
110 13153
110 13153
110 13153
110 13153
110 13258
110 13261
110 13362
110 13365
110 13368
