104 286
104 676
104 971
104 974
104 1053
104 1534
104 1607
104 2019
104 2029
104 2062
104 2101
104 2271
104 2733
104 2976
104 3104
104 3232
104 3326
104 3464
104 3510
104 3543
104 3566
104 3576
126 3618
104 3693
104 3802
104 4085
104 4342
104 4345
126 4428
104 4573
104 4575
104 4809
104 4812
104 4814
104 4817
104 4981
104 5027
104 5169
104 5882
104 5885
104 5888
104 5891
104 5895
104 6201
104 6203
108 6622
108 6625
108 6628
108 6681
108 6779
108 6897
104 7148
104 7151
108 7234
108 7237
110 7411
105 7440
105 7440
105 7443
105 7443
110 7479
110 7561
110 7606
104 7721
104 7964
104 7967
104 7970
110 8015
110 8017
110 8020
110 8023
104 8252
104 8253
104 8282
104 8439
104 8443
104 8446
104 8449
104 8452
104 8456
110 8844
110 8847
110 8849
110 8852
110 9127
110 9130
104 9464
104 9467
110 9473
110 9476
110 9480
110 9507
110 9512
110 9513
110 9516
104 9690
110 9789
110 9919
110 9922
110 9925
126 10025
110 10043
110 10046
110 10048
110 10266
110 10273
110 10274
110 10312
110 10312
110 10315
110 10548
110 10551
110 10554
110 10762
110 10765
110 10768
110 10771
110 10875
110 10876
104 10988
110 11027
110 11029
104 11095
104 11098
110 11334
104 11376
110 11505
110 11617
126 11631
126 11644
104 11675
104 11678
104 11682
110 11764
110 12077
110 12080
110 12082
110 12085
110 12088
110 12242
110 12245
110 12331
