104 309
104 677
104 970
104 974
104 1327
104 1329
104 1809
104 1845
104 1871
105 2548
105 2548
105 2551
105 2551
104 3027
126 3126
104 3232
104 3237
104 3458
126 3925
105 4151
105 4151
105 4153
105 4153
104 4193
105 4208
105 4208
104 4290
104 4295
104 4565
104 4570
104 4954
104 4958
104 5164
104 5169
104 5173
126 5220
104 5253
104 5284
104 5288
104 5304
104 5677
104 5680
104 5684
104 5813
104 5818
104 5821
104 5960
104 5965
104 5969
104 6209
104 6214
104 6355
104 6359
104 6363
110 6968
110 6972
110 6977
105 7123
105 7123
105 7127
105 7127
105 7130
105 7130
105 7135
105 7135
105 7139
105 7139
105 7142
105 7142
110 7157
110 7161
105 7309
105 7309
105 7313
105 7313
105 7317
105 7317
105 7322
105 7322
105 7325
105 7325
105 7329
105 7329
104 7498
104 7502
105 7951
105 7951
105 7955
105 7955
105 7958
105 7958
105 7962
105 7962
105 7965
105 7965
104 7990
104 7996
105 8177
105 8177
105 8180
105 8180
105 8184
105 8184
105 8188
105 8188
105 8191
105 8191
110 8323
110 8327
105 8462
105 8462
110 8494
110 8505
105 8724
105 8724
110 8757
110 8769
105 8878
105 8878
105 8881
105 8881
105 8883
105 8883
105 8886
105 8886
105 8891
105 8891
105 8894
105 8894
110 8911
110 8921
110 8923
105 9153
105 9153
105 9403
105 9403
105 9407
105 9407
110 9438
110 9549
110 9562
110 9684
105 9774
105 9774
105 9777
105 9777
105 9789
105 9789
105 9790
105 9790
105 9790
105 9790
105 9792
105 9792
105 9792
105 9792
110 9808
110 9820
110 10135
110 10332
110 10336
110 10339
105 10412
105 10412
105 10415
105 10415
110 10441
110 10453
110 10454
110 10454
110 10456
104 10581
104 10585
104 10590
104 10592
104 10597
104 10875
110 10902
110 10905
105 11125
105 11125
105 11136
105 11136
105 11322
105 11322
105 11333
105 11333
105 11335
105 11335
105 11335
105 11335
105 11336
105 11336
105 11336
105 11336
105 11338
105 11338
104 11434
104 11560
104 11735
104 11740
104 11967
104 11971
104 11976
104 11979
104 11983
104 12081
104 12085
104 12199
126 12282
104 12563
104 12566
104 12596
104 12629
105 13442
105 13442
105 13454
105 13454
105 13455
105 13455
105 13455
105 13455
105 13457
105 13457
105 13457
105 13457
108 13506
108 13517
108 13517
108 13519
108 13519
108 13520
108 13520
108 13521
108 13523
110 13810
110 13821
110 13823
110 13823
110 13824
110 13824
110 13826
105 14146
105 14146
110 14177
110 14188
110 14190
110 14190
110 14191
110 14488
110 14499
110 14499
110 14501
110 14653
110 14665
110 14666
110 14666
110 14830
110 14842
110 14842
110 14843
110 14843
110 15036
110 15046
