104 290
104 673
104 961
104 964
104 1485
104 1558
104 1627
104 2084
104 2123
104 2271
104 2516
104 2724
105 3175
105 3175
105 3179
105 3179
104 3422
126 3581
126 3583
104 3900
104 4142
104 4277
104 4308
104 4311
104 4334
126 4380
104 4469
104 4583
104 4586
104 4701
104 4702
104 4705
104 4954
104 5171
104 5246
104 5248
126 5407
104 5456
104 5459
104 5462
104 5464
104 5466
104 5472
104 6048
104 6049
104 6052
104 6224
104 6227
104 6228
126 6521
126 6522
105 6549
105 6549
105 6562
105 6562
105 6565
105 6565
105 6566
105 6566
105 6667
105 6667
105 6670
105 6670
105 6671
105 6671
105 6674
105 6674
126 6887
105 6891
105 6891
105 6989
105 6989
105 6992
105 6992
105 7266
105 7266
105 7268
105 7268
105 7270
105 7270
105 7273
105 7273
126 7373
105 7414
105 7414
105 7417
105 7417
105 7846
105 7846
105 7847
105 7847
105 7851
105 7851
104 7856
104 7859
104 7860
9 8002
9 8005
105 8007
105 8007
9 8008
105 8010
105 8010
105 8020
105 8020
105 8023
105 8023
105 8026
105 8026
104 8079
104 8082
105 8270
105 8270
105 8273
105 8273
105 8275
105 8275
104 8276
105 8277
105 8277
104 8511
104 8512
104 8675
105 8836
105 8836
105 8839
105 8839
105 8840
105 8840
105 8843
105 8843
104 8947
104 8949
104 8951
104 8963
104 8964
9 9342
9 9345
9 9348
9 9349
104 9367
104 9372
105 9439
105 9439
105 9442
105 9442
105 9443
105 9443
105 9445
105 9445
105 9448
105 9448
105 9449
105 9449
105 9452
105 9452
105 9626
105 9626
105 9629
105 9629
105 9777
105 9777
105 9779
105 9779
105 9782
105 9782
105 9783
105 9783
105 9786
105 9786
105 9846
105 9846
9 9929
9 9931
9 9931
9 9931
9 9931
105 9937
105 9937
105 10008
105 10008
105 10088
105 10088
9 10115
9 10118
9 10121
9 10122
105 10195
105 10195
104 10292
104 10293
104 10296
104 10299
104 10300
9 10436
9 10439
9 10442
105 10474
105 10474
105 10477
105 10477
105 10543
105 10543
105 10546
105 10546
105 10653
105 10653
105 10856
105 10856
105 10863
105 10863
105 10863
105 10863
105 10863
105 10863
105 10864
105 10864
105 10864
105 10864
105 10864
105 10864
105 10897
105 10897
105 10900
105 10900
105 10903
105 10903
105 10956
105 10956
105 10959
105 10959
9 11059
9 11062
105 11084
105 11084
126 11142
126 11146
105 11168
105 11168
105 11171
105 11171
