104 323
104 690
104 1010
104 1037
104 1255
104 1567
104 1623
104 1950
104 2033
104 2117
104 2304
104 2816
105 3231
105 3231
105 3235
105 3235
104 3276
104 3366
104 3506
126 3550
104 3625
126 3638
104 3782
104 3958
104 4319
104 4322
104 4377
104 4574
104 4660
104 4663
126 4699
105 4746
105 4746
104 4780
104 4879
104 4889
104 5122
104 5127
104 5130
9 5145
9 5149
105 5501
105 5501
104 5583
104 5587
104 5590
104 5593
104 5609
104 5829
104 5834
104 5836
104 5887
104 5920
104 5953
9 5974
104 5979
104 6047
9 6703
9 6774
104 6840
104 6843
105 6976
105 6976
105 6981
105 6981
108 7448
108 7453
108 7456
108 7460
108 7463
108 7467
108 7510
105 8128
105 8128
108 8129
105 8132
105 8132
108 8134
105 8135
105 8135
105 8139
105 8139
105 8142
105 8142
105 8145
105 8145
108 8529
108 8532
108 8907
105 9002
105 9002
105 9006
105 9006
105 9009
105 9009
105 9012
105 9012
105 9014
105 9014
9 9126
105 9384
105 9384
105 9389
105 9389
105 9392
105 9392
105 9569
105 9569
105 9573
105 9573
105 9577
105 9577
105 9580
105 9580
105 9583
105 9583
104 9694
108 9826
108 9829
108 9834
104 9888
104 9891
104 9894
105 10212
105 10212
105 10215
105 10215
105 10218
105 10218
105 10222
105 10222
105 10225
105 10225
105 10228
105 10228
108 10241
108 10450
105 10611
105 10611
105 10615
105 10615
105 10618
105 10618
105 10621
105 10621
104 10646
104 10649
104 10653
104 10841
104 10846
104 10849
108 11120
9 11124
108 11125
9 11127
108 11440
108 11443
108 11446
105 11554
105 11554
105 11558
105 11558
105 11561
105 11561
108 11580
108 11590
108 12033
108 12036
105 12131
105 12131
105 12135
105 12135
105 12138
105 12138
105 12142
105 12142
105 12145
105 12145
105 12148
105 12148
105 12151
105 12151
108 12371
108 12376
104 13356
104 13359
104 13366
108 13393
108 13398
108 13401
108 13403
108 13406
108 13411
105 13593
105 13593
105 13629
105 13629
108 13641
108 13670
108 13845
105 13952
105 13952
105 13955
105 13955
105 13958
105 13958
105 13962
105 13962
108 13966
105 14171
105 14171
105 14173
105 14173
105 14178
105 14178
105 14181
105 14181
105 14185
105 14185
105 14188
105 14188
9 14233
9 14238
108 14529
108 14533
108 14605
108 14772
108 14981
108 14984
108 14988
105 15077
105 15077
105 15080
105 15080
105 15083
105 15083
105 15086
105 15086
105 15090
105 15090
105 15093
105 15093
105 15096
105 15096
105 15099
105 15099
105 15103
105 15103
108 15347
108 15486
108 15489
105 15620
105 15620
105 15635
105 15635
105 15635
105 15635
105 15636
105 15636
105 15636
105 15636
105 15637
105 15637
105 15637
105 15637
105 15639
105 15639
105 15639
105 15639
