104 284
104 649
104 962
104 965
104 1060
104 1489
104 1579
104 1982
104 2071
104 2290
104 2506
104 2831
105 3141
105 3141
104 3166
104 3199
104 3224
126 3650
104 3830
104 3902
126 4001
105 4369
105 4369
110 4697
110 4701
110 4702
110 4750
110 4862
110 4966
110 5046
105 5196
105 5196
105 5198
105 5198
105 5276
105 5276
105 5279
105 5279
105 5331
105 5331
105 5874
105 5874
105 5876
105 5876
105 5879
105 5879
104 6022
104 6025
104 6028
104 6057
104 6166
104 6173
104 6228
104 6342
104 6345
104 6425
104 6524
104 6526
104 6539
104 6625
104 6650
104 6681
104 6730
104 6763
104 6766
104 7381
104 7395
104 7398
104 7401
104 7489
104 7490
104 7695
105 7728
105 7728
105 7730
105 7730
105 7733
105 7733
105 7736
105 7736
105 7739
105 7739
104 7832
104 7834
126 7898
104 7975
104 7977
104 7981
104 7983
104 8092
104 8245
104 8248
104 8281
104 8485
126 8849
110 9015
110 9016
110 9019
110 9022
110 9025
110 9111
110 9114
110 9117
105 9354
105 9354
105 9356
105 9356
105 9358
105 9358
105 9361
105 9361
105 9364
105 9364
105 9367
105 9367
105 9504
105 9504
105 9507
105 9507
105 9608
105 9608
105 9610
105 9610
105 9613
105 9613
105 9655
105 9655
105 9708
105 9708
105 9838
105 9838
105 9841
105 9841
104 9992
104 9994
104 9996
104 10136
104 10391
104 10392
104 10395
104 10450
104 10451
105 10926
105 10926
105 10932
105 10932
105 11014
105 11014
105 11017
105 11017
105 11020
105 11020
105 11022
105 11022
105 11187
105 11187
105 11189
105 11189
105 11192
105 11192
105 11195
105 11195
9 11258
9 11264
9 11264
9 11265
9 11265
9 11267
9 11267
9 11268
9 11268
9 11269
9 11269
9 11271
9 11324
9 11327
9 11330
9 11333
105 11358
105 11358
105 11364
105 11364
105 11364
105 11364
105 11365
105 11365
105 11365
105 11365
105 11367
105 11367
105 11367
105 11367
9 11377
9 11380
105 11800
105 11800
105 11806
105 11806
105 11807
105 11807
105 11807
105 11807
105 11808
105 11808
105 11808
105 11808
9 11978
9 11983
9 11983
9 11985
9 11985
9 11986
9 11986
105 12000
105 12000
105 12006
105 12006
105 12006
105 12006
105 12007
105 12007
105 12007
105 12007
105 12009
105 12009
105 12009
105 12009
9 12084
9 12090
9 12109
105 12111
105 12111
105 12340
105 12340
9 12361
9 12366
9 12366
9 12368
9 12368
9 12369
105 12414
105 12414
105 12422
105 12422
105 12465
105 12465
105 12545
105 12545
105 12551
105 12551
110 12837
110 12842
110 12842
110 12844
110 12844
110 12845
110 12845
110 12847
110 12847
110 12904
110 12925
110 13011
110 13015
110 13103
110 13104
110 13172
110 13179
110 13292
110 13293
110 13320
110 13391
110 13394
110 13444
110 13543
105 13583
105 13583
105 13586
105 13586
110 13712
110 13715
110 13718
126 13768
110 13798
104 13808
104 13810
104 13812
104 13815
104 13949
110 13949
104 13982
104 13984
104 14036
104 14344
104 14346
104 14349
104 14352
126 14486
110 14609
110 14612
110 14614
110 14617
110 14783
110 14889
110 14892
105 14987
105 14987
105 14990
105 14990
105 14993
105 14993
105 14995
105 14995
105 14998
105 14998
105 15003
105 15003
105 15181
105 15181
105 15187
105 15187
105 15187
105 15187
105 15188
105 15188
105 15190
105 15190
110 15272
110 15363
110 15518
110 15521
110 15524
110 15564
110 15651
110 15652
110 15655
