106 680
86 1110
88 1570
89 1705
106 3175
138 3707
106 4082
87 4338
86 4465
138 4697
106 4909
138 5155
87 5265
106 5410
106 5458
96 5534
106 5560
87 5687
87 5758
106 5806
87 5850
138 5865
99 6069
138 6153
87 6321
87 6447
87 6622
87 6638
87 6956
88 7058
90 7067
88 7068
106 7518
106 7520
106 7584
88 7639
138 7645
138 7688
87 7708
87 7722
138 7892
90 8223
106 8301
87 8324
87 8334
86 8417
87 8669
87 8844
87 8909
87 8930
87 8931
138 9031
138 9039
138 9055
106 9281
106 9305
87 9610
87 9630
87 9630
87 9899
138 10087
138 10090
87 10096
87 10323
87 10324
138 10787
106 10846
87 10890
87 10902
87 10904
138 11229
106 11236
106 11239
87 11288
87 11290
91 11350
87 11385
87 11437
87 11440
138 11454
138 11455
87 11897
88 11940
106 11951
94 11963
87 12003
87 12007
87 12009
87 12012
87 12013
99 12098
88 12218
86 12257
87 12377
87 12397
87 12398
106 12844
87 12909
87 12913
87 12914
138 12918
138 12929
87 12950
87 12954
87 12963
88 13044
106 13380
106 13383
87 13699
87 13704
87 13704
87 14002
12 14096
14 14103
99 14139
138 14228
87 14273
138 14508
87 14558
106 14844
88 15091
106 15145
106 15148
87 15204
106 15216
87 15223
138 15295
87 15339
87 15390
87 15392
138 15394
87 15429
87 15432
87 15435
87 15454
87 15456
87 15462
88 15484
88 15501
138 15559
99 15586
98 15594
92 15650
92 15719
98 15783
86 15804
99 15820
99 15838
99 15850
87 15932
86 16079
87 16154
87 16158
87 16163
138 16745
138 16782
87 17279
87 17311
87 17599
106 17810
87 17861
88 18181
88 18183
87 18741
87 18741
87 18743
99 18748
99 18763
12 18918
99 18980
99 18986
138 19047
12 19057
12 19059
98 19082
138 19094
99 19101
138 19128
12 19550
14 19557
88 19717
88 19792
88 19819
106 19957
106 19960
106 19963
87 19976
87 20026
87 20027
87 20030
87 20032
87 20034
14 20189
87 20339
138 20364
138 20442
99 20464
99 20465
99 20469
138 20473
99 20495
138 20550
99 20582
99 20594
99 20611
99 20629
99 20630
99 20664
87 20687
87 20688
87 20695
12 20736
138 20741
87 21198
87 21202
87 21204
87 21218
87 21606
87 21606
87 21611
87 21613
87 21652
12 21690
12 21693
12 21693
12 21693
12 22015
12 22018
12 22018
106 22040
95 22134
138 22145
138 22249
87 22312
87 22312
87 22313
87 22323
87 22324
87 22325
87 22326
14 22393
14 22492
14 22500
289 22571
289 22572
289 22591
289 22591
289 22592
289 22592
289 22592
289 22594
289 22595
289 22596
289 22600
289 22600
12 22611
289 22613
289 22614
14 22618
289 22643
289 22656
289 22658
289 22660
289 22663
289 22666
289 22666
289 22668
138 22672
138 22682
138 22694
106 22701
138 22742
87 23015
87 23034
138 23058
138 23115
138 23137
87 23215
87 23223
87 23224
87 23224
87 23224
87 23246
87 23246
87 23246
12 23265
12 23268
14 23280
14 23283
99 23304
99 23322
99 23363
86 23372
99 23574
289 23654
289 23664
142 23759
99 23914
99 23925
99 23931
99 23957
12 24114
14 24121
12 25069
12 25070
12 25070
12 25071
12 25071
12 25071
12 25071
12 25071
12 25073
12 25073
12 25073
12 25073
12 25073
142 25185
87 25242
14 25254
14 25256
14 25262
14 25262
14 25262
14 25269
14 25270
14 25284
14 25293
14 25344
289 25440
289 25445
289 25456
289 25459
824 25586
289 25661
289 25663
289 25667
289 25667
289 25669
289 25669
289 25674
289 25674
289 25675
289 25676
289 25676
289 25677
289 25679
289 25679
289 25680
289 25682
289 25683
289 25683
289 25685
289 25686
289 25725
289 25730
289 25731
289 25740
289 25741
289 25745
289 25747
289 25747
289 25747
289 25748
289 25760
289 25768
289 25771
289 25771
289 25774
289 25779
289 25782
289 25785
289 25786
289 25786
289 25797
289 25802
289 25805
289 25812
289 25815
289 25826
289 25827
289 25829
289 25830
289 25832
289 25842
289 25845
289 25845
12 26006
12 26007
12 26009
12 26009
12 26009
12 26009
14 26134
14 26141
14 26144
87 26148
14 26168
289 26914
289 26917
289 26948
289 26952
289 26952
289 26955
289 26955
289 26955
289 26955
289 26955
289 26955
289 26955
289 26955
289 26955
289 26957
289 26965
289 26966
289 26966
289 26967
289 26976
289 26977
289 26979
289 26980
289 26981
12 27008
12 27010
14 27127
289 27169
289 27169
289 27174
289 27191
289 27192
289 27194
289 27200
289 27203
289 27222
289 27229
289 27229
289 27230
289 27230
289 27230
289 27232
289 27233
289 27234
289 27234
289 27234
289 27234
289 27235
289 27236
289 27236
289 27239
289 27240
289 27241
289 27243
289 27253
289 27263
289 27281
289 27283
289 27302
289 27309
289 27323
289 27342
289 27357
289 27363
289 27393
289 27403
289 27408
289 27419
289 27420
289 27423
289 27429
289 27431
289 27433
289 27437
289 27446
289 27451
289 27476
289 27486
289 27501
289 27502
289 27524
289 27534
289 27539
289 27545
289 27548
289 27551
289 27561
289 27561
289 27569
289 27572
289 27578
289 27582
289 27584
289 27606
289 27607
289 27621
289 27646
289 27662
289 27685
289 27701
289 27741
289 27741
106 28142
106 28145
106 28148
106 28151
87 28182
87 28183
106 28251
106 28256
106 28259
106 28262
86 28416
106 28469
87 28982
87 28982
87 29048
87 29062
87 29067
14 29193
99 29294
99 29307
12 29398
12 29400
12 29400
289 29779
289 29780
289 29781
289 29781
289 29783
289 29784
289 29786
289 29787
289 29788
289 29790
289 29790
289 29792
289 29792
289 29793
289 29793
289 29799
289 29799
289 29809
289 29810
289 29811
289 29812
289 29813
289 29813
289 29816
289 29834
289 29834
289 29838
289 29838
289 29839
289 29842
289 29847
289 30225
289 30225
289 30225
289 30225
289 30225
289 30225
289 30225
289 30225
289 30225
289 30870
289 30874
289 30882
289 30882
289 30883
289 30884
289 30889
289 30890
289 30913
289 30915
289 30916
289 30916
289 30916
289 30918
289 30971
289 30973
289 30977
289 30977
289 30980
289 30983
12 30985
12 30986
289 30987
12 30988
12 30988
12 30988
12 30988
12 30988
289 30989
12 30989
289 30989
12 30989
12 30989
289 30991
289 30991
14 30992
289 30992
14 30993
14 30995
289 30996
14 30996
289 31002
14 31044
289 31044
289 31049
289 31050
14 31052
289 31053
289 31056
289 31059
289 31063
289 31063
289 31064
289 31067
289 31069
289 31071
289 31074
289 31077
289 31079
289 31081
289 31081
289 31083
289 31086
289 31091
289 31091
289 31093
289 31099
289 31146
289 31146
289 31148
289 31148
289 31160
289 31173
289 31174
289 31176
289 31176
289 31204
289 31206
289 31207
289 31210
289 31212
289 31212
289 31214
289 31217
289 31219
289 31219
289 31223
289 31226
289 31227
289 31230
289 31234
289 31258
289 31259
289 31260
289 31261
289 31262
289 31273
289 31276
289 31280
289 31331
289 31332
14 31387
14 31395
14 31427
14 31435
289 31436
289 31438
289 31442
289 31442
289 31444
289 31445
289 31489
289 31495
289 31515
289 31544
289 31546
289 31551
289 31581
289 31584
289 31585
289 31585
289 31587
289 31588
289 31589
289 31627
289 31634
289 31635
289 31652
824 31668
289 31673
289 31676
289 31689
289 31762
289 31772
289 31777
289 31781
289 31783
289 31786
289 31795
289 31795
289 31797
289 31797
289 31805
289 31809
289 31856
12 31856
12 31858
12 31858
289 31861
14 31863
14 31865
289 31865
289 31866
289 31869
289 31873
289 31879
289 31886
289 31896
289 31902
289 31903
14 31929
289 32266
289 32269
289 32276
289 32276
12 32277
289 32283
289 32286
289 32288
289 32289
289 32290
289 32290
289 32333
289 32344
289 32344
289 32348
289 32354
14 32356
289 32375
289 32379
289 32386
289 32388
289 32392
289 32416
289 32417
289 32425
289 32428
289 32429
289 32454
289 32455
289 32464
289 32486
289 32486
289 32494
289 32496
289 32502
289 32505
289 32515
289 32535
289 32537
289 32540
289 32546
289 32558
289 32575
289 32576
289 32580
289 32586
289 32598
289 32614
289 32617
289 32619
289 32624
289 32638
289 32688
289 32708
289 32708
289 32715
289 32717
289 32718
289 32718
289 32719
289 32727
289 32727
289 32762
289 32777
289 32782
289 32788
289 32796
289 32796
289 32816
289 32818
289 32830
289 32835
289 32839
289 32855
289 32857
289 32868
289 32876
289 32879
289 32887
289 32895
289 32919
289 32923
289 32926
289 32930
289 32937
289 32939
289 32941
289 32941
289 32971
289 32981
289 32982
289 32985
289 32993
289 33007
289 33015
289 33020
289 33044
289 33047
289 33054
289 33055
289 33058
289 33060
289 33066
289 33080
289 33084
289 33084
289 33100
289 33108
289 33111
289 33131
289 33148
289 33159
289 33180
86 33620
106 34484
99 34592
99 34593
106 34595
106 34599
106 34602
106 34605
99 34606
106 34608
99 34640
99 34651
99 34668
138 34803
12 34840
12 34842
12 34842
12 34842
138 34859
138 34907
138 35169
99 35180
99 35183
138 35222
289 35389
289 35394
289 35401
289 35404
289 35407
289 35408
289 35420
289 35421
289 35423
289 35425
289 35577
289 35579
289 35579
289 35583
289 35583
289 35583
289 35585
289 35586
289 35587
289 35587
289 35588
289 35588
289 35588
289 35591
289 35591
289 35592
289 35592
289 35593
289 35594
289 35595
289 35595
289 35596
289 35598
289 35598
289 35598
289 35599
289 35600
289 35601
289 35651
14 35689
14 35689
14 35689
289 35929
289 35929
289 35929
289 35929
289 35929
289 35929
289 35929
289 35929
289 35929
289 36039
289 36039
289 36044
289 36045
289 36046
289 36047
289 36047
289 36049
289 36119
289 36120
289 36121
289 36122
289 36123
289 36123
289 36124
289 36124
289 36124
289 36126
289 36126
289 36127
289 36127
289 36127
289 36127
289 36127
289 36127
289 36128
289 36128
289 36129
289 36129
289 36131
289 36131
289 36137
12 36593
12 36594
12 36594
87 36744
86 36745
87 36751
138 37032
14 37081
14 37088
12 37177
12 37180
14 37184
14 37187
14 37297
289 38279
289 38282
289 38286
289 38287
289 38289
289 38290
289 38292
289 38295
289 38295
289 38298
289 38300
289 38301
289 38301
138 38310
289 38335
289 38351
289 38353
289 38354
289 38354
289 38356
289 38358
289 38358
289 38358
289 38360
289 38363
289 38365
289 38365
289 38366
289 38367
289 38374
289 38377
289 38377
289 38402
88 38435
138 38623
138 38787
289 39070
289 39070
289 39070
289 39070
289 39070
289 39070
289 39070
289 39070
289 39070
289 39093
289 39093
289 39093
289 39093
289 39093
289 39093
289 39093
289 39093
289 39093
86 39176
12 39231
12 39234
12 39234
12 39234
12 39234
12 39234
12 39236
12 39236
12 39236
12 39236
87 39362
138 39382
138 39395
289 39615
289 39617
289 39685
289 39688
86 39713
138 40462
138 40496
138 40599
138 40728
12 40767
99 40836
99 40868
138 40882
99 40897
99 40931
138 41101
138 41187
88 41368
14 41526
14 41529
14 41529
14 41529
14 41531
14 41531
14 41531
14 41531
88 41575
88 41642
289 41881
289 41881
289 41881
289 41881
289 41881
289 41881
289 41881
289 41881
289 41881
88 42428
12 42721
12 42725
12 42725
12 42725
12 42725
14 42728
14 42732
14 42732
14 42732
14 42732
106 43367
106 43370
12 43413
289 43513
289 43515
14 43516
289 43517
289 43521
106 43600
289 43811
289 43812
289 43820
289 43822
289 44384
289 44384
289 44384
289 44384
289 44384
289 44384
289 44384
289 44384
289 44384
12 44426
12 44428
12 44428
12 44429
12 44429
88 45261
12 45601
12 45604
12 45604
12 45604
14 45731
14 45731
14 45731
14 45736
12 45752
289 46461
289 46461
289 46473
289 46476
289 46476
289 46477
289 46477
289 46477
289 46479
289 46480
289 46480
289 46480
289 46480
289 46480
289 46481
289 46481
289 46482
289 46482
289 46483
289 46483
289 46483
289 46484
289 46484
289 46485
289 46487
289 46494
289 46497
289 46499
289 46499
289 46500
289 46500
289 46500
289 46500
289 46502
289 46502
289 46503
289 46503
289 46507
289 46514
289 46527
289 46528
289 46528
289 46530
289 46532
289 46534
289 46534
289 46535
289 46536
289 46538
289 46542
289 46545
12 46954
12 46955
12 46955
12 46957
12 46957
138 46969
138 46979
138 47070
138 47318
14 47441
14 47442
14 47442
14 47444
14 47444
289 47670
289 47675
289 47681
289 47684
289 47685
289 47687
289 47718
289 47718
289 47719
289 47720
289 47721
289 47721
289 47722
289 47723
289 47740
289 47743
289 47767
289 47769
289 47770
289 47771
289 47866
289 47875
289 47878
289 47879
289 47886
289 47887
12 48104
12 48107
289 48172
289 48174
289 48184
289 48186
88 48348
87 48472
87 48472
87 48472
138 48494
138 48537
138 48609
138 48610
289 48717
289 48717
289 48721
289 48722
289 48726
289 48729
289 48731
289 48732
289 48733
289 48733
289 48735
289 48736
289 48738
289 48742
289 48743
289 48744
289 48744
289 48744
289 48788
289 48793
289 48803
289 48803
289 48804
289 48809
289 48811
289 48812
289 48815
289 48827
289 48828
289 48829
289 48842
289 48846
289 48846
289 48847
289 48849
289 48851
289 48859
12 48860
12 48861
12 48863
12 48863
12 48863
12 48863
289 48870
289 48876
289 48882
289 48882
289 48882
289 48883
289 48887
289 48936
289 48936
289 48945
289 48949
289 48949
289 48959
289 48960
289 48965
289 48969
289 48969
289 48970
289 48972
289 48973
289 48973
289 48973
289 48974
289 48974
289 48974
14 48995
14 48996
14 48998
14 48998
14 48998
14 48998
289 49009
289 49010
289 49027
289 49034
289 49034
289 49036
289 49037
289 49063
289 49069
289 49080
289 49175
289 49176
289 49176
289 49180
289 49180
289 49183
289 49186
289 49194
289 49195
289 49198
289 49204
289 49205
289 49205
289 49206
289 49208
289 49209
289 49210
289 49214
87 49261
87 49267
87 49267
87 49267
87 49269
87 49269
87 49273
138 49289
138 49291
138 49375
12 49428
12 49431
12 49431
12 49431
14 49843
14 49846
14 49846
14 49854
289 49922
289 49922
289 49923
289 49924
289 49926
289 49926
289 49928
289 49929
289 49929
289 49930
289 49932
289 49933
289 49934
289 49937
289 49939
289 49953
289 49957
289 49958
289 49959
289 49967
289 49976
289 49978
289 50019
289 50025
289 50027
106 50030
106 50036
289 50467
289 50469
289 50470
289 50470
289 50470
289 50471
289 50471
289 50472
289 50475
289 50475
289 50477
289 50477
289 50479
289 50479
289 50479
289 50479
289 50480
289 50481
289 50482
289 50482
289 50483
289 50484
289 50485
289 50485
289 50485
289 50486
289 50488
289 50488
289 50489
289 50491
289 50518
289 50525
289 50526
289 50527
289 50531
289 50573
289 50576
289 50579
289 50582
289 50589
289 50592
138 50772
138 50779
289 50931
289 50933
289 50933
289 50934
289 50938
289 50940
289 50941
289 50942
289 50946
289 50947
289 50951
289 50951
289 50955
289 50955
289 50962
289 50962
289 50963
289 50963
289 50966
289 50966
289 50969
289 50971
289 50975
289 50975
289 50979
289 50998
289 51000
289 51014
289 51032
289 51034
289 51045
289 51045
289 51048
289 51049
289 51051
289 51052
289 51054
289 51058
289 51059
289 51072
289 51079
289 51079
289 51115
289 51125
824 51145
289 51178
289 51182
289 51183
289 51183
289 51185
289 51186
289 51186
289 51186
289 51187
289 51188
289 51188
289 51191
289 51197
289 51201
289 51201
289 51207
289 51209
289 51214
289 51214
289 51219
289 51233
289 51236
289 51236
289 51241
289 51246
289 51262
824 51264
289 51266
289 51273
289 51276
289 51276
289 51276
289 51277
289 51280
289 51285
289 51299
824 51451
87 51782
87 51787
87 51789
87 51791
87 51793
87 51801
87 51807
289 51932
289 51933
289 51967
289 51967
289 51972
289 51974
289 51975
289 51975
289 51979
289 51980
289 52004
12 52165
12 52168
12 52168
12 52168
12 52168
12 52169
12 52169
12 52169
14 52175
14 52175
14 52260
14 52263
14 52271
14 52272
14 52272
14 52280
289 52478
289 52479
289 52484
289 52489
289 52491
289 52496
289 52504
289 52505
289 52511
289 52512
289 52512
289 52512
289 52520
289 52572
289 52585
289 52586
289 52594
289 52594
289 52594
289 52594
289 52596
289 52596
289 52597
289 52600
289 52601
289 52601
289 52601
289 52605
289 52605
289 52606
289 52608
289 52609
289 52609
289 52610
289 52611
289 52677
289 52685
289 52690
289 52693
289 52934
289 52937
289 52947
289 52951
289 52951
289 52952
289 52953
289 52953
289 52955
289 52957
289 52957
289 52957
289 52958
289 52959
289 52961
289 52963
289 52971
289 52972
289 52978
289 52978
289 52978
289 52980
289 53021
289 53023
289 53023
289 53034
289 53035
289 53103
289 53105
289 53108
289 53108
289 53110
289 53111
289 53111
289 53113
289 53113
289 53114
289 53115
289 53117
289 53118
138 53217
138 53249
12 53449
12 53452
12 53452
14 53456
824 53578
289 53822
289 53826
289 53827
289 53829
289 53841
289 53842
289 53845
289 53848
289 53850
289 53854
289 53855
289 53857
12 54043
824 54253
289 54373
289 54376
289 54376
289 54378
289 54381
289 54383
289 54385
289 54386
289 54387
289 54387
289 54388
289 54389
289 54390
289 54393
289 54393
289 54394
289 54395
289 54395
289 54396
289 54418
138 54604
138 54625
138 54654
289 54679
289 54681
289 54681
289 54685
289 54686
289 54688
289 54688
289 54689
289 54692
289 54693
289 54696
289 54696
289 54698
289 54709
289 54713
289 54714
289 54722
289 54722
289 54724
289 54726
289 54733
289 54736
289 54737
289 54753
289 54753
289 54754
289 54756
289 54769
289 54770
289 54774
289 54776
289 54779
289 54781
289 54781
289 54785
289 54787
289 54791
289 54795
289 54796
289 54827
289 54828
289 54840
289 54845
289 54847
289 54849
289 54855
289 54892
99 55067
99 55087
99 55112
99 55152
14 55538
824 55826
289 56075
289 56081
289 56081
289 56084
289 56085
824 56085
289 56087
289 56087
289 56088
289 56089
289 56090
289 56091
289 56091
824 56092
289 56093
289 56094
289 56096
289 56098
289 56281
289 56282
289 56287
289 56290
289 56290
289 56292
289 56292
289 56345
12 56483
12 56486
12 56486
12 56486
12 56486
14 56506
14 56517
14 56517
14 56517
14 56517
289 56777
289 56779
289 56782
289 56782
289 56782
289 56785
289 56785
289 56786
289 56789
289 56791
289 56792
289 56794
289 56797
289 56803
289 56803
289 56804
289 56804
289 56806
289 56814
289 56818
289 56830
289 56833
289 56871
289 56903
289 56906
289 56906
289 56906
138 57107
138 57126
824 57213
289 57270
289 57271
289 57272
289 57275
289 57283
289 57286
289 57290
289 57290
289 57292
289 57292
289 57292
289 57295
289 57315
289 57318
289 57318
289 57319
289 57322
289 57333
289 57338
289 57346
289 57347
289 57355
289 57362
289 57362
289 57364
289 57365
289 57365
289 57382
289 57388
289 57391
289 57398
289 57401
289 57404
289 57405
289 57416
289 57418
289 57427
289 57430
289 57435
289 57438
289 57441
289 57444
289 57446
289 57447
289 57452
289 57456
289 57463
289 57468
289 57470
289 57471
289 57478
289 57478
289 57479
289 57480
289 57483
289 57490
289 57502
289 57506
289 57507
289 57512
289 57514
289 57518
289 57520
289 57521
289 57523
289 57528
289 57536
289 57543
