104 622
104 656
104 856
104 923
104 1177
104 1519
104 1642
104 2018
104 2123
104 2127
104 2364
104 2901
104 3091
104 3093
104 3328
104 3331
126 3534
104 3553
104 3576
126 3611
105 3912
105 3912
105 3916
105 3916
126 4333
104 4376
104 4379
104 4624
104 4624
104 4624
104 4625
104 4625
104 4625
104 4625
104 4732
104 5050
104 5330
104 5333
104 5338
104 5379
104 5477
104 5480
104 5536
104 5575
104 5779
104 5805
104 5808
104 5811
105 6099
105 6099
105 6176
105 6176
105 6292
105 6292
105 6294
105 6294
105 6299
105 6299
105 6339
105 6339
104 6417
105 6908
105 6908
105 6911
105 6911
105 7024
105 7024
105 7164
105 7164
105 7167
105 7167
105 7170
105 7170
105 7275
105 7275
105 7278
105 7278
105 7280
105 7280
105 7283
105 7283
105 7286
105 7286
105 7424
105 7424
105 7427
105 7427
105 7499
105 7499
107 7764
107 7767
105 7777
105 7777
107 7845
105 7852
105 7852
105 7971
105 7971
105 7974
105 7974
105 7982
105 7982
105 8311
105 8311
105 8323
105 8323
105 8393
105 8393
105 8557
105 8557
105 8665
105 8665
107 8687
126 8695
105 8845
105 8845
105 8851
105 8851
105 9145
105 9145
105 9264
105 9264
105 9267
105 9267
107 9287
105 9310
105 9310
105 9458
105 9458
105 9461
105 9461
105 9561
105 9561
105 9562
105 9562
105 9622
105 9622
105 9702
105 9702
