104 299
104 653
104 955
104 958
104 1425
104 1517
104 1908
104 1983
104 2078
104 2328
104 2497
104 2530
105 2985
105 2985
105 2987
105 2987
104 2998
104 3042
104 3255
126 3501
126 3503
104 3650
104 3651
104 3946
104 4016
104 4252
104 4299
105 4313
105 4313
104 4470
104 4472
104 4544
104 4643
104 4645
104 4665
104 4670
105 5017
105 5017
105 5021
105 5021
126 5341
104 5418
104 5419
104 5420
104 5423
104 5425
104 5507
104 5664
104 5762
104 5871
104 5872
104 5900
104 6139
104 6140
104 6142
105 6508
105 6508
105 6511
105 6511
105 6513
105 6513
110 6674
110 6676
110 6679
110 6680
110 6683
110 6771
110 6775
110 6841
110 6913
104 7372
104 7375
104 7840
104 7847
104 7847
104 7849
104 7849
104 7850
104 7850
104 7852
104 7852
104 7853
104 7855
104 7855
104 7855
104 7856
104 7857
110 8186
110 8187
110 8255
110 8498
110 8501
110 8503
110 8648
110 8649
110 9152
110 9157
110 9159
110 9159
110 9310
110 9316
110 9317
110 9317
110 9319
104 9435
110 9496
110 9497
110 9499
110 9501
110 9797
110 9798
110 9799
110 9802
104 9857
104 9874
104 9878
104 9881
104 9883
104 9995
104 9995
104 9998
110 10099
110 10100
110 10868
110 10873
110 10873
110 10875
110 11049
110 11055
110 11056
110 11056
110 11058
110 11058
110 11059
110 11167
110 11168
110 11170
110 11173
110 11507
110 11512
110 11518
110 11520
110 11520
104 11925
110 12085
110 12267
110 12272
110 12272
110 12274
110 12274
110 12275
110 12275
110 12385
110 12389
110 12390
105 12414
105 12414
110 12452
110 12455
110 12831
110 12837
110 12838
110 12838
110 12840
110 12840
104 13111
110 13188
110 13194
110 13194
110 13195
110 13197
110 13197
110 13198
110 13198
110 13199
110 13199
110 13201
110 13201
110 13202
104 13271
104 13273
104 13379
104 13382
104 13484
126 13590
126 13608
104 13633
104 13634
104 13637
104 13638
104 13641
104 13643
104 13791
104 13792
104 14259
107 14444
107 14450
107 14451
107 14451
107 14453
107 14453
107 14454
107 14591
107 14712
107 14713
104 14862
104 14863
107 14912
104 14914
107 14915
107 14916
107 14919
107 14921
107 14923
104 14963
107 15057
104 15468
104 15471
