104 287
104 662
104 988
104 991
104 1072
104 1507
104 1591
104 1986
104 2075
104 2099
104 2246
104 2484
104 3057
104 3067
104 3270
104 3369
104 3457
126 3536
126 3572
105 3749
105 3749
104 3821
105 3890
105 3890
104 4004
104 4254
104 4491
105 4654
105 4654
105 4657
105 4657
105 4660
105 4660
105 4741
105 4741
105 4744
105 4744
105 4771
105 4771
105 4842
105 4842
105 4845
105 4845
105 4906
105 4906
104 5249
104 5252
104 5487
104 5494
104 5495
104 5495
104 5497
104 5497
104 5498
104 5498
104 5531
104 5730
104 5733
104 6002
126 6308
105 6462
105 6462
105 6468
105 6468
105 6470
105 6470
105 6470
105 6470
105 6497
105 6497
105 6546
105 6546
105 6552
105 6552
105 6599
105 6599
105 6658
105 6658
105 6667
105 6667
105 6762
105 6762
105 6763
105 6763
105 6873
105 6873
105 6874
105 6874
105 6945
105 6945
105 6948
105 6948
105 6994
105 6994
105 7090
105 7090
105 7093
105 7093
105 7096
105 7096
9 7349
9 7354
9 7356
9 7356
9 7357
9 7357
9 7359
9 7359
9 7360
9 7360
9 7361
9 7361
105 7372
105 7372
105 7374
105 7374
105 7479
105 7479
105 7482
105 7482
105 7485
105 7485
105 7529
105 7529
105 7531
105 7531
105 7535
105 7535
105 7538
105 7538
105 7909
105 7909
105 8122
105 8122
105 8128
105 8128
105 8128
105 8128
105 8129
105 8129
105 8129
105 8129
105 8131
105 8131
105 8131
105 8131
105 8160
105 8160
105 8162
105 8162
105 8165
105 8165
105 8168
105 8168
105 8247
105 8247
105 8252
105 8252
105 8253
105 8253
105 8253
105 8253
105 8255
105 8255
105 8332
105 8332
105 8335
105 8335
105 8419
105 8419
105 8422
105 8422
104 8456
104 8633
104 8636
104 8639
104 8695
104 8698
104 8704
104 8930
104 8933
104 8934
104 8982
104 8985
104 8986
104 9269
110 9466
110 9469
110 9471
110 9474
110 9477
110 9561
105 9651
105 9651
105 9652
105 9652
105 9655
105 9655
105 9658
105 9658
105 9661
105 9661
105 9769
105 9769
105 9772
105 9772
105 9775
105 9775
105 9778
105 9778
105 9779
105 9779
110 9792
110 9794
105 9845
105 9845
110 9872
110 9990
105 10068
105 10068
110 10335
105 10359
105 10359
105 10365
105 10365
105 10366
105 10366
105 10366
105 10366
105 10368
105 10368
110 10465
110 10466
110 10534
110 10619
110 10699
110 10768
110 10829
110 10898
110 10993
110 11154
110 11157
110 11186
110 11291
110 11418
105 11421
105 11421
105 11424
105 11424
105 11427
105 11427
110 11554
105 11689
105 11689
105 11692
105 11692
110 11695
104 11879
104 11882
104 11885
104 11888
104 11891
110 11927
110 12156
110 12228
110 12317
105 12354
105 12354
105 12357
105 12357
105 12360
105 12360
110 12510
105 12527
105 12527
105 12530
105 12530
110 12668
110 12738
105 12810
105 12810
105 12812
105 12812
105 12816
105 12816
105 12819
105 12819
105 13025
105 13025
105 13028
105 13028
110 13060
110 13061
105 13127
105 13127
105 13130
105 13130
110 13277
110 13378
105 13378
105 13378
105 13381
105 13381
110 13482
