104 315
104 718
104 954
104 957
104 1756
104 1885
104 1921
104 2000
104 2243
104 2339
104 2416
105 2904
105 2904
105 2907
105 2907
105 3090
105 3090
126 3301
105 4237
105 4237
104 4360
105 4728
105 4728
104 4791
104 4937
105 5509
105 5509
105 5512
105 5512
105 5514
105 5514
104 5829
104 5950
126 6159
104 6251
104 6712
104 6717
104 6896
104 7178
104 7179
104 7238
104 7426
104 7428
105 7933
105 7933
126 8014
104 8045
104 8047
104 8197
104 8200
104 8203
104 8206
104 8248
126 8742
104 8787
104 8789
104 9445
104 9448
104 9448
104 9759
104 9760
104 9763
104 9766
104 9769
104 9891
104 9894
104 9897
105 10291
105 10291
105 10294
105 10294
105 10336
105 10336
105 10398
105 10398
105 10402
105 10402
105 10465
105 10465
105 10664
105 10664
105 10667
105 10667
105 11092
105 11092
105 11094
105 11094
105 11096
105 11096
105 11096
105 11096
105 11096
105 11096
105 11096
105 11096
105 11097
105 11097
105 11097
105 11097
104 11414
104 11416
104 11420
104 11423
110 11746
110 11748
110 11750
110 11750
110 11831
