106 676
86 1099
88 1561
89 1671
106 2878
88 3159
86 3683
106 4239
138 4248
87 4854
138 4979
106 4980
138 5182
106 5379
106 5563
87 5704
106 5881
96 5901
87 5982
138 5987
87 6054
106 6072
99 6093
99 6199
87 6303
99 6322
106 6701
88 6801
88 6804
87 7591
106 7695
88 8167
88 8182
90 8220
97 8232
90 8285
87 8407
94 8659
88 8714
138 8726
138 8741
87 8750
138 8764
138 8775
106 8781
87 8978
138 9082
138 9098
87 9243
87 9321
87 9330
87 9333
87 9336
87 9354
106 9383
138 9435
106 9451
138 9457
138 9474
138 9486
106 9498
86 9555
87 9644
87 9649
106 9793
106 9795
106 9976
106 10018
87 10061
87 10075
86 10100
87 10115
87 10122
106 10147
88 10267
87 10492
87 10499
87 10589
87 10854
87 10857
87 10859
99 10878
138 11103
138 11108
138 11131
87 11178
106 11216
489 11338
489 11338
489 11338
489 11338
489 11338
489 11338
489 11338
489 11338
489 11338
489 11338
489 11338
489 11338
489 11338
489 11338
489 11338
489 11338
489 11338
489 11338
489 11338
489 11338
489 11338
489 11338
489 11338
489 11338
489 11338
489 11338
106 11551
87 11818
87 11820
87 11826
138 11958
138 12003
138 12020
87 12073
106 12307
106 12310
88 12393
489 12394
489 12394
489 12394
489 12394
489 12394
489 12394
489 12394
489 12394
489 12394
489 12394
489 12394
489 12394
489 12394
489 12394
489 12394
489 12394
489 12394
489 12394
489 12394
489 12394
489 12394
489 12394
489 12394
489 12394
489 12394
489 12394
489 12394
489 12394
489 12394
489 12394
489 12394
489 12394
88 12406
106 12485
106 12524
106 12559
106 12577
106 12605
12 12699
12 12705
12 12705
15 12706
12 12707
15 12712
15 12712
15 12714
87 12851
98 13244
489 13382
489 13382
489 13382
489 13382
489 13382
489 13382
489 13382
489 13382
489 13382
489 13382
489 13382
489 13382
489 13382
489 13382
489 13382
489 13382
489 13382
489 13382
489 13382
489 13382
489 13382
489 13382
489 13382
489 13382
489 13382
489 13382
489 13382
489 13382
489 13382
489 13382
489 13382
489 13382
99 13689
138 14038
87 14070
138 14093
87 14204
489 14415
489 14415
489 14415
489 14415
489 14415
489 14415
489 14415
489 14415
489 14415
489 14415
489 14415
489 14415
489 14415
489 14415
489 14415
489 14415
489 14415
489 14415
489 14415
489 14415
489 14415
489 14415
489 14415
489 14415
489 14415
489 14415
489 14415
489 14415
489 14415
489 14415
489 14415
489 14415
91 14859
138 15240
489 15552
489 15552
489 15552
489 15552
489 15552
489 15552
489 15552
489 15552
489 15552
489 15552
489 15552
489 15552
489 15552
489 15552
489 15552
489 15552
489 15552
489 15552
489 15552
489 15552
489 15552
489 15552
489 15552
489 15552
489 15552
489 15552
489 15552
489 15552
489 15552
489 15552
489 15552
489 15552
99 15951
12 15964
12 15973
15 15980
289 16153
289 16153
289 16153
289 16153
289 16153
289 16153
289 16153
289 16153
289 16153
87 16453
87 16464
87 16465
86 16522
87 16827
489 16908
489 16908
489 16908
489 16908
489 16908
489 16908
489 16908
489 16908
489 16908
489 16908
489 16908
489 16908
489 16908
489 16908
489 16908
489 16908
489 16908
489 16908
489 16908
489 16908
489 16908
489 16908
489 16908
489 16908
489 16908
489 16908
489 16908
489 16908
489 16908
489 16908
489 16908
489 16908
87 17534
489 17904
489 17904
489 17904
489 17904
489 17904
489 17904
489 17904
489 17904
489 17904
489 17904
489 17904
489 17904
489 17904
489 17904
489 17904
489 17904
489 17904
489 17904
489 17904
489 17904
489 17904
489 17904
99 17986
92 18313
824 18505
86 18674
91 18818
289 18835
289 18835
289 18835
289 18835
289 18835
289 18835
489 18882
489 18882
489 18882
489 18882
489 18882
489 18882
489 18882
489 18882
489 18882
489 18882
489 18882
489 18882
489 18882
489 18882
489 18882
489 18882
489 18882
489 18882
489 18882
489 18882
489 18882
489 18882
87 19718
87 19718
489 19891
489 19891
489 19891
489 19891
489 19891
489 19891
489 19891
489 19891
489 19891
489 19891
489 19891
489 19891
489 19891
489 19891
489 19891
489 19891
489 19891
489 19891
489 19891
489 19891
489 19891
489 19891
87 20359
489 21058
489 21058
489 21058
489 21058
489 21058
489 21058
489 21058
489 21058
489 21058
489 21058
489 21058
489 21058
489 21058
489 21058
489 21058
489 21058
489 21058
489 21058
489 21058
489 21058
489 21058
489 21058
824 21662
824 21983
86 22293
489 22387
489 22387
489 22387
489 22387
489 22387
489 22387
489 22387
489 22387
489 22387
489 22387
489 22387
489 22387
489 22387
489 22387
489 22387
489 22387
489 22387
489 22387
489 22387
489 22387
87 22671
87 22676
98 22748
98 22777
87 23019
289 23055
289 23055
289 23055
289 23055
289 23055
289 23055
289 23055
289 23055
289 23055
289 23122
289 23125
289 23127
289 23129
289 23129
289 23130
289 23131
289 23134
289 23150
289 23160
289 23179
289 23185
289 23186
824 23322
87 23391
87 23403
489 23508
489 23508
489 23508
489 23508
489 23508
489 23508
489 23508
489 23508
489 23508
489 23508
489 23508
489 23508
489 23508
489 23508
489 23508
489 23508
489 23508
489 23508
489 23508
489 23508
289 23631
289 23635
289 23644
289 23645
289 23654
289 23657
289 23671
289 23674
289 23680
289 24053
289 24053
289 24053
289 24053
289 24069
289 24070
289 24083
289 24083
289 24087
289 24088
289 24095
289 24097
289 24123
289 24126
289 24211
289 24214
289 24215
289 24229
289 24231
289 24285
289 24290
289 24292
289 24295
289 24316
289 24329
289 24350
289 24361
289 24464
289 24468
289 24469
289 24470
289 24477
289 24479
289 24484
289 24487
289 24504
289 24505
289 24565
289 24568
489 24591
489 24591
489 24591
489 24591
489 24591
489 24591
489 24591
489 24591
489 24591
489 24591
489 24591
489 24591
489 24591
489 24591
489 24591
489 24591
289 24616
289 24634
289 24638
289 24669
289 24669
289 24671
289 24675
289 24684
289 24692
289 24695
289 24695
289 24697
289 24713
289 25090
289 25092
289 25092
289 25092
289 25093
289 25093
289 25094
289 25095
289 25096
289 25096
289 25108
289 25109
289 25112
289 25116
289 25163
289 25164
289 25166
289 25168
289 25169
289 25180
289 25185
289 25202
289 25206
289 25206
289 25206
289 25219
289 25227
289 25241
289 25245
289 25246
289 25249
289 25259
289 25264
289 25282
289 25285
289 25286
289 25287
289 25301
289 25304
289 25322
289 25325
289 25327
289 25327
289 25342
289 25344
289 25362
289 25365
289 25367
289 25382
289 25384
289 25402
289 25405
289 25407
289 25422
289 25425
289 25442
289 25444
289 25447
289 25461
289 25465
289 25482
289 25484
289 25487
289 25522
289 25525
289 25527
289 25545
289 25562
289 25564
289 25566
289 25584
289 25602
289 25604
289 25606
289 25637
289 25638
289 25638
289 25646
289 25646
289 25646
289 25646
289 25646
289 25646
289 25661
289 25661
289 25662
289 25701
289 25701
289 25737
289 25739
289 25777
289 25779
289 25822
289 25823
289 25859
289 25865
289 25899
289 25899
489 25916
489 25916
489 25917
489 25917
289 25926
289 25926
289 25926
289 25926
289 25926
289 25926
489 25931
489 25931
489 25938
489 25938
289 25940
289 25940
489 25949
489 25949
489 25950
489 25950
489 25969
489 25969
289 25978
289 25980
289 26019
289 26019
289 26061
289 26062
289 26117
289 26126
289 26148
289 26152
289 26174
289 26180
289 26213
289 26214
289 26253
289 26255
289 26294
289 26296
289 26446
289 26446
289 26446
289 26446
289 26446
289 26446
289 26446
289 26446
289 26446
289 26475
289 26476
289 26477
289 26478
289 26527
289 26528
289 26887
289 26887
289 26894
289 26895
289 27206
289 27208
289 27208
289 27210
289 27259
289 27261
289 27301
289 27302
289 27342
289 27342
489 27399
489 27399
489 27399
489 27399
489 27399
489 27399
489 27399
489 27399
489 27399
489 27399
489 27399
489 27399
489 27399
489 27399
289 28199
289 28205
289 28259
289 28268
489 28412
489 28412
489 28412
489 28412
489 28412
489 28412
489 28412
489 28412
489 28412
489 28412
489 28412
489 28412
489 28412
489 28412
289 28418
289 28419
289 28429
289 28430
289 28451
289 28452
289 28453
289 28454
289 28462
289 28464
289 28467
289 28476
289 28558
289 28558
289 28563
289 28563
289 28565
289 28566
289 28567
289 28573
289 28574
289 28577
289 28584
289 28585
289 28613
289 28620
289 28621
