104 286
104 450
104 610
104 1350
104 1412
104 1501
104 1892
104 1990
104 2085
104 2343
104 2563
104 2933
105 3150
105 3150
105 3254
105 3254
104 3310
104 3399
126 3438
126 3444
104 3539
104 3656
104 3895
104 3897
104 4044
104 4305
104 4539
104 4542
104 4545
104 4590
105 4670
105 4670
104 4894
104 4914
126 5031
104 5072
104 5181
104 5238
104 5240
104 5243
104 5399
104 5403
104 5515
104 5651
104 5654
126 5888
104 5916
104 5918
105 6089
105 6089
105 6092
105 6092
105 6180
105 6180
105 6184
105 6184
105 6190
105 6190
105 6190
105 6190
105 6680
105 6680
105 6687
105 6687
105 6688
105 6688
105 6688
105 6688
126 6730
126 6837
104 6893
104 6899
104 6900
104 6900
104 6902
104 7215
104 7230
104 7233
104 7236
104 7238
105 7445
105 7445
105 7454
105 7454
105 7456
105 7456
104 7460
104 7621
104 7691
104 7724
104 7737
104 7739
104 7797
104 7797
104 7803
104 7804
104 7804
104 7806
104 7806
104 7807
104 8178
104 8181
105 8385
105 8385
105 8393
105 8393
105 8393
105 8393
107 8873
107 8879
107 8881
107 8881
107 8882
107 9027
107 9042
107 9341
107 9347
107 9348
105 9406
105 9406
105 9413
105 9413
105 9415
105 9415
105 9415
105 9415
105 9416
105 9416
105 9416
105 9416
105 9418
105 9418
105 9418
105 9418
105 9419
105 9419
105 9419
105 9419
107 9703
107 9708
107 9865
107 9868
105 9903
105 9903
107 10035
107 10039
107 10042
105 10064
105 10064
104 10068
105 10070
105 10070
105 10071
105 10071
105 10071
105 10071
126 10182
104 10192
126 10196
107 10198
9 10528
9 10534
9 10534
9 10535
9 10535
9 10537
9 10537
105 10850
105 10850
105 10942
105 10942
105 10945
105 10945
105 10965
105 10965
105 10968
105 10968
107 10979
107 10985
107 10987
107 10987
107 11063
105 11090
105 11090
107 11224
9 11274
9 11281
9 11282
9 11282
107 11364
105 12045
105 12045
105 12053
105 12053
105 12053
105 12053
105 12053
105 12053
105 12053
105 12053
105 12151
105 12151
105 12157
105 12157
105 12158
105 12158
9 12327
9 12333
9 12333
9 12335
9 12335
9 12336
9 12337
105 12355
105 12355
105 12358
105 12358
107 12492
105 12496
105 12496
105 12662
105 12662
105 12669
105 12669
