104 287
104 644
104 947
104 957
104 1417
104 1496
104 1571
104 2002
104 2064
104 2076
104 2232
104 2470
104 2706
105 3095
105 3095
104 3198
104 3227
104 3437
104 3440
126 3498
126 3501
104 3769
104 3772
104 4129
104 4191
104 4194
104 4413
104 4478
104 4479
105 4613
105 4613
105 4615
105 4615
105 4615
105 4615
105 4680
105 4680
105 4686
105 4686
105 4818
105 4818
105 4821
105 4821
105 5072
105 5072
105 5075
105 5075
105 5324
105 5324
104 5546
104 5549
104 5551
104 5554
104 5557
104 5560
104 5705
104 5767
104 5836
104 5839
104 5918
104 5921
104 5921
104 6006
104 6009
104 6075
126 6120
110 6358
110 6379
110 6533
110 6767
110 6774
110 6873
110 6876
110 7308
110 7311
110 7493
110 7504
110 7535
110 7538
110 7538
110 7540
110 7636
110 7637
110 7637
110 7730
110 7732
110 7848
110 7892
110 7993
110 8117
110 8120
110 8209
110 8212
110 8212
110 8315
110 8503
110 8505
110 8505
105 8528
105 8528
105 8532
105 8532
110 8572
105 8637
105 8637
105 8640
105 8640
105 8640
105 8640
104 8843
104 8846
104 8849
104 8946
104 8979
110 9168
110 9170
110 9278
110 9346
110 9572
110 9575
110 9575
110 9653
110 9738
110 9740
110 9742
110 9742
110 9867
110 10008
110 10072
110 10208
110 10296
110 10299
126 10391
126 10393
126 10396
110 10515
110 10516
110 10516
110 10518
110 10765
110 10768
110 10768
110 10768
110 10927
110 10929
110 11006
110 11009
110 11009
110 11010
110 11122
110 11180
110 11294
110 11340
110 11343
110 11345
110 11436
110 11439
110 11677
105 11711
105 11711
105 11713
105 11713
110 11754
110 11756
110 11867
110 11869
110 12022
110 12025
110 12025
