104 286
104 673
104 985
104 988
104 1127
104 1550
104 1613
104 2023
104 2082
104 2254
104 2543
104 2732
105 3203
105 3203
104 3332
104 3457
126 3578
126 3614
104 3696
110 4119
110 4122
110 4122
110 4364
104 4463
104 4816
110 4848
126 4908
104 4914
105 4965
105 4965
104 5367
104 5370
104 5373
104 5376
104 5760
104 5763
104 5766
104 6035
104 6037
104 6039
104 6198
104 6568
126 6950
104 7355
105 7486
105 7486
105 7489
105 7489
126 7849
105 7997
105 7997
105 7998
105 7998
105 8000
105 8000
105 8000
105 8000
105 8000
105 8000
105 8000
105 8000
105 8000
105 8000
105 8000
105 8000
105 8171
105 8171
105 8174
105 8174
105 8174
105 8174
105 8174
105 8174
105 8411
105 8411
105 8587
105 8587
105 8590
105 8590
105 8593
105 8593
126 9036
126 9059
126 9062
105 9134
105 9134
105 9135
105 9135
105 9135
105 9135
105 9292
105 9292
105 9294
105 9294
105 9295
105 9295
105 9295
105 9295
105 9295
105 9295
105 9295
105 9295
105 9295
105 9295
104 9314
104 9350
104 9352
104 9578
104 9582
104 9582
104 9922
104 9924
104 9955
105 9956
105 9956
105 9957
105 9957
105 9957
105 9957
105 10179
105 10179
105 10182
105 10182
105 10182
105 10182
126 10362
105 10421
105 10421
105 10422
105 10422
105 10424
105 10424
104 10510
104 10512
104 10512
104 10513
104 10513
104 10513
104 10594
104 10597
104 10597
104 10597
104 10771
104 10843
104 10846
104 11031
104 11034
110 11322
110 11459
110 11461
110 11463
110 11466
110 11469
110 11712
110 11715
110 11715
110 11715
110 11927
110 11930
110 11930
110 11930
110 12126
110 12128
110 12128
110 12128
105 12150
105 12150
105 12152
105 12152
105 12152
105 12152
110 12536
110 12539
110 12539
110 12539
110 12677
110 12680
110 12680
110 12897
110 12900
110 12901
110 12901
110 13045
110 13048
110 13323
110 13326
110 13326
110 13326
105 13343
105 13343
105 13428
105 13428
110 13473
104 13512
110 13575
110 13698
110 13700
110 13849
110 13852
110 13852
