104 286
104 670
104 961
104 964
104 1210
104 1505
104 1590
104 1990
104 2103
104 2103
104 2245
104 2722
105 3085
105 3085
105 3165
105 3165
126 3496
126 3578
104 3592
104 3710
104 3713
104 4102
104 4105
105 4246
105 4246
105 4466
105 4466
105 4469
105 4469
126 4485
104 4541
104 4544
105 5007
105 5007
105 5010
105 5010
105 5010
105 5010
105 5253
105 5253
105 5256
105 5256
105 5256
105 5256
126 5378
105 5466
105 5466
105 5469
105 5469
105 5469
105 5469
105 5469
105 5469
105 5469
105 5469
105 5471
105 5471
105 5750
105 5750
105 5751
105 5751
105 5751
105 5751
105 5751
105 5751
105 5753
105 5753
104 5890
104 5893
104 5896
104 5897
104 5956
104 6134
104 6137
104 6270
104 6808
104 6824
104 6857
104 6903
104 6935
104 6969
104 6998
104 7131
104 7195
104 7272
126 7298
104 7348
104 7351
104 7352
104 7355
104 7391
104 7394
104 7558
104 7561
104 7564
104 7565
104 7814
104 7817
104 7820
104 7964
104 7967
104 7970
104 7983
104 8073
104 8076
104 8078
104 8125
104 8128
104 8168
104 8187
104 8207
104 8217
104 8397
104 8399
104 8402
104 8579
104 8593
104 8596
104 8767
126 8814
104 8885
104 8992
104 9170
110 9461
110 9463
110 9463
110 9788
110 9789
110 9789
110 9791
110 10076
110 10079
110 10080
110 10080
110 10316
110 10319
126 10333
126 10333
110 10847
110 10849
110 10850
110 10850
110 10966
110 10968
110 10971
110 10974
110 10977
110 10980
110 11200
110 11202
110 11202
110 11202
110 11203
104 11296
104 11299
110 11438
110 11441
110 11441
110 11441
110 11825
110 11828
110 11828
110 11828
110 11828
110 11829
110 11829
110 12245
110 12248
110 12251
110 12267
110 12270
110 12273
110 12275
110 12288
