104 284
104 675
104 971
104 971
104 1055
104 1393
104 1911
104 1980
105 2464
105 2464
105 2466
105 2466
104 2525
104 2591
104 2743
126 2920
104 2999
104 3232
104 3456
126 3854
110 3957
110 3960
110 3962
110 4095
110 4193
104 4226
104 4299
104 4591
104 4653
104 4763
104 4765
104 4862
104 4928
104 5009
104 5317
104 5426
104 5513
104 5766
104 5823
104 5829
104 5832
110 5841
110 5844
104 5889
104 5960
126 5986
104 6085
104 6117
104 6146
104 6637
104 6670
104 6727
104 6729
104 6854
104 7059
110 7105
110 7296
110 7375
110 7590
104 7604
104 7607
110 7899
110 8030
110 8275
110 8533
104 8580
110 8684
104 8718
104 8728
104 8800
110 8813
110 8816
