104 286
104 646
104 954
104 954
104 1414
104 1498
104 1874
104 1943
104 2012
104 2232
104 2494
104 3028
105 3127
105 3127
104 3204
104 3215
126 3405
104 3433
104 3451
126 3526
104 3679
104 3735
104 3913
104 3961
104 4187
104 4374
104 4440
104 4486
104 4528
104 4603
104 4622
104 4819
104 4822
104 5131
104 5135
104 5138
104 5200
104 5203
104 5302
104 5312
104 5492
104 5574
104 5574
104 5589
104 5638
104 5651
104 5750
104 5823
104 5826
104 5960
104 5963
104 5965
126 5971
110 6265
110 6268
110 6347
110 6471
110 6474
110 6589
104 6638
110 6639
110 6739
110 6995
110 6999
110 7029
110 7063
110 7221
110 7224
110 7280
110 7477
110 7553
110 7556
110 7741
110 7797
110 7859
110 7900
110 7946
110 8047
110 8050
110 8109
110 8234
110 8237
110 8470
110 8473
110 8475
110 8475
110 8475
110 8521
110 8633
110 8637
110 8739
110 8742
110 8788
110 8836
110 8971
110 8974
110 8976
126 9054
110 9121
110 9124
110 9284
110 9288
110 9288
110 9436
110 9439
110 9441
110 9441
110 9639
110 9643
110 9643
110 10006
110 10009
110 10011
110 10011
110 10100
110 10104
110 10104
110 10104
110 10202
110 10205
110 10205
110 10205
