104 292
104 653
104 957
104 961
104 1040
104 1360
104 1862
105 2466
105 2466
105 2472
105 2472
105 2474
105 2474
104 2745
104 2778
104 2811
104 2874
126 2897
104 3078
104 3333
104 3443
104 3578
104 3669
126 3735
104 3857
104 3905
126 3952
110 4874
110 4881
110 4882
110 4882
110 4884
110 4884
104 5039
104 5042
104 5046
104 5049
104 5053
104 5325
104 5407
104 5410
104 5413
104 5445
104 5582
104 5727
104 5730
104 5733
104 5760
104 5763
104 6165
104 6168
104 6298
104 6303
104 6306
104 6309
104 6373
