104 283
104 747
104 967
104 970
104 1497
104 1513
104 1591
104 2008
104 2086
104 2264
104 2535
105 3105
105 3105
105 3144
105 3144
104 3226
104 3266
104 3436
104 3535
126 3551
126 3574
104 3694
104 3931
104 3934
104 4166
104 4540
104 4542
104 4550
104 4553
104 4556
104 4559
104 4638
104 4639
104 4683
126 4785
104 5022
104 5028
105 5663
105 5663
105 5666
105 5666
104 5732
104 5735
110 5983
110 5988
110 5988
110 5990
110 5991
110 5991
110 6043
126 6054
110 6174
110 6177
104 6194
104 6200
104 6201
104 6203
104 6203
104 6463
104 6486
104 6557
104 7206
104 7212
104 7212
104 7213
104 7249
104 7277
104 7298
104 7304
104 7305
104 7305
104 7307
110 7601
110 7606
110 7608
110 7611
110 7791
110 7796
110 7798
104 7861
104 7864
104 7891
104 8022
104 8025
104 8041
104 8047
104 8048
104 8147
104 8153
104 8155
104 8218
104 8356
104 8362
104 8363
110 8623
110 8628
104 8630
110 8630
104 8633
110 8850
110 8957
110 8998
104 9020
110 9067
110 9070
104 9123
104 9125
110 9452
110 9459
110 9459
110 9547
110 9783
110 9789
110 9790
110 9790
110 10020
104 10024
110 10026
110 10026
110 10212
110 10218
110 10219
110 10346
110 10351
110 10429
110 10435
110 10435
110 10436
110 10540
110 10546
110 10752
110 10960
110 10966
110 10966
110 10968
110 10968
110 11054
110 11060
110 11060
110 11234
110 11240
110 11241
110 11277
105 11357
105 11357
110 11371
110 11376
110 11378
110 11483
110 11489
110 11638
110 11644
110 11646
110 11710
110 11716
110 11716
105 11802
105 11802
105 11808
105 11808
110 11811
110 11817
110 11998
110 12004
110 12004
105 12060
105 12060
105 12065
105 12065
105 12065
105 12065
105 12067
105 12067
105 12290
105 12290
110 12328
105 12396
105 12396
105 12402
105 12402
105 12404
105 12404
105 12525
105 12525
110 12568
110 12571
110 12768
110 12774
110 12774
110 12775
110 12775
110 12777
110 12902
110 12908
110 12909
105 12919
105 12919
105 12925
105 12925
105 12925
105 12925
105 12926
105 12926
105 12926
105 12926
105 12974
105 12974
110 13086
110 13092
