104 290
104 653
104 961
104 961
104 1095
104 1286
104 1548
104 1582
104 2010
104 2195
105 2625
105 2625
126 3251
110 3580
110 3582
110 3587
104 3725
110 3778
126 4092
104 4252
104 4257
104 4446
104 4450
104 4633
104 4637
104 4640
104 4770
104 4778
104 4950
104 4954
104 5304
104 5308
104 5311
104 5315
104 5318
104 5698
104 5906
104 5910
104 5914
104 5918
105 6403
105 6403
105 6415
105 6415
105 6415
105 6415
105 6416
105 6416
105 6416
105 6416
110 6604
126 6868
105 6937
105 6937
105 6940
105 6940
104 7015
104 7205
104 7210
104 7213
105 7245
105 7245
105 7248
105 7248
105 7253
105 7253
105 7255
105 7255
126 7399
104 7433
104 7437
104 7712
104 7716
104 7800
104 7870
104 7889
104 7939
104 7944
104 7947
104 8243
104 8248
104 8252
104 8255
104 8259
126 8302
104 8361
104 8391
104 8512
104 8517
104 8679
104 8684
104 8688
104 8692
104 8697
104 9028
104 9064
104 9068
104 9072
104 9077
104 9080
105 9367
105 9367
105 9379
105 9379
105 9379
105 9379
105 9380
105 9380
105 9577
105 9577
105 9589
105 9589
104 9660
104 9662
105 9810
105 9810
105 9822
105 9822
105 9822
105 9822
105 9823
105 9823
105 9823
105 9823
105 9825
105 9825
126 9868
9 9899
9 9902
9 9906
9 9909
9 9913
9 9918
9 9921
9 10247
9 10252
9 10255
9 10259
9 10262
105 10363
105 10363
105 10376
105 10376
