104 300
104 693
104 977
104 980
104 1068
104 1561
104 1613
104 2058
104 2113
104 2117
104 2311
104 2877
104 2973
105 3238
105 3238
105 3373
105 3373
105 3507
105 3507
104 3526
126 3562
126 3673
104 3775
104 3882
104 4020
104 4204
104 4207
104 4439
104 4577
104 4633
104 4637
104 4750
104 4753
104 4794
126 4814
104 4858
104 5046
104 5143
105 5412
105 5412
105 5437
105 5437
105 5442
105 5442
105 5445
105 5445
104 5554
104 5557
104 6038
104 6139
126 6344
126 6504
105 6529
105 6529
105 6533
105 6533
105 6634
105 6634
105 6636
105 6636
104 6666
104 6668
104 6673
104 6825
104 6828
104 7118
108 7641
108 7646
108 7648
108 7651
108 7656
108 7659
105 7671
105 7671
108 7813
105 7949
105 7949
105 7954
105 7954
108 8085
105 8660
105 8660
105 8665
105 8665
105 8668
105 8668
105 9122
105 9122
105 9220
105 9220
105 9376
105 9376
105 9379
105 9379
105 9774
105 9774
105 9779
105 9779
105 9782
105 9782
105 9785
105 9785
105 9985
105 9985
105 9989
105 9989
105 9992
105 9992
108 10117
105 10330
105 10330
105 10334
105 10334
105 10337
105 10337
105 10340
105 10340
105 10343
105 10343
105 10346
105 10346
104 10499
104 10502
104 10703
104 10706
104 10948
104 10951
104 11105
126 11379
105 11451
105 11451
105 11454
105 11454
105 11459
105 11459
104 11639
104 11643
104 11685
104 11689
104 12038
104 12042
104 12045
104 12065
104 12069
104 12072
104 12128
126 12472
104 12544
104 12645
104 12649
104 12657
104 12949
104 12953
104 12956
105 12972
105 12972
105 12974
105 12974
105 12977
105 12977
108 12997
104 13290
104 13293
108 13366
104 13413
108 13464
108 13652
108 13949
108 13956
108 14395
105 14480
105 14480
105 14483
105 14483
105 14486
105 14486
105 14490
105 14490
105 14493
105 14493
105 14496
105 14496
105 14499
105 14499
105 14503
105 14503
105 14506
105 14506
105 14791
105 14791
105 14794
105 14794
105 14797
105 14797
105 14801
105 14801
9 14869
9 14872
9 14877
9 14880
9 14884
9 14887
9 14891
9 14894
9 14898
105 15003
105 15003
105 15005
105 15005
105 15008
105 15008
105 15013
105 15013
105 15016
105 15016
105 15018
105 15018
105 15021
105 15021
105 15024
105 15024
