104 290
104 652
104 980
104 984
104 1270
104 1361
104 1881
105 2392
105 2392
105 2396
105 2396
105 2396
105 2396
104 2454
104 2520
104 2769
126 2868
104 3031
104 3293
104 3471
104 3500
126 3676
110 3961
110 3965
104 4044
104 4047
104 4052
110 4073
104 4858
104 4911
104 4914
104 4963
104 5203
104 5206
104 5229
104 5291
104 5348
105 6051
105 6051
105 6056
105 6056
105 6058
105 6058
105 6058
105 6058
105 6058
105 6058
105 6059
105 6059
105 6313
105 6313
105 6318
105 6318
105 6320
105 6320
105 6320
105 6320
105 6320
105 6320
105 6544
105 6544
105 6549
105 6549
105 6757
105 6757
105 6763
105 6763
105 6763
105 6763
