104 287
104 650
104 960
104 960
104 1318
104 1321
104 1571
104 1943
104 1976
104 1986
104 2066
104 2269
104 2483
104 2737
105 3277
105 3277
105 3445
105 3445
105 3493
105 3493
126 3510
126 3658
105 3703
105 3703
105 3707
105 3707
105 4027
105 4027
105 4030
105 4030
105 4212
105 4212
105 4332
105 4332
105 4476
105 4476
105 4528
105 4528
105 4739
105 4739
105 4742
105 4742
105 4742
105 4742
105 4744
105 4744
105 4782
105 4782
105 4785
105 4785
105 4787
105 4787
105 5011
105 5011
105 5016
105 5016
