106 690
89 915
88 1446
86 1669
97 2106
106 3306
138 4020
106 4547
87 4589
106 4726
87 5436
86 5685
87 6051
99 6219
106 6326
106 6437
99 6477
106 6532
87 6584
106 6713
106 7017
99 7097
90 7243
96 7446
90 7653
88 7696
88 8485
106 8594
106 8933
86 10375
106 10428
138 10497
88 10553
138 10786
88 11033
88 11073
87 11087
87 12276
92 13312
106 13654
106 14214
106 14218
106 14221
88 14334
88 14365
106 14369
106 14374
289 14449
289 14449
289 14449
289 14449
289 14449
289 14449
289 14449
289 14449
289 14449
106 14565
106 14569
138 14578
138 14985
86 15005
87 15052
87 15116
138 15512
