104 767
104 882
104 964
105 1803
105 1803
105 1807
105 1807
105 1845
105 1845
105 2085
105 2085
105 2324
105 2324
104 2483
126 2904
104 2933
104 3172
104 3517
104 3726
104 3731
126 3756
104 3978
104 3981
105 4050
105 4050
104 4211
104 4234
104 4321
126 4329
104 4462
104 4466
104 4634
126 4656
104 4760
104 4764
104 4833
104 4938
104 4943
104 5006
104 5010
104 5046
104 5197
104 5285
104 5347
104 5351
104 5504
104 5888
104 5893
104 5895
104 5927
104 6038
104 6042
104 6144
104 6177
104 6209
104 6214
104 6467
110 6945
110 6949
110 6954
110 7365
110 7373
110 7427
110 7432
110 7436
110 7685
110 7689
110 7728
110 7871
110 7875
110 8108
110 8120
110 8120
110 8121
110 8122
110 8226
110 8230
110 8310
110 8393
110 8399
104 8594
104 8599
110 8603
104 8603
104 8803
104 8807
126 8904
104 8972
104 9008
104 9068
104 9072
104 9370
104 9375
104 9377
126 9482
104 9592
104 9596
110 9808
110 9811
110 9815
110 9820
126 9933
110 10025
110 10207
110 10361
110 10365
110 10369
110 10374
110 10649
110 10652
110 10798
110 10803
110 10807
104 10965
110 11148
110 11160
110 11161
110 11161
110 11163
104 11282
104 11285
104 11325
104 11329
110 11661
110 11672
110 11674
110 11674
110 11769
110 11773
110 12003
110 12015
110 12016
110 12016
110 12018
110 12021
104 12084
104 12088
104 12091
104 12095
104 12305
104 12371
104 12402
104 12406
104 12409
104 12413
110 12861
110 12871
110 12873
110 13214
110 13225
110 13227
110 13227
110 13241
110 13444
110 13456
110 13456
110 13457
110 13751
110 13761
110 13762
110 13762
110 13764
110 13765
110 13767
110 14006
110 14059
110 14070
110 14072
110 14072
110 14073
110 14073
