104 287
104 663
104 985
104 988
104 1453
104 1534
104 1604
104 2029
104 2100
104 2265
104 2517
104 2753
105 3134
105 3134
105 3137
105 3137
104 3232
126 3539
126 3542
104 3700
104 3703
104 3706
104 3995
104 3998
104 4231
104 4234
105 4738
105 4738
105 4742
105 4742
105 4744
105 4744
104 4849
104 4852
104 4964
104 4967
9 5198
9 5201
126 5324
105 5378
105 5378
105 5381
105 5381
105 5413
105 5413
104 5436
105 5524
105 5524
105 5527
105 5527
104 5579
104 5582
9 5728
9 5745
104 5746
104 5999
104 6002
104 6035
104 6062
104 6211
104 6227
104 6229
104 6532
104 6548
104 6557
104 6590
104 6601
104 6623
104 6815
104 6818
104 7002
104 7005
104 7010
104 7156
104 7182
104 7185
104 7277
105 7787
105 7787
105 7792
105 7792
105 7794
105 7794
105 7794
105 7794
105 7795
105 7795
105 7795
105 7795
105 7797
105 7797
104 7892
104 7895
108 8411
108 8419
108 8419
108 8420
108 8420
108 8486
108 8653
108 8656
108 8773
108 8835
108 8888
105 8889
105 8889
108 9030
105 9049
105 9049
105 9138
105 9138
108 9190
