104 293
104 672
104 993
104 996
104 1357
104 1360
104 1396
104 1429
104 1443
104 1544
104 1816
105 2438
105 2438
105 2442
105 2442
105 2690
105 2690
104 2740
105 2848
105 2848
104 3500
104 3505
126 3507
104 3707
104 3850
104 3951
104 4312
126 4388
126 4404
104 4568
104 4571
104 4604
104 4659
104 4780
104 4968
104 4973
104 5002
105 5174
105 5174
105 5178
105 5178
105 5465
105 5465
105 5469
105 5469
104 5488
104 5492
104 5495
104 5615
104 5619
104 5622
104 5682
104 5692
104 5855
104 6055
104 6060
104 6062
104 6239
105 6413
105 6413
105 6416
105 6416
105 6421
105 6421
105 6423
105 6423
126 6563
104 6854
104 6857
104 6861
105 6874
105 6874
105 6877
105 6877
105 6881
105 6881
104 7067
104 7086
104 7090
104 7093
104 7096
104 7352
9 7556
105 7591
105 7591
105 7595
105 7595
105 7598
105 7598
105 7601
105 7601
9 7605
9 7607
9 7612
9 7615
9 7618
105 7713
105 7713
105 7716
105 7716
105 7719
105 7719
105 7723
105 7723
9 7776
9 7779
105 7880
105 7880
105 7883
105 7883
105 7886
105 7886
105 8109
105 8109
105 8112
105 8112
105 8116
105 8116
105 8119
105 8119
105 8122
105 8122
105 8125
105 8125
105 8328
105 8328
105 8332
105 8332
105 8335
105 8335
126 8607
105 8678
105 8678
105 8682
105 8682
105 8685
105 8685
105 8688
105 8688
105 8691
105 8691
105 8695
105 8695
105 8832
105 8832
105 8835
105 8835
105 8922
105 8922
105 8927
105 8927
105 8930
105 8930
104 9290
104 9294
104 9297
104 9300
104 9534
104 9537
104 9592
104 9691
104 9860
126 9882
126 9916
104 10048
104 10051
104 10158
104 10326
104 10441
104 10446
104 10448
104 10451
104 10715
104 10719
105 11169
105 11169
105 11172
105 11172
105 11177
105 11177
105 11179
105 11179
105 11184
105 11184
105 11187
105 11187
105 11189
105 11189
105 11198
105 11198
105 11202
105 11202
9 11279
9 11284
9 11287
9 11290
9 11294
104 11371
104 11375
104 11378
104 11534
104 11537
104 11540
104 11715
104 11744
104 11747
104 11750
9 11819
9 11822
126 11922
105 12039
105 12039
105 12042
105 12042
108 12144
126 12249
126 12263
105 12289
105 12289
105 12294
105 12294
105 12298
105 12298
105 12301
105 12301
9 12529
9 12532
9 12536
9 12539
9 12542
105 12921
105 12921
105 12925
105 12925
105 12928
105 12928
105 12931
105 12931
105 12934
105 12934
9 13090
9 13095
105 13193
105 13193
105 13196
105 13196
105 13200
105 13200
105 13203
105 13203
105 13206
105 13206
105 13305
105 13305
105 13308
105 13308
105 13313
105 13313
