106 708
86 1149
88 1595
89 1698
86 3118
106 3641
138 3651
87 4210
138 4294
106 4325
97 4730
87 4959
87 4988
106 5271
88 5585
88 5595
106 5674
87 5720
87 5731
138 5781
138 5882
87 6424
87 6451
106 6467
106 6470
99 6573
106 6765
90 6947
87 6969
87 7013
87 7025
87 7049
138 7096
138 7137
138 7142
88 7186
88 7193
106 7316
106 7410
106 7574
106 7689
106 7709
12 7866
15 7873
99 7960
88 7962
138 8182
138 8185
87 8218
87 8360
87 8362
87 8365
87 8373
87 8400
86 8412
87 8413
94 8686
87 8759
106 8855
87 8910
87 8948
87 8948
87 8948
87 8953
87 8970
87 9120
106 9222
106 9225
106 9228
106 9297
106 9350
106 9415
138 9514
106 9579
87 9907
138 9912
12 9915
12 9917
138 9942
92 10138
15 10180
15 10202
88 10516
88 10520
87 10543
87 10590
87 10593
87 10633
87 10753
138 10771
138 10806
106 10807
138 10842
106 11368
86 11747
106 11917
106 12049
106 12052
87 12131
87 12144
138 12488
138 12553
138 12582
90 12630
138 12637
106 12654
99 12677
87 12696
98 12726
98 12727
98 12728
87 12794
87 12805
87 12837
87 12843
87 12950
88 13368
138 13386
138 13397
87 13422
87 13423
12 13451
138 13451
138 13453
12 13454
87 13723
138 13784
138 13804
12 13818
15 13825
88 13954
98 13970
98 14044
99 14253
91 14511
138 14514
138 14522
138 14566
106 14807
87 15256
87 15258
87 15259
138 15269
138 15269
86 15429
98 15525
87 15554
87 15555
87 15557
87 15559
87 15564
87 15564
12 15574
12 15575
15 15637
15 15638
138 16314
138 16322
138 16339
138 16340
138 16635
138 16636
289 16667
289 16668
289 16674
289 16676
289 16681
289 16683
289 16684
289 16684
289 16685
289 16686
289 16691
289 16694
289 16698
289 16699
289 16735
289 16738
289 16739
289 16744
289 16752
289 16757
289 16770
289 16773
289 16774
289 16779
289 16784
289 16785
289 16787
289 16789
289 16791
289 16791
289 16793
289 16798
289 16799
289 16801
289 16814
289 16815
106 16851
106 16860
98 16980
98 17008
87 17089
12 17785
12 17907
12 17910
15 17914
15 17917
15 17984
138 18307
106 18318
138 18346
98 18359
138 18378
98 18397
138 18536
138 18542
88 18573
12 18605
88 18606
12 18695
15 18702
106 18744
99 18816
99 18834
99 18861
99 18867
99 18892
99 18899
99 18900
99 18907
99 18925
138 18947
138 18956
289 19092
289 19092
289 19092
289 19092
289 19092
289 19092
289 19092
289 19092
289 19092
106 19112
106 19115
87 19169
87 19170
289 19237
289 19238
15 19244
289 19245
289 19247
289 19247
289 19249
289 19254
289 19254
289 19255
289 19255
289 19256
289 19262
289 19263
86 19270
289 19274
289 19278
289 19279
289 19279
289 19281
289 19290
289 19290
289 19291
106 19292
106 19295
289 19299
289 19302
289 19303
289 19306
289 19306
289 19317
289 19336
289 19713
289 19713
289 19713
289 19713
289 19713
289 19713
289 19713
289 19713
289 19713
12 19918
15 19925
86 20049
99 20159
99 20193
96 20393
12 20962
12 20965
12 20965
87 21004
87 21011
87 21014
87 21050
87 21052
87 21059
87 21062
138 21144
138 21170
138 21187
138 21251
99 21517
92 21952
12 22004
12 22007
15 22299
87 22331
15 22340
15 22345
15 22348
289 22427
289 22430
289 22446
289 22447
289 22448
289 22448
289 22448
289 22449
289 22450
289 22451
289 22452
289 22453
289 22454
289 22455
289 22455
289 22455
99 22554
99 22557
99 22602
99 22834
99 22859
289 22903
289 22903
289 22903
289 22904
289 22904
289 22904
289 22904
289 22904
289 22905
289 22905
289 22905
289 22905
289 22905
289 22906
289 22906
289 22906
289 22906
289 22906
289 22907
289 22907
289 22907
289 22907
289 22907
12 22908
289 22909
289 22909
289 22909
289 22910
289 22910
12 22911
12 22911
99 22922
99 22929
138 22944
99 22946
138 22948
289 22956
289 22957
289 22957
289 22957
289 22958
289 22958
289 22958
289 22960
289 22960
289 22960
289 22961
289 22961
289 22962
289 22962
289 22996
289 22997
289 22997
289 22997
289 22998
289 22998
289 22998
289 22999
289 23000
289 23000
289 23001
289 23001
289 23003
289 23003
12 23150
87 23227
87 23231
87 23237
15 23293
87 23445
87 23451
15 23614
15 23627
15 23630
15 23982
289 24368
289 24369
289 24374
289 24375
289 24381
289 24382
289 24382
289 24384
289 24384
289 24388
289 24389
289 24392
289 24392
289 24394
289 24396
289 24398
289 24403
289 24403
87 24403
289 24406
289 24407
289 24408
289 24408
289 24410
289 24411
289 24412
289 24413
289 24415
289 24419
289 24421
289 24425
289 24429
289 24434
289 24438
289 24440
289 24442
289 24454
289 24458
289 24459
289 24459
289 24460
289 24466
289 24467
289 24469
289 24476
289 24476
289 24482
12 24484
12 24486
289 24488
15 24491
15 24493
289 24500
289 24500
289 24503
289 24503
289 24506
289 24507
289 24509
289 24509
289 24511
289 24512
289 24523
289 24524
289 24538
289 24540
289 24540
289 24540
289 24542
289 24546
289 24547
289 24547
289 24548
289 24550
289 24553
289 24553
289 24579
289 24580
289 24581
289 24581
289 24584
289 24587
98 24658
98 24669
87 24747
87 24748
87 24748
138 24802
138 24806
87 24823
138 24858
138 24879
824 25097
824 25122
824 25165
87 25405
87 25407
87 25411
87 25413
87 25415
87 25416
99 25554
99 25605
99 25617
99 25625
99 25640
289 25849
289 25851
289 25855
289 25855
289 25859
289 25860
289 25862
289 25866
289 25870
289 25872
289 25873
289 25873
289 25874
289 25874
289 25874
289 25875
289 25876
289 25877
289 25885
289 25886
289 25889
289 25889
289 25900
289 25905
289 25909
289 25910
289 25910
289 25910
289 25912
289 25913
289 25920
289 25920
289 25922
289 25924
289 25925
289 25998
289 25999
289 26003
289 26006
289 26007
289 26007
289 26008
289 26009
289 26010
289 26011
289 26011
289 26011
289 26013
289 26014
289 26015
289 26015
289 26016
289 26016
289 26016
289 26017
289 26017
289 26018
289 26018
289 26020
289 26022
289 26022
289 26023
289 26025
289 26025
289 26027
289 26029
289 26033
289 26068
289 26076
289 26079
289 26079
289 26080
289 26080
289 26082
289 26083
289 26083
289 26085
289 26085
289 26087
289 26090
289 26090
289 26097
289 26105
289 26114
289 26115
289 26119
289 26119
289 26121
289 26122
289 26122
289 26124
289 26125
289 26125
289 26128
289 26128
289 26129
289 26131
289 26163
289 26167
289 26168
289 26168
289 26171
289 26174
289 26185
289 26202
289 26205
289 26206
289 26206
289 26207
289 26232
289 26236
289 26264
289 26265
289 26269
289 26271
289 26274
289 26275
289 26277
289 26277
289 26283
289 26288
289 26289
289 26291
289 26292
289 26293
289 26293
289 26295
289 26295
289 26298
289 26347
289 26348
289 26348
289 26348
289 26348
289 26348
289 26348
289 26349
289 26350
289 26352
289 26352
289 26353
289 26354
289 26354
289 26358
289 26359
289 26361
91 26599
289 26631
289 26631
289 26631
289 26631
289 26631
289 26631
87 26916
87 26923
12 27164
12 27167
12 27167
12 27167
289 27188
289 27192
289 27195
289 27197
289 27198
289 27199
289 27200
289 27200
289 27202
289 27203
289 27204
289 27204
289 27205
289 27205
289 27206
289 27210
289 27215
289 27263
289 27265
289 27303
289 27306
289 27307
289 27307
289 27308
289 27309
289 27311
289 27311
289 27314
289 27318
289 27321
289 27321
289 27321
289 27321
289 27322
289 27322
289 27323
289 27323
289 27333
289 27334
289 27335
289 27337
289 27338
289 27341
289 27344
289 27344
289 27347
289 27347
289 27348
289 27350
289 27352
289 27353
289 27403
289 27403
99 27403
289 27404
289 27405
289 27405
289 27405
289 27406
289 27407
289 27407
289 27408
289 27408
289 27408
289 27409
289 27409
289 27409
289 27409
289 27409
289 27412
289 27413
289 27414
289 27415
289 27417
289 27418
289 27418
289 27420
289 27422
99 27441
99 27468
15 27486
15 27486
15 27486
15 27491
99 27539
99 27541
99 27556
289 27629
289 27630
289 27641
289 27643
289 27645
289 27648
289 27648
289 27662
289 27663
289 27667
289 27668
289 27672
289 27673
289 27682
289 27683
289 27687
289 27690
289 27692
289 27693
289 27693
289 27693
289 27694
289 27694
289 27695
289 27695
289 27696
289 27696
289 27697
289 27698
289 27702
289 27702
289 27703
289 27704
289 27733
289 27735
289 27741
289 27742
289 27745
289 27745
289 27748
289 27749
289 27749
289 27750
289 27751
289 27753
289 27753
289 27756
289 27756
289 27758
289 27759
289 27766
289 27768
289 27768
289 27769
289 27771
289 27782
289 27792
289 27795
289 27797
289 27797
289 27797
289 27798
289 27800
289 27803
289 27805
289 27805
289 27806
289 27811
289 27815
289 27819
289 27822
289 27824
91 27902
289 28062
289 28062
289 28062
289 28062
289 28062
289 28062
289 28062
289 28062
289 28062
289 28065
289 28065
289 28065
289 28065
289 28065
289 28065
12 28191
12 28192
15 28198
15 28199
150 28395
150 28396
150 28402
87 28932
87 28954
87 28956
87 28958
87 28959
87 28963
88 29045
289 29134
289 29134
289 29134
289 29134
289 29134
289 29134
289 29134
289 29134
289 29134
289 29224
289 29225
289 29225
289 29226
289 29227
289 29229
824 29405
12 29460
86 29593
87 29721
87 29722
87 29722
87 29723
87 29734
87 29752
289 30040
289 30041
289 30042
289 30044
289 30046
289 30047
289 30050
289 30051
289 30052
289 30053
289 30053
289 30055
289 30055
289 30056
289 30056
289 30057
289 30060
289 30061
289 30061
289 30062
289 30063
289 30064
289 30069
289 30072
289 30077
289 30078
289 30078
289 30078
289 30081
289 30097
289 30098
289 30099
289 30102
289 30105
289 30106
289 30109
289 30111
289 30112
289 30114
289 30119
289 30123
289 30125
289 30237
289 30239
289 30240
289 30240
289 30242
289 30251
289 30260
289 30262
289 30264
289 30267
289 30274
289 30274
99 30274
289 30275
289 30278
289 30279
289 30279
289 30281
289 30282
289 30282
289 30283
289 30288
289 30288
289 30289
289 30292
289 30293
289 30293
289 30294
289 30294
289 30296
289 30297
99 30299
99 30302
289 30304
289 30306
289 30307
289 30309
289 30311
99 30314
289 30314
289 30319
289 30328
289 30389
289 30394
289 30398
289 30400
289 30403
289 30406
289 30409
289 30411
289 30412
289 30415
289 30415
289 30511
289 30513
289 30513
289 30514
289 30516
289 30517
289 30518
289 30518
289 30518
289 30520
289 30520
289 30520
289 30521
289 30524
289 30525
289 30526
289 30529
92 30582
289 30702
289 30702
289 30702
289 30702
289 30702
289 30702
289 30702
289 30702
289 30702
289 30703
289 30703
289 30711
289 30712
289 30718
289 30719
289 30750
289 30753
87 30754
289 30757
289 30759
289 30767
289 30768
289 30770
289 30770
289 30776
289 30776
289 30778
289 30779
289 30780
289 30784
289 30787
289 30788
289 30789
289 30789
289 30789
289 30790
289 30791
289 30793
289 30795
289 30795
289 30796
289 30797
289 30797
289 30801
289 30805
138 30857
289 30867
289 30867
289 30867
289 30867
289 30867
289 30867
289 30915
289 30915
289 30916
289 30916
289 30923
289 30925
289 30925
289 30928
289 30933
289 30935
289 30935
289 30938
289 30940
289 30941
289 30944
289 30945
289 30945
289 30946
289 30946
289 30949
289 30950
289 30951
289 30957
289 30957
289 30959
289 30959
289 30959
289 30959
289 31019
289 31019
289 31019
289 31019
289 31019
289 31019
138 31024
289 31427
289 31429
289 31435
289 31436
289 31438
289 31439
289 31440
289 31440
289 31441
289 31442
289 31442
289 31442
289 31442
289 31443
289 31443
289 31443
289 31443
289 31443
289 31444
289 31444
289 31448
289 31448
289 31449
289 31450
289 31451
289 31451
289 31455
289 31456
289 31458
289 31459
289 31460
289 31481
289 31482
289 31483
289 31485
289 31488
289 31510
289 31511
289 31515
289 31515
289 31515
289 31518
289 31518
289 31555
289 31555
289 31555
289 31555
289 31555
289 31555
289 31555
289 31555
289 31555
31 31633
824 31745
824 31831
824 31990
150 32111
289 32125
289 32125
289 32125
289 32125
289 32125
289 32125
289 32551
289 32551
289 32551
289 32551
289 32551
289 32551
289 32551
289 32551
289 32551
289 32607
289 32607
289 32608
289 32608
289 32609
289 32609
289 32609
289 32609
289 32610
289 32610
289 32611
289 32617
12 32770
12 32773
12 32773
12 32773
12 32773
15 32777
15 32780
15 32780
15 32780
15 32780
289 32857
289 32857
289 32857
289 32857
289 32857
289 32857
12 32873
12 32876
12 32876
12 32876
12 32876
12 32878
12 32878
12 32878
289 32988
289 32988
289 32988
289 32988
289 32988
289 32988
289 33150
289 33150
289 33150
289 33150
289 33150
289 33150
289 33163
289 33163
289 33163
289 33163
289 33163
289 33163
289 33281
289 33281
289 33281
289 33281
289 33281
289 33281
289 33323
289 33323
289 33323
289 33323
289 33323
289 33323
87 33647
87 33664
87 33665
289 33940
289 33941
289 33947
289 33951
289 33964
289 33966
289 33970
289 33973
289 33976
289 33978
289 33993
289 33995
289 33996
289 34003
289 34004
289 34006
289 34007
289 34008
289 34011
289 34012
289 34013
289 34015
289 34016
289 34017
289 34028
289 34029
289 34030
289 34032
289 34049
289 34135
289 34139
289 34139
289 34140
289 34140
289 34141
289 34142
289 34142
289 34142
289 34143
289 34144
289 34144
289 34145
289 34146
289 34146
289 34146
289 34148
289 34148
289 34148
289 34149
289 34150
289 34150
289 34150
289 34151
289 34151
289 34152
289 34152
289 34153
289 34187
289 34191
289 34191
289 34192
289 34192
289 34193
289 34194
289 34195
289 34196
289 34198
289 34200
289 34201
289 34201
289 34202
289 34455
289 34458
289 34460
289 34462
289 34463
289 34463
289 34467
289 34468
289 34469
289 34470
289 34471
289 34472
289 34475
289 34476
289 34478
289 34479
289 34480
289 34482
289 34510
289 34528
289 34536
289 34536
289 34538
289 34540
289 34544
289 34549
289 34555
289 34617
289 34619
289 34619
289 34623
289 34625
289 34626
289 34629
289 34629
289 34634
289 34634
289 34635
289 34639
289 34640
289 34641
289 34641
289 34645
289 34645
289 34655
289 34657
12 34661
12 34664
12 34664
15 34668
15 34671
15 34671
