104 287
104 682
104 984
104 988
104 1452
104 1532
104 1613
104 2017
104 2313
104 2449
104 2452
104 2828
105 3562
105 3562
105 3566
105 3566
105 3891
105 3891
105 3894
105 3894
126 3940
104 4037
104 4613
104 4738
126 4739
104 4973
105 5247
105 5247
105 5250
105 5250
126 5586
105 5751
105 5751
110 5825
110 5828
110 6028
110 6031
110 6032
126 6161
105 6267
105 6267
110 7075
110 7077
105 7224
105 7224
105 7228
105 7228
105 7228
105 7228
126 7255
110 8078
110 8082
110 8112
105 8358
105 8358
105 8361
105 8361
105 8361
105 8361
110 8729
110 8733
105 8799
105 8799
105 9328
105 9328
105 9331
105 9331
105 9331
105 9331
105 9333
105 9333
105 9405
105 9405
105 9407
105 9407
105 9407
105 9407
105 9780
105 9780
105 9783
105 9783
105 9785
105 9785
105 9785
105 9785
105 9785
105 9785
105 10015
105 10015
105 10247
105 10247
105 10250
105 10250
105 10771
105 10771
105 10773
105 10773
105 10775
105 10775
105 10775
105 10775
105 10775
105 10775
126 10782
104 11253
104 11256
104 11256
104 11256
126 11464
104 11718
104 11721
104 11721
104 11721
104 11722
104 11981
104 11984
104 11984
104 11984
104 12701
104 12704
104 12704
104 12705
104 12705
104 12705
104 12705
104 12707
104 12707
126 12892
126 12907
105 13390
105 13390
105 13393
105 13393
105 13395
105 13395
105 13395
105 13395
105 13395
105 13395
105 13654
105 13654
105 13657
105 13657
105 13657
105 13657
105 13658
105 13658
126 13706
104 13853
104 13857
104 13857
104 13858
104 13858
126 13943
