104 287
104 738
104 804
104 926
104 1053
104 1168
105 1987
105 1987
105 1993
105 1993
105 2003
105 2003
105 2269
105 2269
105 2550
105 2550
105 2770
105 2770
105 2989
105 2989
105 3202
105 3202
9 3620
9 3623
105 3760
105 3760
9 4005
105 4243
105 4243
105 4250
105 4250
105 4251
105 4251
105 4505
105 4505
105 4741
105 4741
104 5366
105 5393
105 5393
105 5409
105 5409
104 5515
104 5518
126 5567
9 5601
9 5607
9 5608
9 5608
9 5633
9 5641
9 5725
104 5796
104 6280
104 6444
104 6484
104 6491
104 6491
105 6685
105 6685
105 6706
105 6706
105 6799
105 6799
105 6913
105 6913
105 6975
105 6975
9 7068
9 7071
9 7086
9 7089
105 7186
105 7186
105 7274
105 7274
105 7705
105 7705
9 7708
9 7711
105 7712
105 7712
104 7760
105 7787
105 7787
104 7823
9 8025
104 8115
104 8122
126 8141
104 8564
104 8571
104 8571
104 8674
104 8705
104 8708
104 8823
104 8907
104 8913
104 8914
105 9478
105 9478
105 9547
105 9547
104 9665
104 9673
104 9863
104 9910
104 9916
9 9918
9 9921
104 9926
104 9956
104 9978
104 10136
104 10191
110 10608
110 10614
110 10809
110 10849
110 10927
110 11003
126 11071
110 11127
110 11131
110 11199
110 11442
9 11687
9 11690
110 11721
110 11724
110 11848
110 12005
