104 283
104 664
104 968
104 970
104 1440
104 1531
104 1610
104 2016
104 2114
104 2117
104 2265
104 2503
105 3146
105 3146
105 3147
105 3147
104 3237
104 3296
104 3454
104 3487
126 3552
126 3555
104 4030
104 4033
104 4396
104 4584
104 4594
126 4824
104 5038
104 5042
104 5042
104 5042
105 5124
105 5124
104 5366
104 5367
104 5370
104 5373
104 5471
126 5698
104 5861
104 5864
104 5867
104 5881
104 5882
104 5885
105 6369
105 6369
105 6372
105 6372
105 6395
105 6395
105 6398
105 6398
110 6710
110 6715
110 6715
110 6715
110 6715
110 6716
110 6716
110 6744
110 6801
105 7086
105 7086
105 7090
105 7090
105 7091
105 7091
105 7091
105 7091
105 7091
105 7091
105 7091
105 7091
105 7510
105 7510
105 7516
105 7516
105 7516
105 7516
105 7516
105 7516
105 7516
105 7516
105 7748
105 7748
105 7752
105 7752
105 7752
105 7752
105 7754
105 7754
105 7754
105 7754
105 7961
105 7961
105 7965
105 7965
105 7965
105 7965
105 7965
105 7965
105 7967
105 7967
105 7967
105 7967
104 8157
104 8161
104 8161
104 8163
104 8278
104 8283
104 8283
104 8283
104 8283
104 8376
104 8380
104 8381
104 8381
104 8381
104 8581
104 8587
104 8753
104 8757
104 8757
104 8887
104 8891
104 8891
104 8892
104 9025
104 9029
104 9029
104 9031
104 9031
104 9249
104 9252
104 9255
104 9258
110 9781
110 9787
110 9787
110 9787
