104 290
104 695
104 968
104 973
104 1458
104 1544
104 1613
104 2025
104 2131
104 2251
104 2503
104 2750
105 3179
105 3179
105 3182
105 3182
104 3532
126 3566
126 3569
104 3589
104 3919
104 3926
104 3929
104 4316
104 4319
104 4362
104 4584
126 4646
104 4666
104 4669
104 4852
104 4855
104 4957
126 5187
105 5250
105 5250
105 5253
105 5253
105 5255
105 5255
104 5265
104 5268
104 5386
104 5471
104 5475
104 5475
126 5545
104 5887
104 5890
104 5893
104 5893
104 5893
104 5893
104 5893
104 6049
126 6121
104 6211
105 6421
105 6421
105 6422
105 6422
105 6425
105 6425
104 6460
104 6467
104 6533
104 6536
104 6884
104 6887
104 7194
104 7251
104 7256
104 7256
104 7256
104 7256
104 7256
104 7257
105 7447
105 7447
105 7448
105 7448
105 7451
105 7451
9 7452
104 7558
104 7561
104 7562
126 7755
104 7758
104 7761
104 7765
104 7801
104 7804
104 7806
104 7957
104 7960
104 7962
104 8163
104 8165
105 8424
105 8424
105 8427
105 8427
104 8514
104 8528
105 8735
105 8735
105 8738
105 8738
105 8738
105 8738
105 8740
105 8740
9 8965
9 8966
9 8968
9 8984
9 8986
105 8993
105 8993
105 8996
105 8996
105 9177
105 9177
105 9180
105 9180
105 9180
105 9180
105 9318
105 9318
105 9321
105 9321
105 9321
105 9321
105 9321
105 9321
105 9321
105 9321
104 9573
104 9575
104 9576
104 9578
104 9578
9 9578
9 9581
107 9622
107 9623
104 9704
104 9707
104 9709
107 9767
107 9770
107 10373
107 10375
107 10375
104 10460
104 10463
104 10466
104 10466
104 10466
104 10466
104 10466
104 10467
104 10467
107 11087
107 11089
107 11090
107 11090
107 11090
107 11090
107 11090
105 11378
105 11378
105 11381
105 11381
105 11381
105 11381
105 11381
105 11381
105 11381
105 11381
105 11382
105 11382
105 11382
105 11382
105 11382
105 11382
105 11382
105 11382
9 11475
9 11477
9 11477
9 11477
9 11477
9 11477
9 11477
9 11477
104 11492
105 11700
105 11700
105 11702
105 11702
105 11703
105 11703
105 11703
105 11703
105 11703
105 11703
105 11703
105 11703
105 11705
105 11705
105 11708
105 11708
105 11725
105 11725
105 12227
105 12227
105 12232
105 12232
105 12232
105 12232
105 12232
105 12232
105 12232
105 12232
105 12232
105 12232
105 12232
105 12232
105 12233
105 12233
105 12233
105 12233
105 12233
105 12233
105 12233
105 12233
105 12233
105 12233
105 12233
105 12233
105 12233
105 12233
105 12235
105 12235
105 12235
105 12235
105 12235
105 12235
104 12384
104 12387
9 12589
9 12592
9 12592
9 12592
9 12592
107 13045
107 13046
107 13046
107 13048
107 13048
107 13048
107 13048
107 13048
107 13048
107 13048
107 13054
104 13137
104 13140
104 13143
499 13314
499 13371
105 13578
105 13578
105 13579
105 13579
105 13580
105 13580
105 13580
105 13580
105 13580
105 13580
105 13580
105 13580
105 13580
105 13580
105 13580
105 13580
105 13580
105 13580
9 14082
9 14085
9 14085
9 14085
9 14085
9 14086
9 14086
9 14086
9 14086
9 14086
9 14086
9 14088
9 14088
9 14088
9 14088
9 14088
9 14088
9 14088
9 14088
9 14089
9 14089
105 14204
105 14204
105 14205
105 14205
105 14205
105 14205
105 14207
105 14207
105 14207
105 14207
105 14207
105 14207
105 14207
105 14207
105 14207
105 14207
105 14208
105 14208
105 14208
105 14208
105 14208
105 14208
105 14735
105 14735
105 14739
105 14739
105 14739
105 14739
105 14739
105 14739
105 14739
105 14739
105 14739
105 14739
105 14739
105 14739
105 14739
105 14739
105 14739
105 14739
105 14741
105 14741
105 14741
105 14741
105 14741
105 14741
105 14741
105 14741
105 14741
105 14741
105 14742
105 14742
105 14777
105 14777
105 14779
105 14779
107 15067
107 15069
9 15237
9 15238
9 15239
9 15239
9 15239
9 15239
9 15239
9 15239
9 15241
9 15241
9 15241
9 15241
9 15241
104 15429
104 15430
104 15433
104 15438
104 15439
104 15443
499 15493
499 15496
112 15980
112 15981
112 15981
105 16410
105 16410
105 16413
105 16413
105 16413
105 16413
105 16413
105 16413
105 16413
105 16413
105 16413
105 16413
105 16415
105 16415
112 16639
112 16642
112 16642
112 16642
112 16642
112 16642
105 16908
105 16908
105 16911
105 16911
105 16911
105 16911
105 16911
105 16911
105 16911
105 16911
105 16911
105 16911
105 16913
105 16913
105 16913
105 16913
105 16913
105 16913
105 16913
105 16913
105 16913
105 16913
105 17215
105 17215
105 17215
105 17215
9 17976
9 17979
9 17979
105 18122
105 18122
105 18123
105 18123
105 18125
105 18125
105 18126
105 18126
105 18126
105 18126
105 18126
105 18126
105 18126
105 18126
105 18126
105 18126
105 18126
105 18126
105 18128
105 18128
105 18128
105 18128
105 18128
105 18128
105 18128
105 18128
105 18659
105 18659
105 18663
105 18663
105 18663
105 18663
105 18663
105 18663
105 18663
105 18663
105 18663
105 18663
104 18744
105 18987
105 18987
112 19113
112 19116
112 19116
112 19116
9 19122
9 19125
9 19125
9 19125
9 19125
9 19126
9 19126
9 19126
9 19126
9 19126
112 19322
112 19324
112 19324
9 19476
9 19477
9 19479
9 19479
9 19479
9 19479
9 19479
9 19479
9 19479
9 19480
9 19480
9 19480
9 19480
9 19480
9 19480
105 20075
105 20075
105 20077
105 20077
105 20080
105 20080
105 20080
105 20080
105 20080
105 20080
105 20080
105 20080
105 20080
105 20080
105 20080
105 20080
105 20081
105 20081
105 20081
105 20081
105 20081
105 20081
105 20081
105 20081
112 20213
112 20216
