106 680
86 1073
88 1550
89 1649
106 2891
86 3232
138 3607
87 4174
106 4213
138 4222
87 4870
106 4891
87 4898
138 4981
97 5195
106 5491
88 5652
88 5674
106 5790
87 5911
87 5973
99 6038
106 6061
106 6311
99 6363
87 6701
87 6945
106 6959
87 7020
138 7055
138 7063
88 7089
88 7111
106 7211
138 7289
106 7588
106 7693
106 7895
90 7905
90 7956
94 8338
106 8370
88 8380
106 8422
87 8472
106 8485
87 8514
87 8521
106 8522
138 8566
138 8574
138 8648
87 8749
12 8981
12 8984
15 8988
15 8991
87 9235
87 9241
87 9242
106 9245
87 9249
106 9288
106 9333
87 9369
106 9372
86 9592
87 9936
87 9944
87 10070
87 10091
106 10343
106 10409
106 10507
489 10595
489 10595
489 10595
489 10595
106 10723
106 10804
489 10841
489 10841
489 10841
489 10841
489 10841
489 10841
489 10841
489 10841
489 10841
489 10841
489 10841
489 10841
489 10841
489 10841
489 10841
489 10841
489 10841
489 10841
106 10892
489 10989
489 10989
489 10989
489 10989
489 10989
489 10989
489 10989
489 10989
87 11487
87 11489
87 11677
87 11679
87 11691
489 11923
489 11923
489 11923
489 11923
489 11923
489 11923
489 11923
489 11923
489 11923
489 11923
489 11923
489 11923
489 11923
489 11923
489 11923
489 11923
489 11923
489 11923
489 11923
489 11923
489 11923
489 11923
489 11923
489 11923
12 12230
12 12234
15 12237
15 12241
489 12522
489 12522
489 12522
489 12522
489 12522
489 12522
489 12522
489 12522
489 12981
489 12981
489 12981
489 12981
489 12981
489 12981
489 12981
489 12981
489 12981
489 12981
489 12981
489 12981
489 12981
489 12981
489 12981
489 12981
489 12981
489 12981
489 12981
489 12981
489 13536
489 13536
489 13536
489 13536
489 13536
489 13536
489 13536
489 13536
