104 289
104 454
104 1066
104 1069
104 1073
104 1348
104 1567
104 1810
104 1917
104 1950
104 2045
104 2324
104 2350
104 2383
126 2859
110 3490
110 3493
110 3498
110 3821
104 4299
104 4303
104 4306
104 4786
104 4790
104 4793
104 4796
104 5207
104 5210
104 5484
104 5487
104 5490
104 5779
104 5782
105 6153
105 6153
105 6156
105 6156
105 6159
105 6159
105 6163
105 6163
105 6179
105 6179
105 6239
105 6239
104 6260
104 6450
126 6567
104 7315
104 7326
104 7328
104 7328
104 7346
104 7351
104 7354
104 7356
104 7439
104 7459
126 7513
104 7546
110 7721
110 7725
110 7728
110 7731
110 7754
110 7833
104 7906
105 8118
105 8118
105 8122
105 8122
105 8125
105 8125
105 8128
105 8128
104 8397
104 8402
110 8618
110 8621
110 8623
110 8626
110 8629
105 8634
105 8634
110 8634
105 8637
105 8637
110 8819
110 8822
110 8962
110 8988
105 9075
105 9075
105 9078
105 9078
105 9082
105 9082
105 9327
105 9327
105 9330
105 9330
105 9334
105 9334
105 9337
105 9337
105 9701
105 9701
105 9704
105 9704
