104 286
104 676
104 970
104 974
104 1052
104 1538
104 1604
104 2018
104 2090
104 2255
104 2734
104 2973
104 3089
104 3220
104 3338
104 3450
126 3536
104 3587
126 3611
105 3805
105 3805
105 3912
105 3912
104 4262
104 4265
104 4518
126 4591
104 4619
104 4668
104 4670
104 4675
105 4862
105 4862
105 4931
105 4931
105 4934
105 4934
105 5210
105 5210
105 5213
105 5213
104 5225
104 5448
104 5451
104 5549
104 5553
9 5671
9 5676
104 5690
104 5692
104 5874
104 5880
104 5975
104 5977
104 6002
104 6388
104 6391
104 6393
104 6396
104 6401
104 6404
104 6573
104 6639
104 6723
105 6726
105 6726
105 6727
105 6727
105 6730
105 6730
104 6886
104 6889
104 6892
104 6958
104 6961
104 7115
104 7130
104 7133
104 7136
104 7146
104 7201
104 7486
104 7642
104 7883
104 7886
104 7889
104 8093
104 8096
104 8101
104 8112
104 8115
104 8118
108 8691
108 8696
108 8698
108 8698
108 8699
9 8804
9 8807
108 8853
108 8856
108 8931
108 8937
9 8943
105 8951
105 8951
105 8954
105 8954
105 8958
105 8958
108 9061
104 9222
104 9223
104 9228
104 9232
108 9317
108 9599
108 9602
105 9743
105 9743
105 9750
105 9750
105 9750
105 9750
105 9751
105 9751
105 9751
105 9751
105 9753
105 9753
105 9753
105 9753
105 9754
105 9754
105 9754
105 9754
108 9851
105 10110
105 10110
105 10114
105 10114
105 10116
105 10116
105 10119
105 10119
105 10123
105 10123
105 10126
105 10126
108 10225
108 10228
104 10233
104 10235
105 10614
105 10614
105 10617
105 10617
108 10723
108 10726
104 10870
104 10875
104 10877
104 10880
104 10883
104 10886
108 10968
108 10971
104 10987
104 10990
104 10993
108 11760
108 11762
108 11765
108 11768
108 11771
108 11774
108 11973
104 12012
104 12015
104 12017
104 12045
104 12059
104 12062
104 12065
104 12068
104 12071
104 12074
104 12076
105 12376
105 12376
105 12378
105 12378
105 12381
105 12381
105 12384
105 12384
108 12475
108 12476
105 12606
105 12606
105 12613
105 12613
105 12615
105 12615
105 12615
105 12615
105 12616
105 12616
105 12616
105 12616
126 12632
108 12687
108 12692
104 12717
104 12721
104 12724
104 12727
105 13127
105 13127
105 13133
105 13133
105 13134
105 13134
105 13134
105 13134
105 13136
105 13136
105 13136
105 13136
105 13137
105 13137
105 13138
105 13138
105 13138
105 13138
105 13138
105 13138
9 13345
9 13351
9 13352
9 13352
105 13353
105 13353
9 13354
9 13354
9 13355
9 13355
9 13357
9 13357
9 13358
9 13358
105 13360
105 13360
105 13360
105 13360
105 13362
105 13362
105 13363
105 13363
105 13763
105 13763
105 13766
105 13766
105 13769
105 13769
105 13773
105 13773
105 14267
105 14267
105 14274
105 14274
105 14274
105 14274
105 14276
105 14276
105 14276
105 14276
105 14277
105 14277
105 14277
105 14277
105 14279
105 14279
105 14279
105 14279
105 14280
105 14280
9 14548
9 14554
9 14556
9 14557
9 14557
9 14559
9 14559
9 14560
9 14560
108 14795
9 14890
9 14895
9 14895
9 14897
9 14897
9 14898
104 14952
104 14955
104 14958
104 14961
104 14978
104 15117
105 15505
105 15505
105 15511
105 15511
105 15512
105 15512
105 15512
105 15512
105 15514
105 15514
105 15514
105 15514
105 15515
105 15515
105 15515
105 15515
105 15516
105 15516
499 15595
499 15598
499 15601
104 15819
104 15822
104 15825
104 15828
104 15832
104 15835
104 15838
105 16118
105 16118
105 16121
105 16121
105 16124
105 16124
105 16127
105 16127
109 16558
105 16956
105 16956
105 16959
105 16959
105 16962
105 16962
105 16965
105 16965
105 16967
105 16967
9 17246
9 17252
9 17253
9 17253
9 17255
9 17255
9 17256
9 17256
9 17258
105 17395
105 17395
9 18016
105 18018
105 18018
9 18018
105 18024
105 18024
105 18024
105 18024
9 18025
105 18025
105 18025
105 18025
105 18025
105 18027
105 18027
105 18027
105 18027
105 18028
105 18028
105 18034
105 18034
105 18123
105 18123
104 18227
104 18230
104 18233
109 18372
109 18376
109 18377
109 18379
109 18379
109 18380
109 18380
109 18382
109 18510
9 18516
9 18519
9 18521
9 18524
9 18529
105 18529
105 18529
9 18531
105 18532
105 18532
9 18534
105 18535
105 18535
104 18625
104 18629
104 18630
104 18635
104 18637
104 18640
9 18864
9 18867
9 18870
9 18873
109 19015
105 19379
105 19379
105 19384
105 19384
109 19539
105 19659
105 19659
105 19665
105 19665
105 19666
105 19666
105 19666
105 19666
109 19864
105 19956
105 19956
105 19963
105 19963
105 19963
105 19963
105 19963
105 19963
105 19964
105 19964
105 19966
105 19966
105 19966
105 19966
105 19967
105 19967
105 19967
105 19967
105 19969
105 19969
105 19969
105 19969
105 19970
105 19970
105 19970
105 19970
105 19972
105 19972
104 20181
105 20268
105 20268
105 20271
105 20271
105 20274
105 20274
109 20751
109 20754
109 20757
9 20964
9 20971
9 20974
9 20974
9 20974
9 20974
9 20974
109 21120
104 21362
104 21365
104 21368
104 21371
104 21374
104 21377
104 21381
104 21406
109 21456
499 21512
499 21514
104 21526
104 21552
104 21555
104 21606
104 21607
105 21892
105 21892
105 21896
105 21896
105 21896
105 21896
104 22007
104 22010
104 22013
104 22016
104 22019
104 22022
105 22184
105 22184
105 22187
105 22187
105 22190
105 22190
105 22193
105 22193
105 22196
105 22196
104 22333
104 22337
104 22347
104 22350
104 22353
104 22357
104 22667
104 22674
104 22677
104 22679
9 22810
9 22815
9 22817
9 22817
9 22818
9 22818
9 22820
9 22820
9 22821
9 22821
109 23452
105 23569
105 23569
105 23576
105 23576
105 23576
105 23576
105 23577
105 23577
105 23577
105 23577
105 23579
105 23579
109 24052
109 24056
109 24058
105 24419
105 24419
105 24421
105 24421
105 24424
105 24424
105 24427
105 24427
105 24447
105 24447
105 24451
105 24451
105 24546
105 24546
105 24549
105 24549
105 24676
105 24676
105 24679
105 24679
105 24681
105 24681
105 24684
105 24684
109 24908
109 24911
104 25076
104 25085
104 25085
104 25086
104 25086
104 25088
104 25088
104 25089
104 25089
105 25800
105 25800
105 25807
105 25807
105 25807
105 25807
105 25809
105 25809
105 25810
105 25810
105 25810
105 25810
105 25811
105 25811
105 25811
105 25811
109 25949
105 26092
105 26092
104 27171
104 27178
104 27178
104 27179
104 27179
104 27181
104 27182
104 27182
104 27184
104 27184
104 27185
104 27185
104 27186
105 28225
105 28225
105 28233
105 28233
105 28233
105 28233
105 28234
105 28234
105 28234
105 28234
105 28235
105 28235
105 28235
105 28235
105 28237
105 28237
105 28237
105 28237
104 28319
104 28322
104 28407
104 28624
104 28627
104 28634
104 28658
126 28677
126 28680
105 29037
105 29037
105 29040
105 29040
105 29042
105 29042
105 29046
105 29046
105 29554
105 29554
105 29561
105 29561
105 29561
105 29561
105 29563
105 29563
105 29563
105 29563
105 29564
105 29564
105 29564
105 29564
9 29566
105 29566
105 29566
105 29566
105 29566
105 29567
105 29567
9 29569
9 29601
9 29604
9 29611
9 29637
105 29868
105 29868
105 29871
105 29871
