106 710
86 1194
88 1664
89 1806
106 2874
90 3633
106 3883
97 4606
88 4686
88 4726
88 5005
138 5099
106 5208
106 5603
91 5796
106 5903
90 6211
504 6551
106 7164
95 7291
106 7416
138 7439
138 7465
87 7495
106 7557
86 7611
289 9526
289 9526
289 9526
289 9526
289 9526
289 9526
289 9537
289 9537
289 9537
289 9537
289 9537
289 9537
142 10091
142 11092
142 11492
87 12143
87 12145
87 12151
106 12162
142 12956
12 12990
16 12997
289 13632
289 13632
289 13632
289 13632
289 13632
289 13632
289 13893
289 13893
289 13893
289 13893
289 13893
289 13893
289 13893
289 13893
289 13893
142 14313
