104 293
104 646
104 961
104 967
104 1269
104 1365
104 1901
105 2367
105 2367
105 2369
105 2369
105 2371
105 2371
104 2737
126 2910
104 2995
105 3363
105 3363
105 3604
105 3604
105 3690
105 3690
126 3709
105 3801
105 3801
105 3860
105 3860
126 3979
105 4040
105 4040
105 4041
105 4041
105 4225
105 4225
105 4227
105 4227
105 4230
105 4230
105 4302
105 4302
104 4390
105 4610
105 4610
126 4968
104 5079
126 5308
105 5367
105 5367
105 5368
105 5368
105 5378
105 5378
105 5447
105 5447
105 5557
105 5557
105 5591
105 5591
105 5684
105 5684
105 5768
105 5768
