104 284
104 659
104 947
104 947
104 1406
104 1491
104 1563
104 1970
104 2054
104 2264
104 2477
104 2737
105 3085
105 3085
105 3088
105 3088
104 3440
126 3490
126 3493
104 3532
104 3813
104 3817
104 3817
104 4136
104 4253
104 4256
126 4483
104 4506
104 4509
104 4538
105 4677
105 4677
105 4682
105 4682
104 4833
104 5049
105 5131
105 5131
105 5134
105 5134
104 5275
104 5275
104 5275
104 5275
104 5276
104 5276
126 5312
104 5390
126 5399
104 5962
104 5965
104 5965
104 5966
104 6025
104 6137
126 6154
104 6165
105 6359
105 6359
105 6362
105 6362
104 6422
104 6422
104 6422
104 6424
126 6455
104 6607
104 6607
104 6607
126 6618
104 6643
104 6674
104 6788
104 6788
104 6817
104 7010
104 7010
104 7011
104 7171
104 7218
104 7220
104 7428
104 7428
104 7428
104 7449
104 7492
104 7525
104 7608
104 7608
104 7688
104 7688
104 7866
105 8184
105 8184
105 8187
105 8187
105 8187
105 8187
105 8188
105 8188
105 8188
105 8188
105 8188
105 8188
105 8413
105 8413
105 8417
105 8417
105 8564
105 8564
105 8568
105 8568
105 8568
105 8568
105 8568
105 8568
105 8570
105 8570
105 8570
105 8570
105 8764
105 8764
105 8768
105 8768
9 8830
9 8832
9 8832
9 8834
105 8945
105 8945
105 8948
105 8948
105 8950
105 8950
105 8950
105 8950
105 8950
105 8950
105 9065
105 9065
105 9068
105 9068
9 9107
9 9109
9 9112
9 9115
105 9364
105 9364
105 9369
105 9369
105 9369
105 9369
105 9369
105 9369
