104 312
104 689
104 1006
104 1009
104 1105
104 1541
104 1610
104 2015
104 2090
104 2291
104 2785
104 3032
105 3228
105 3228
105 3363
105 3363
126 3532
104 3611
104 3614
126 3638
104 3801
104 3922
104 3990
104 4102
104 4236
104 4450
126 4692
104 4803
104 4807
104 4807
104 4807
104 4809
104 4940
104 5229
104 5274
105 5455
105 5455
105 5458
105 5458
104 5464
126 5491
104 5633
104 5638
126 5685
104 5795
104 5839
104 5844
110 6315
110 6319
104 6404
104 6408
104 6499
110 6499
104 6501
110 6503
110 6503
104 6530
104 6621
104 6624
104 6799
104 6802
104 6828
104 7053
104 7053
104 7053
110 7361
110 7734
110 7737
110 7861
110 7863
110 8167
110 8171
110 8173
110 8173
110 8659
110 8662
110 8662
110 8664
110 8664
110 8664
110 8665
110 8832
110 8904
110 8907
110 8908
110 9134
110 9139
110 9139
110 9369
