104 289
104 672
104 968
104 971
104 1452
104 1532
104 1607
104 2028
104 2091
104 2262
104 2540
104 2740
104 2986
104 3009
104 3657
126 3680
126 3889
105 3893
105 3893
104 3905
104 3909
105 3991
105 3991
104 4154
104 4161
104 4357
104 4421
104 4581
104 4584
126 4623
104 4727
104 4731
104 4731
104 4994
104 5097
104 5101
104 5104
126 5328
104 5331
104 5334
104 5514
104 5567
104 5570
104 5684
104 5687
104 5688
104 5688
104 5688
104 5966
104 5970
104 5970
104 6215
104 6270
104 6274
104 6274
104 6274
104 6277
104 6417
126 6448
104 6454
104 6801
104 6804
104 6804
104 7061
104 7132
104 7135
104 7135
104 7136
104 7136
104 7136
104 7138
104 7147
104 7180
105 7217
105 7217
105 7219
105 7219
105 7768
105 7768
105 7772
105 7772
105 7772
105 7772
105 7772
105 7772
105 7772
105 7772
105 7774
105 7774
105 7774
105 7774
105 7774
105 7774
126 7919
126 7922
126 8256
110 8320
110 8323
110 8323
110 8324
110 8324
110 8324
110 8629
110 8632
110 8632
