106 712
86 1132
88 1595
89 1686
106 2929
86 3693
106 4195
138 4672
106 4786
106 4892
99 4930
87 5218
97 5393
99 5503
106 5609
138 5617
99 5649
87 5879
138 5973
87 6221
88 6261
88 6271
106 6591
87 7110
87 7153
106 7187
106 7189
138 7363
106 7408
106 7411
106 7414
106 7587
106 7590
91 7707
90 7757
88 7836
88 7860
86 8521
88 8522
87 8677
106 9048
106 9051
138 9115
138 9116
138 9182
106 9228
106 9231
138 9292
87 9343
138 9367
96 9399
87 9459
87 10002
87 10007
87 10024
138 10030
87 10037
87 10045
87 10303
