106 673
88 991
89 1121
86 1706
106 2839
138 3693
86 3853
106 4381
87 4385
87 4918
106 4983
138 5121
97 5653
88 5670
106 5731
87 5832
138 5870
87 5871
106 5913
106 5998
106 6108
88 6213
106 6468
87 6521
88 6592
106 6644
90 6757
106 6851
106 7070
106 7178
88 7247
87 7326
106 7388
88 7422
106 7430
106 7604
106 7646
106 7748
106 7952
138 8006
106 8197
86 8311
106 8419
88 8534
94 8567
138 8712
87 8787
106 8820
87 8827
138 8891
106 9159
138 9261
138 9274
87 9615
138 9707
106 9750
138 9816
87 9961
87 9965
106 10042
106 10228
106 10526
489 10717
489 10717
489 10717
489 10717
489 10717
489 10717
489 10766
489 10766
489 10766
489 10766
489 10766
489 10766
489 10766
489 10766
489 10766
489 10766
489 10766
489 10766
489 10766
489 10766
489 10779
489 10779
489 10779
489 10779
489 10779
489 10779
489 10779
489 10779
106 10800
106 11079
289 11364
289 11364
289 11364
289 11364
289 11364
289 11364
289 11364
289 11364
289 11364
86 11622
289 11683
289 11683
289 11683
289 11683
289 11683
289 11683
289 11683
289 11683
289 11683
106 12017
489 12708
489 12708
489 12708
489 12708
489 12708
489 12708
489 12708
489 12708
489 12708
489 12708
489 12708
489 12708
489 12708
106 12708
489 12708
489 12708
489 12708
489 12708
489 12708
106 12831
489 13140
489 13140
489 13140
489 13140
489 13140
489 13140
489 13140
489 13140
489 13140
489 13140
289 13427
289 13427
289 13427
289 13427
289 13427
289 13427
289 13427
289 13427
289 13427
489 13490
489 13490
489 13490
489 13490
489 13937
489 13937
489 13937
489 13937
489 13937
489 13937
86 14336
106 14381
489 14499
489 14499
489 14499
489 14499
489 14499
489 14499
489 14499
489 14499
489 14499
489 14499
489 14499
489 14499
489 14499
489 14499
489 14499
489 14499
489 14499
489 14499
489 14499
489 14499
489 14499
489 14499
489 14499
489 14499
489 14499
489 14499
106 14679
106 14683
489 15457
489 15457
489 15457
489 15457
489 16271
489 16271
489 16271
489 16271
489 16271
489 16271
489 16271
489 16271
489 16271
489 16271
489 16271
489 16271
489 16748
489 16748
489 16748
489 16748
489 16748
489 16748
489 16748
489 16748
489 16748
489 16748
489 16748
489 16748
489 16748
489 16748
489 16748
489 16748
489 16748
489 16748
489 16748
489 16748
289 17092
289 17092
289 17092
289 17092
289 17092
289 17092
289 17278
289 17278
289 17278
289 17278
289 17278
289 17278
289 17503
289 17503
289 17503
289 17503
289 17503
289 17503
289 17503
289 17503
289 17503
489 17657
489 17657
489 17657
489 17657
489 17657
489 17657
489 17657
489 17657
489 17857
489 17857
489 17857
489 17857
489 17857
489 17857
489 17857
489 17857
489 17857
489 17857
489 17857
489 17857
489 17857
489 17857
489 17857
489 17857
489 17857
489 17857
97 18243
12 18446
13 18485
489 18830
489 18830
489 18830
489 18830
489 18830
489 18830
489 18830
489 18830
489 18830
489 18830
489 18830
489 18830
489 18830
489 18830
489 18830
489 18830
489 18830
489 18830
489 18830
489 18830
489 18830
489 18830
489 18830
489 18830
