104 297
104 664
104 971
104 973
104 1413
104 1489
104 1567
104 1979
104 2085
104 2095
104 2118
104 2151
104 2275
104 2531
105 3094
105 3094
105 3100
105 3100
104 3237
104 3240
126 3503
126 3506
104 3648
104 3660
104 3830
104 4149
104 4233
104 4267
104 4295
126 4502
104 4521
104 4524
104 4525
104 4527
104 4542
105 4926
105 4926
104 5145
104 5160
104 5177
104 5192
104 5269
126 5301
105 5329
105 5329
105 5332
105 5332
105 5334
105 5334
104 5482
104 5587
104 5590
105 5629
105 5629
126 5668
104 5875
104 6096
104 6097
104 6127
104 6129
105 6163
105 6163
104 6214
104 6284
104 6286
104 6334
105 6491
105 6491
110 6660
110 6661
104 6680
104 6681
104 6693
104 6703
104 6738
110 6742
104 6866
104 6890
104 6975
104 7008
104 7010
104 7342
104 7345
104 7346
104 7368
104 7603
104 7626
104 7629
104 7630
104 7631
110 8046
110 8049
110 8051
110 8053
104 8137
104 8155
110 8347
110 8350
110 8353
104 8438
104 8461
104 8489
104 8633
104 8635
104 8638
104 8655
104 8687
104 8723
104 8790
104 8792
104 8826
104 8893
104 8926
104 8959
110 9073
110 9075
494 9894
494 9898
494 9900
494 9900
494 9901
494 9964
494 9966
494 10039
494 10282
494 10284
494 10438
494 10524
494 10618
110 10657
110 10659
110 10662
110 10663
494 10714
110 10863
110 10866
494 10923
494 11002
110 11081
110 11082
110 11088
110 11089
110 11089
104 11162
104 11164
104 11191
104 11194
104 11200
110 11422
110 11423
110 11426
110 11485
110 11487
110 11639
110 11641
110 11846
110 11849
110 11851
110 11895
110 11949
126 12199
126 12200
126 12203
110 12235
110 12251
110 12252
110 12277
110 12445
110 12595
110 12604
110 12648
110 12650
110 12746
110 12857
110 12992
110 12994
110 13035
110 13064
110 13179
110 13181
110 13250
110 13251
110 13253
110 13407
110 13410
110 13411
110 13412
126 13472
110 13515
110 13518
110 13519
