104 286
104 650
104 954
104 962
104 1423
104 1501
104 1879
104 1956
104 2066
104 2277
104 2325
104 2575
104 2950
104 3047
104 3227
104 3247
126 3445
104 3461
104 3476
126 3494
104 3684
104 3932
104 4026
104 4162
126 4244
104 4322
104 4433
104 4439
104 4439
104 4440
104 4633
105 4650
105 4650
104 4708
104 4894
104 5063
104 5131
104 5138
104 5166
104 5207
104 5210
104 5213
104 5269
110 5625
110 6024
110 6030
110 6086
110 6253
110 6258
110 6353
110 6430
110 6483
104 6523
110 6936
110 6942
110 6944
110 6944
110 6945
110 6990
110 6994
110 7194
110 7285
110 7521
110 7528
110 7528
110 7565
110 7593
104 7646
104 7652
110 7675
104 7703
110 7727
104 7742
104 7886
104 7994
104 8075
104 8082
104 8112
104 8232
104 8237
104 8308
104 8341
104 8374
110 8613
110 8619
110 8621
110 8621
110 8621
110 8700
110 8707
104 8753
110 8760
110 8819
110 8847
104 8849
110 8946
110 9116
110 9123
110 9195
110 9202
110 9286
110 9440
110 9447
104 9930
104 9933
110 9969
110 9977
110 9977
110 9978
110 9978
110 10116
110 10123
110 10191
110 10282
110 10287
110 10354
110 10359
110 10410
110 10541
110 10601
110 10919
110 10925
110 10925
110 11089
110 11096
110 11096
110 11135
110 11184
110 11242
110 11309
110 11379
110 11443
110 11481
110 11507
110 11531
110 11553
110 11599
110 11646
110 11710
110 11715
110 11760
110 11790
