104 297
104 649
104 968
104 971
104 1437
104 1508
104 1583
104 2002
104 2075
104 2244
104 2500
104 2998
104 2999
105 3350
105 3350
105 3353
105 3353
104 3445
104 3454
126 3519
126 3520
104 3797
104 3849
104 3946
104 4211
105 4631
105 4631
105 4636
105 4636
105 4637
105 4637
105 4639
105 4639
105 4639
105 4639
105 4640
105 4640
105 4640
105 4640
105 4672
105 4672
105 4680
105 4680
104 4728
104 4774
104 4971
110 5806
110 5814
110 5814
110 5815
110 5815
110 5816
126 5969
110 6047
110 6048
110 6149
110 6150
105 6336
105 6336
105 6343
105 6343
105 6343
105 6343
105 6344
105 6344
105 6344
105 6344
110 6366
105 6452
105 6452
110 6633
105 6760
105 6760
110 6790
105 6816
105 6816
104 6858
104 6871
104 6873
104 6876
104 6877
104 6916
104 6917
110 7219
104 7225
104 7227
104 7260
104 7313
104 7395
104 7446
104 7498
104 7499
104 7519
104 7673
104 7689
104 7729
104 7774
104 7804
104 8092
104 8109
110 8196
104 8318
110 8331
104 8435
110 8560
110 8648
104 8705
104 8741
104 8770
110 8788
110 8790
104 8953
104 8956
104 8957
110 8996
104 9008
104 9010
104 9012
110 9261
110 9457
110 9526
110 9527
110 9591
110 9647
110 9648
110 9766
110 9815
110 9923
110 9995
110 9997
110 10053
110 10128
110 10182
110 10240
110 10241
110 10325
110 10328
110 10424
110 10426
110 10552
110 10554
110 10611
110 10620
110 10824
110 10826
110 10829
110 10830
110 10964
110 10967
110 10968
110 11111
110 11112
110 11236
110 11237
110 11239
110 11296
110 11344
110 11380
110 11436
110 11488
104 11573
110 11574
104 11606
104 11639
110 11661
110 11662
110 11710
110 11787
