104 287
104 662
104 973
104 977
104 1449
104 1530
104 1613
104 2025
104 2104
104 2127
104 2290
104 2478
104 2995
104 3014
104 3217
105 3398
105 3398
126 3547
126 3550
105 3568
105 3568
105 3599
105 3599
104 3775
104 3795
104 4010
104 4036
104 4242
104 4384
104 4584
104 4630
104 4634
104 4907
104 4957
104 4960
104 4961
105 5201
105 5201
105 5268
105 5268
104 5338
104 5373
105 5412
105 5412
105 5414
105 5414
105 5417
105 5417
104 5471
104 5500
104 5527
104 5543
104 5766
104 5952
104 5990
104 6057
104 6065
104 6080
104 6113
104 6195
104 6298
104 6301
110 6497
110 6500
110 6748
110 6751
110 6779
126 6972
104 7156
104 7161
104 7162
110 7293
104 7466
110 7469
110 7472
110 7734
110 7737
110 7740
110 7809
110 7899
110 8009
110 8010
110 8160
110 8163
110 8166
110 8169
110 8405
110 8410
110 8410
110 8410
110 8412
110 8412
110 8494
110 8612
110 8615
104 8671
104 8675
104 8675
104 8751
104 8754
104 8773
104 8776
104 8779
104 8915
104 8985
104 8989
104 9107
104 9164
104 9282
104 9285
104 9415
104 9418
110 9497
110 9500
110 9503
110 9618
110 9621
104 9716
110 9729
110 9882
110 9997
110 10073
110 10076
110 10292
110 10295
110 10298
110 10339
110 10397
110 10522
110 10525
110 10528
110 10649
110 10748
110 10751
110 10754
110 10757
110 10880
110 10945
110 10948
110 11032
110 11035
110 11161
110 11399
110 11402
110 11488
110 11491
110 11531
110 11535
110 11535
110 11537
110 11537
110 11538
110 11678
110 11681
110 11733
110 11736
110 11890
110 11892
110 11949
110 12018
110 12021
110 12022
110 12091
110 12094
110 12095
110 12100
110 12212
110 12216
110 12375
110 12550
110 12555
110 12556
110 12681
110 12684
110 12802
110 12805
110 12808
110 12863
110 12865
110 12868
110 12910
110 12913
110 12950
110 13043
110 13045
110 13100
110 13251
110 13254
110 13257
110 13366
110 13369
110 13469
110 13472
110 13474
110 13529
110 14315
110 14318
110 14469
110 14473
110 14722
110 14879
110 14882
110 15195
110 15327
110 15331
110 15331
110 15333
110 15333
110 15468
110 15471
110 15474
110 15477
110 15605
110 15609
110 15832
110 15835
110 15838
110 15841
110 15844
110 15998
110 16001
110 16222
110 16224
110 16624
110 16627
110 17460
110 17466
110 17466
110 17466
110 17604
110 17608
110 17610
110 17610
110 17610
110 17611
110 17611
110 17669
110 17673
110 17673
110 17673
110 17675
110 17675
110 17675
110 17675
110 17727
110 17729
110 17732
110 17788
110 17794
110 17794
110 17794
110 17794
110 17796
110 17796
110 17796
110 17797
110 17797
110 17797
110 17863
110 17865
110 17868
110 17996
110 18000
110 18000
110 18000
110 18000
110 18001
110 18098
110 18171
110 18176
