106 683
86 1101
88 1567
89 1708
86 2467
106 3595
138 3750
87 4406
138 4438
106 4750
106 5022
106 5117
87 5183
87 5401
106 5402
97 5561
87 5792
88 6098
88 6114
106 6202
106 6855
87 7142
106 7441
106 7444
106 7728
87 7766
106 7847
88 8177
88 8178
138 8228
91 8266
138 8278
138 8355
138 8469
106 8623
90 8652
106 8784
87 8800
138 8960
138 8995
106 8999
86 9201
138 9283
138 9335
106 9624
87 9684
87 9692
87 9702
106 9737
106 9957
106 10011
88 10041
92 10076
138 10313
138 10316
87 10546
138 10547
87 10554
106 11080
12 11280
12 11283
106 11289
87 11311
87 11312
13 11426
13 11431
106 12262
289 12821
289 12821
289 12821
289 12821
289 12821
289 12821
289 12821
289 12821
289 12821
