106 693
86 1221
88 1569
89 1679
106 2858
138 3857
106 3951
106 4346
86 4460
87 4612
138 4882
90 5159
106 5160
87 5194
138 5352
106 5440
106 5453
87 5757
87 5777
99 6003
99 6051
99 6108
88 6412
88 6421
99 6653
96 6801
87 7103
87 7131
138 7297
138 7303
138 7321
138 7360
90 7468
106 7482
106 7637
87 7914
87 7925
87 7925
87 7951
87 7954
87 7970
87 7989
12 8036
88 8394
106 8498
106 8681
106 8784
106 8911
87 9581
87 9604
87 9609
87 9619
90 9725
12 9820
91 10074
86 10272
106 10713
88 10723
87 10862
87 10911
87 11221
86 11813
138 11841
138 11842
12 11850
138 11856
87 11935
87 11949
87 11956
138 12082
138 12085
138 12102
138 12105
138 12117
94 12120
106 12168
106 12173
88 12192
15 12409
138 12518
138 12520
138 12578
138 12610
106 12612
106 12615
138 12840
138 12843
138 12895
12 12974
87 12985
87 12985
87 12990
87 12991
87 13158
87 13159
87 13161
87 13188
15 13285
87 13510
87 13517
87 13523
87 13523
138 13575
138 13597
138 13641
87 13662
87 13666
87 13681
87 13684
87 13856
87 13860
87 13861
92 14149
87 14352
87 14352
87 14355
106 14464
106 14467
87 14485
87 14493
138 14565
138 14644
138 14674
86 14847
106 14921
106 14939
12 15236
12 15236
14 15251
14 15259
87 15384
87 15683
87 15683
87 15688
87 15921
87 15928
87 15934
87 15944
86 16140
289 17121
289 17121
289 17121
289 17121
289 17121
289 17121
289 17121
289 17121
289 17121
106 17579
87 19872
87 19872
87 19880
87 19883
86 19944
289 20056
289 20056
289 20056
289 20056
289 20056
289 20056
289 20056
289 20056
289 20056
87 20179
87 20185
87 20735
87 20739
87 20741
87 20741
88 20802
87 20882
87 20885
99 20971
289 21057
289 21058
289 21059
289 21064
88 21149
289 21209
289 21292
289 21307
289 21323
289 21325
289 21349
289 21355
289 21364
289 21378
289 21384
289 21385
289 21388
289 21399
289 21402
289 21409
289 21418
289 21425
289 21442
289 21442
289 21445
289 21452
289 21495
289 21500
289 21502
289 21504
289 21505
289 21510
289 21517
289 21517
289 21519
289 21553
289 21562
289 21565
289 21570
289 21570
289 21570
289 21570
289 21570
289 21570
289 21570
289 21570
289 21570
289 21570
289 21579
289 21580
289 21590
289 21592
289 21598
289 21602
289 21653
289 21654
289 21654
289 21655
289 21660
289 21666
289 21667
289 21679
289 21686
289 21687
289 21698
289 21703
289 21722
289 21747
289 21748
289 21752
289 21755
289 21756
289 21767
289 21771
289 21775
289 21782
289 21784
289 21802
289 21806
289 21808
289 21814
289 21816
289 21829
289 21860
289 21862
289 21866
289 21867
289 21873
289 21874
289 21884
289 21886
289 21891
289 21892
289 21914
289 21943
289 21960
289 21966
289 21973
289 21977
289 22000
289 22002
289 22006
289 22013
289 22023
289 22054
289 22059
289 22061
289 22064
289 22068
289 22069
289 22113
289 22119
289 22119
289 22121
289 22121
289 22125
289 22129
289 22133
289 22133
289 22154
289 22163
289 22163
289 22181
289 22190
289 22194
289 22201
289 22203
289 22204
289 22209
289 22211
289 22216
289 22224
289 22242
289 22247
289 22257
289 22263
289 22264
289 22268
289 22271
289 22273
289 22284
289 22303
289 22309
289 22312
289 22323
289 22324
