104 300
104 652
104 967
104 970
104 1414
104 1498
104 1555
104 1961
104 2035
104 2049
104 2254
105 3065
105 3065
105 3071
105 3071
105 3071
105 3071
105 3088
105 3088
105 3327
105 3327
104 3499
126 3516
126 3519
104 3561
104 3821
104 3916
104 4034
104 4247
104 4305
104 4560
104 4601
104 4620
105 4925
105 4925
105 4931
105 4931
105 4931
105 4931
105 5010
105 5010
105 5011
105 5011
105 5078
105 5078
105 5165
105 5165
105 5256
105 5256
105 5508
105 5508
105 5514
105 5514
105 5514
105 5514
104 5694
104 5734
104 5782
104 5832
104 5843
104 5901
104 5940
104 6146
104 6353
104 6368
104 6369
104 6421
104 6512
104 6514
104 6725
104 6749
104 6873
104 6998
104 7054
104 7056
104 7059
104 7060
104 7116
104 7126
104 7175
110 7685
110 7685
110 7717
110 7783
126 7827
110 7954
110 8010
110 8043
110 8174
110 8176
110 8392
110 8393
110 8396
110 8491
110 8713
110 8716
110 8718
110 8736
110 8796
110 8881
110 8975
110 9022
110 9055
110 9143
110 9169
105 9203
105 9203
110 9343
110 9389
110 9441
110 9481
110 9553
110 9586
110 9657
110 9722
110 9781
110 9830
104 9850
110 9860
104 9901
104 10047
104 10114
104 10132
104 10163
105 10211
105 10211
104 10290
126 10339
104 10388
104 10389
104 10435
110 10846
110 10847
110 11037
110 11039
110 11193
110 11196
110 11197
110 11249
110 11351
110 11563
110 11617
110 11626
110 11687
110 11738
110 11783
110 11823
110 11895
110 11898
110 11957
110 12019
110 12059
110 12304
110 12307
110 12308
110 12311
110 12432
110 12806
110 12808
110 12809
110 12812
110 12847
110 12933
110 12962
110 13018
110 13117
110 13120
110 13222
110 13225
110 13312
110 13315
110 13387
110 13555
110 13601
110 13602
110 13721
110 13722
110 13761
110 13764
110 13849
110 13877
110 13931
110 14026
110 14027
110 14075
110 14118
110 14196
110 14289
110 14295
110 14325
110 14386
110 14422
104 14429
104 14431
104 14433
104 14434
110 14465
104 14661
110 14979
110 14981
110 14989
110 15058
110 15059
110 15161
110 15166
110 15167
110 15498
110 15500
110 15541
110 15605
110 15697
110 15704
110 15776
110 15839
110 15963
110 15965
110 15970
110 16078
110 16155
110 16156
110 16221
110 16294
110 16372
110 16466
110 16542
110 16582
110 16627
110 16746
110 16800
110 16895
110 17072
110 17073
110 17122
110 17224
110 17275
110 17341
110 17431
110 17434
110 17542
