104 292
104 682
104 983
104 985
104 1364
104 1368
104 1603
104 1730
104 2173
104 2609
105 2645
105 2645
126 3048
104 3244
104 3417
104 3421
104 3612
126 3907
105 3985
105 3985
105 3988
105 3988
105 4276
105 4276
105 4279
105 4279
104 4352
104 4468
104 4472
104 4800
104 4804
104 4807
104 4905
104 4908
104 4912
104 5138
104 5215
104 5379
104 5511
104 5523
104 5523
104 5665
104 5790
104 5842
104 5847
104 5851
105 6055
105 6055
105 6058
105 6058
105 6068
105 6068
104 6071
104 6434
104 6458
104 6556
104 6627
104 6631
104 6635
104 6824
104 6863
126 6894
104 6998
104 7002
104 7007
104 7010
105 7218
105 7218
105 7221
105 7221
104 7276
104 7282
104 7285
104 7338
104 7342
104 7401
104 7526
104 7531
104 7535
104 7793
104 7797
104 7800
104 7804
104 7808
104 7813
104 7934
104 8260
104 8302
104 8314
104 8315
104 8315
104 8317
104 8318
104 8318
104 8319
104 8589
104 8593
104 8597
104 8600
104 8694
104 9010
104 9022
104 9022
104 9023
104 9023
104 9025
104 9026
104 9026
104 9028
104 9028
104 9029
126 9151
105 9619
105 9619
105 9623
105 9623
105 9628
105 9628
105 9631
105 9631
105 9937
105 9937
105 9949
105 9949
105 9950
105 9950
105 9950
105 9950
105 9952
105 9952
105 9952
105 9952
105 9953
105 9953
110 10551
110 10562
110 10564
110 10564
110 10565
110 10565
110 10567
110 10567
110 10568
104 10731
104 10735
104 10739
104 10742
108 11126
108 11131
108 11133
108 11138
108 11142
108 11146
108 11151
108 11310
108 11336
108 11667
108 11672
108 11676
108 11690
108 11965
105 12030
105 12030
105 12042
105 12042
105 12042
105 12042
105 12043
105 12043
105 12043
105 12043
105 12045
105 12045
105 12045
105 12045
105 12674
105 12674
105 12685
105 12685
105 12685
105 12685
105 12687
105 12687
105 12687
105 12687
105 12688
105 12688
105 12688
105 12688
108 12689
108 12701
108 12701
108 12702
104 12880
104 12884
104 12888
104 12891
104 13154
104 13220
108 13622
108 13634
108 13635
108 13635
108 13637
108 13637
104 13710
104 13713
104 13717
104 13725
104 13941
104 13946
104 13964
104 13969
104 13972
104 13983
104 13986
104 13990
105 14621
105 14621
105 14632
105 14632
105 14632
105 14632
105 14634
105 14634
105 14634
105 14634
105 14635
105 14635
105 14635
105 14635
105 14636
105 14636
105 14636
105 14636
105 14638
105 14638
105 14638
105 14638
105 14639
105 14639
108 14697
108 14708
108 14710
108 14710
108 14711
108 14711
108 14713
108 15451
108 15463
108 15464
108 15464
108 15466
108 15466
105 15625
105 15625
105 15637
105 15637
105 15637
105 15637
105 15638
105 15638
105 15638
105 15638
105 15640
105 15640
105 15641
105 15641
105 15641
105 15641
105 15643
105 15643
108 15702
108 15705
104 15762
104 16388
104 16393
104 16396
105 16411
105 16411
104 16417
105 16423
105 16423
105 16424
105 16424
105 16424
105 16424
105 16426
105 16426
105 16426
105 16426
105 16427
105 16427
105 16427
105 16427
112 16502
112 16513
112 16515
112 16515
112 16516
112 16516
104 16853
104 16858
104 16862
104 16866
104 16869
104 16899
112 16912
112 17105
112 17109
126 17148
104 17150
105 17366
105 17366
105 17376
105 17376
105 17377
105 17377
105 17377
105 17377
105 17379
105 17379
105 17380
105 17380
105 17380
105 17380
105 17381
105 17381
105 17381
105 17381
105 17383
105 17383
9 17630
9 17641
9 17641
9 17643
108 17772
108 17776
108 18091
108 18103
108 18104
108 18104
104 18202
104 18207
104 18211
112 18488
112 18500
112 18501
112 18501
112 18503
105 18723
105 18723
105 18735
105 18735
105 18735
105 18735
105 18736
105 18736
105 18736
105 18736
105 18737
105 18737
105 18737
105 18737
105 18739
105 18739
105 18739
105 18739
105 20299
105 20299
105 20311
105 20311
105 20312
105 20312
105 20312
105 20312
105 20312
105 20312
105 20314
105 20314
105 20315
105 20315
105 20315
105 20315
105 20315
105 20315
105 20316
105 20316
105 20318
105 20318
108 20319
108 20331
108 20331
108 20332
108 20332
108 20334
108 20335
108 20335
108 20335
108 20337
108 20338
108 20338
108 20340
108 20340
108 20341
108 20341
108 20342
108 20344
108 20345
108 20347
108 20347
105 20430
105 20430
105 20433
105 20433
105 20436
105 20436
108 20658
108 20661
