104 287
104 653
104 967
104 970
104 1412
104 1512
104 1589
104 1992
104 2087
104 2281
104 2490
104 2746
104 3050
104 3113
104 3195
126 3539
104 3715
105 3867
105 3867
105 3912
104 3912
105 3912
104 3915
126 4164
104 4177
104 4187
104 4365
104 4444
104 4594
104 4597
126 4600
126 4872
104 4973
104 4976
104 4979
104 4981
104 5107
104 5144
104 5147
104 5275
104 5374
104 5376
104 5418
104 5420
126 5576
104 5596
104 5599
104 5602
104 6168
104 6170
104 6172
105 6229
104 6229
105 6229
105 6231
105 6231
105 6233
105 6233
105 6236
105 6236
105 6582
105 6582
105 6585
105 6585
105 6585
105 6585
105 6585
105 6585
104 6788
104 6791
104 6792
110 7312
110 7315
110 7315
110 7315
110 7315
110 7315
110 7396
105 7424
105 7424
105 7427
105 7427
105 7430
105 7430
105 7552
105 7552
105 7555
105 7555
110 7557
105 7558
105 7558
105 7561
105 7561
105 7563
105 7563
105 7566
105 7566
110 7717
110 7777
104 8122
110 8573
110 8576
110 8579
110 8582
110 8583
110 8610
110 8707
110 8710
110 8710
110 8710
110 8710
110 8711
110 8711
110 8963
110 8966
110 8966
110 8966
110 9347
110 9350
110 9350
110 9350
110 9350
110 9350
104 9353
104 9354
104 9356
104 9356
126 9455
104 9480
104 9483
104 9484
104 9487
104 9490
104 9493
104 9864
104 9867
104 9870
104 9873
110 10375
110 10378
110 10378
110 10378
110 10378
104 10778
104 10781
104 10782
107 10834
107 10835
107 10837
107 10837
107 10932
107 10933
107 11158
107 11159
107 11162
107 11408
107 11411
107 11411
107 11411
104 11696
110 12000
107 12085
107 12088
107 12091
107 12092
110 12426
110 12429
110 12431
107 12512
107 12515
107 12518
110 13230
110 13233
110 13233
110 13233
110 13233
104 13531
104 13564
104 13597
105 13815
105 13815
105 13818
105 13818
105 13818
105 13818
105 13818
105 13818
105 13819
105 13819
104 14270
110 14696
110 14699
110 14699
110 14699
110 14699
110 14699
110 14699
110 14701
110 14701
110 14979
110 14981
110 14981
110 14981
110 14983
110 15030
110 15033
110 15036
110 15039
110 15082
110 15085
110 15087
110 15089
110 15092
110 15095
110 15098
110 15105
105 15105
105 15105
105 15106
105 15106
110 15108
110 15111
110 15120
105 15131
105 15131
105 15134
105 15134
105 15154
105 15154
105 15157
105 15157
105 15187
105 15187
105 15190
105 15190
107 15243
107 15246
107 15350
107 15386
110 15410
110 15413
110 15416
110 15566
110 15569
110 15593
110 15596
107 15830
107 15832
107 15835
107 15838
107 15840
107 15843
107 15933
107 16053
107 16056
107 16059
110 16267
