104 286
104 667
104 974
104 977
104 1433
104 1518
104 1593
104 2005
104 2066
104 2081
104 2242
104 2510
104 2740
105 3127
105 3127
105 3129
105 3129
105 3376
105 3376
126 3533
126 3536
104 3674
104 3679
104 3754
104 3755
104 4028
104 4168
104 4568
104 4573
104 4688
104 4691
104 4770
104 4773
104 4846
104 4894
104 5206
104 5209
104 5240
104 5500
104 5502
110 5687
110 5691
110 5693
110 5727
110 5932
110 6172
110 6175
110 6281
110 6316
104 6332
104 6337
104 6337
104 6337
126 6519
110 6866
110 6870
110 6870
110 6872
110 7239
110 7243
110 7244
110 7244
110 7712
110 7715
110 7871
110 7875
110 8022
110 8026
110 8137
110 8138
104 8219
104 8466
104 8469
126 8588
104 8622
104 9080
104 9082
110 9114
110 9119
110 9119
110 9189
104 9232
104 9234
104 9236
110 9317
110 9645
110 9650
110 9650
110 9791
110 9883
110 9886
110 10066
110 10069
110 10070
110 10286
110 10290
110 10290
110 10518
110 10522
110 10522
110 10524
104 11004
110 11033
110 11039
110 11039
110 11039
104 11040
126 11044
126 11153
110 11262
110 11409
110 11413
110 11413
104 12141
104 12146
104 12146
104 12146
104 12147
104 12147
126 12314
126 12562
110 12586
110 12591
110 12592
126 12846
110 12891
110 12896
110 12896
110 12897
110 13053
110 13057
110 13058
110 13628
110 13633
110 13634
110 13634
110 13634
110 13634
110 13906
110 13911
110 13911
110 13911
110 14312
110 14316
110 14316
110 14318
104 14349
104 14352
104 14355
110 14553
110 14557
110 14758
110 14763
110 14763
110 14764
110 14902
110 15045
110 15051
110 15051
110 15051
110 15215
110 15219
110 15219
110 15219
