104 300
104 677
104 984
104 985
104 1458
104 1525
104 1606
104 2046
104 2104
104 2161
104 2254
104 2521
104 3038
104 3040
104 3255
104 3299
104 3461
104 3484
126 3559
126 3562
105 3822
105 3822
104 3933
104 3974
104 4221
105 4306
105 4306
104 4433
104 4436
104 4584
104 4586
104 4588
104 4597
104 4600
104 4686
104 4812
104 4977
104 5072
104 5220
104 5236
104 5239
104 5278
104 5488
104 5613
104 5661
104 5760
104 5821
104 5835
126 5915
104 5982
104 6137
104 6140
104 6159
110 6165
110 6168
110 6378
104 6427
110 6441
110 6492
110 6679
104 6687
104 6689
110 6710
104 6736
110 7083
110 7136
110 7231
110 7314
110 7357
110 7398
110 7439
110 7463
104 7476
110 7516
110 7655
110 7715
110 7783
110 7784
104 7878
104 7879
110 7914
104 7919
104 7945
104 7986
104 7997
104 8023
104 8108
104 8155
110 8360
110 8454
110 8458
110 8613
110 8616
110 8698
110 8701
110 8763
110 8764
110 8825
110 8931
110 8934
110 8966
110 9061
110 9304
110 9307
110 9514
110 9595
110 9596
110 9815
110 9817
110 9818
110 9821
110 9822
110 9939
110 9941
110 9943
110 9945
110 10087
110 10089
110 10092
110 10131
104 10148
110 10161
110 10207
110 10408
110 10411
110 10606
110 10607
110 10610
110 10613
110 10621
110 10623
110 10875
110 10876
110 11296
110 11327
104 11398
104 11431
110 11489
110 11492
110 11494
104 11497
110 11501
110 11501
110 11502
110 11550
110 11553
110 11605
110 11606
110 11759
110 11797
110 11800
110 13469
110 14112
110 14279
110 14282
110 14352
110 14355
110 14358
110 14374
110 14377
110 14378
110 14416
110 14610
110 14612
110 14614
110 14816
110 14819
110 14825
110 14825
110 14826
110 14826
110 14827
110 14827
110 14829
110 14858
110 14935
110 14979
110 14981
110 14983
110 14989
104 14990
110 14993
110 14996
110 15026
110 15028
110 15030
110 15059
110 15081
110 15082
108 15522
108 15528
108 15528
108 15614
108 15620
108 15622
108 15622
108 15653
108 15655
108 16030
108 16033
104 16111
104 16113
104 16385
104 16386
104 16389
104 16390
104 16978
104 16979
104 16981
104 17592
104 17594
107 18177
110 18200
110 18381
110 18543
110 18546
107 18757
107 18762
107 18833
107 18836
107 18837
104 18851
104 18853
107 18968
107 19880
107 19882
107 20064
107 20144
110 20159
110 20161
110 20302
110 20305
110 20306
