106 680
86 1168
88 1535
89 1644
106 2613
88 3313
86 4069
106 4102
138 4359
106 4890
138 5011
87 5074
106 5077
106 5755
88 5777
88 5810
87 5817
106 6013
106 6077
96 6089
138 6253
138 6519
99 6650
99 6671
106 6824
99 6887
90 7566
90 7575
92 7624
138 7652
106 7864
106 7905
138 7938
138 7943
88 7944
106 7996
88 8005
87 8081
87 8501
87 8501
87 8586
86 8688
12 8724
12 8727
87 8782
138 9027
87 9034
87 9041
138 9055
138 9074
15 9115
106 9116
87 9173
106 9533
106 9777
106 10091
106 10147
106 10167
87 10746
87 10754
138 10756
87 10763
138 10767
87 10775
87 10778
138 10788
87 10790
87 10838
15 10878
87 11063
88 12159
138 12210
138 12265
86 12376
99 12422
87 12460
87 12567
87 12569
87 12584
87 12590
87 12596
87 12826
87 12859
138 12922
87 12933
87 12940
106 12942
138 12960
138 12970
106 13011
138 13018
138 13023
138 13059
138 13083
94 13148
87 13286
87 13290
86 13414
87 13469
87 13474
87 13477
106 13825
106 13827
106 13830
106 14071
87 14360
87 14367
87 14369
87 14369
87 14370
87 14370
87 14371
87 14373
12 14987
12 14989
12 14993
14 14994
12 14995
14 14996
12 14997
14 15000
14 15002
14 15004
12 15115
14 15122
138 15441
138 15522
138 15641
12 16124
12 16126
14 16131
14 16133
289 16222
289 16222
289 16222
289 16222
289 16222
289 16222
