106 690
86 1094
88 1570
89 1676
106 3110
86 3586
138 3642
87 4202
106 4236
96 4311
87 4737
106 4826
90 4946
87 5495
88 5790
88 5810
106 5900
106 6095
106 6451
88 6584
87 6632
88 6720
97 6733
106 6808
88 6828
106 6891
106 7241
106 7567
106 7605
106 7656
86 7705
106 7751
92 7770
106 8233
106 8685
106 8861
106 9045
87 9308
106 9323
12 9443
16 9450
12 9468
16 9475
106 10009
106 10012
99 10063
106 10222
106 10227
106 10237
106 10912
106 10915
106 10918
106 10920
289 13015
289 13015
289 13015
289 13015
289 13015
289 13015
289 13020
289 13020
289 13020
289 13020
289 13020
289 13020
289 13020
289 13020
289 13020
