106 682
86 1097
89 1553
88 1763
106 3332
86 3524
138 3625
99 4149
106 4243
87 4294
87 5011
106 5286
97 5334
88 5383
88 5396
99 5473
106 5525
99 6060
106 6177
99 7076
106 7099
106 7470
106 7536
88 7639
90 7681
106 7788
106 8675
106 8848
88 8967
106 9035
12 9206
13 9213
106 9344
106 9347
138 9569
106 9583
106 9631
86 10347
106 10361
106 10526
106 10529
106 10585
88 11347
106 11588
91 11669
106 11764
106 11817
106 11855
12 12931
12 12933
13 12938
13 12940
12 13537
12 13540
13 13544
99 14027
88 14594
