104 286
104 672
104 955
104 955
104 1044
104 1535
104 1603
104 2016
104 2035
104 2068
104 2094
104 2101
104 2248
104 2514
104 2926
104 2992
104 3093
104 3533
104 3722
104 3751
104 3802
104 3837
126 3998
105 4162
105 4162
105 4175
105 4175
104 4178
104 4565
104 4575
126 4633
105 4857
105 4857
105 4909
105 4909
105 4951
105 4951
104 4964
105 5001
105 5001
126 5226
105 5377
105 5377
105 5460
105 5460
105 5463
105 5463
105 5501
105 5501
105 5504
105 5504
105 5508
105 5508
126 5767
105 5902
105 5902
105 6002
105 6002
105 6077
105 6077
105 6231
105 6231
105 6300
105 6300
105 6303
105 6303
126 6370
105 6425
105 6425
105 6428
105 6428
105 6475
105 6475
105 6585
105 6585
105 6589
105 6589
105 6815
105 6815
105 6838
105 6838
105 6845
105 6845
105 6847
105 6847
105 6963
105 6963
105 6966
105 6966
105 6973
105 6973
105 7047
105 7047
105 7113
105 7113
105 7186
105 7186
105 7211
105 7211
105 7302
105 7302
105 7448
105 7448
105 7620
105 7620
