104 283
104 673
104 985
104 988
104 1452
104 1532
104 1627
104 2019
104 2094
104 2178
104 2254
104 2524
105 3157
105 3157
105 3160
105 3160
104 3379
104 3382
104 3500
104 3503
126 3565
126 3566
104 3801
105 3870
105 3870
104 4154
104 4335
104 4434
126 4451
104 4518
104 4521
104 4598
104 4721
104 4865
104 4927
126 5288
105 5414
105 5414
105 5417
105 5417
105 5419
105 5419
105 5422
105 5422
105 5424
105 5424
105 5427
105 5427
104 5811
104 5813
104 5835
104 5838
126 5887
104 5930
104 6084
104 6088
104 6090
104 6090
104 6090
104 6442
104 6445
104 6470
126 6563
104 6596
126 6786
104 6917
104 7095
104 7100
104 7100
104 7100
104 7100
104 7102
104 7102
104 7272
104 7418
104 7423
104 7423
104 7424
104 7424
104 7424
104 7424
104 7688
104 7692
104 7692
104 7693
104 7947
104 7998
104 8003
104 8003
104 8003
104 8003
104 8004
104 8453
104 8459
104 8459
104 8459
104 8459
104 8461
104 8908
104 8914
104 8914
104 8915
104 8915
104 8915
104 8915
105 9347
105 9347
105 9351
105 9351
105 9579
105 9579
105 9583
105 9583
105 9584
105 9584
105 9584
105 9584
105 9584
105 9584
105 9701
105 9701
105 9707
105 9707
105 9707
105 9707
105 9707
105 9707
105 9787
105 9787
105 9793
105 9793
105 9793
105 9793
105 9939
105 9939
105 9943
105 9943
105 9944
105 9944
104 10038
104 10041
104 10044
104 10185
104 10307
104 10309
104 10312
104 10492
104 10497
104 10497
104 10497
104 10497
104 10499
104 10618
104 10729
104 10732
9 10897
9 10899
9 10902
9 10905
9 10908
9 10911
9 10918
104 10939
104 11037
104 11040
107 11071
107 11177
104 11196
104 11200
104 11200
107 11246
107 11250
107 11250
107 11251
104 11280
104 11283
104 11286
104 11334
104 11804
104 11809
104 11809
104 11809
107 11830
104 11872
104 11873
104 11876
107 11978
107 11981
107 12465
107 12469
107 12469
107 12587
107 12590
9 12694
9 12699
9 12699
9 12699
9 12700
9 12700
9 12700
9 12700
9 12700
9 12702
9 12702
9 12702
9 12703
9 12703
9 12703
9 12703
9 12705
9 12706
107 12753
107 12757
104 12934
104 12937
104 12939
105 13094
105 13094
105 13100
105 13100
105 13100
105 13100
105 13100
105 13100
105 13100
105 13100
105 13101
105 13101
105 13101
105 13101
105 13101
105 13101
105 13101
105 13101
105 13212
105 13212
105 13216
105 13216
105 13216
105 13216
105 13216
105 13216
105 13218
105 13218
104 13494
104 13502
104 13503
104 13586
105 13960
105 13960
105 13965
105 13965
105 13965
105 13965
105 13965
105 13965
105 13966
105 13966
105 13966
105 13966
105 13966
105 13966
105 13975
105 13975
499 14167
499 14172
499 14172
105 14256
105 14256
105 14260
105 14260
105 14260
105 14260
105 14260
105 14260
105 14261
105 14261
105 14261
105 14261
105 14261
105 14261
105 14261
105 14261
105 14261
105 14261
105 14263
105 14263
105 14263
105 14263
9 14397
9 14402
9 14402
105 14428
105 14428
105 14433
105 14433
105 14433
105 14433
105 14434
105 14434
105 14434
105 14434
105 14434
105 14434
105 14435
105 14435
105 14435
105 14435
9 14513
9 14517
9 14517
9 14517
9 14518
9 14518
9 14518
9 14518
9 14518
9 14520
9 14520
105 14781
105 14781
105 14787
105 14787
105 14787
105 14787
105 14788
105 14788
105 14788
105 14788
105 14788
105 14788
107 14831
107 14837
105 14887
105 14887
105 14892
105 14892
105 14892
105 14892
105 14892
105 14892
105 14892
105 14892
105 15108
105 15108
105 15112
105 15112
105 15112
105 15112
105 15113
105 15113
105 15113
105 15113
105 15113
105 15113
105 15113
105 15113
105 15115
105 15115
105 15115
105 15115
105 15115
105 15115
9 15121
9 15126
9 15127
9 15127
9 15127
9 15129
9 15129
9 15134
105 15314
105 15314
105 15318
105 15318
105 15322
105 15322
105 15495
105 15495
105 15501
105 15501
105 15501
105 15501
105 15501
105 15501
105 15501
105 15501
105 15578
105 15578
