88 321
89 715
88 1164
106 1406
86 2530
106 3088
106 3887
97 4555
88 4607
138 4677
87 5312
106 5495
95 5732
106 5901
106 5976
87 6182
142 6553
142 7014
12 7119
15 7126
142 7246
106 7857
142 7920
106 7924
87 8540
138 8646
86 8685
138 8788
138 8948
106 9003
12 9101
12 9105
15 9108
15 9112
87 9233
87 9577
87 9597
88 9672
90 9709
90 9718
87 9766
88 9778
99 9816
12 10021
87 10122
87 10191
87 10211
106 10376
87 10449
15 10452
87 10518
12 10611
15 10778
87 10931
87 10987
87 11040
138 11047
106 11057
138 11199
106 11257
106 11400
106 11689
106 11692
289 11946
289 11946
289 11946
289 11946
289 11946
289 11946
289 11946
289 11946
289 11946
