106 685
86 1092
88 1575
89 1679
86 3269
106 3360
138 3657
138 4385
106 4548
97 4627
88 4646
106 4878
106 5229
87 5266
87 5292
138 5547
138 5839
138 5846
87 5935
99 5969
99 6017
87 6120
87 6137
106 6198
106 6284
106 6589
87 6692
99 6769
87 6860
87 6865
87 6872
138 6932
88 6952
138 6963
106 6992
87 7323
106 7377
87 7748
87 7770
87 7778
87 7792
88 7940
106 7952
106 7954
88 7956
92 7979
106 8062
138 8097
138 8103
106 8122
88 8140
138 8175
138 8182
106 8211
106 8214
12 8384
90 8789
90 8851
87 9023
138 9027
87 9027
138 9064
87 9105
87 9106
87 9112
87 9188
138 9317
86 9378
87 9403
106 9616
15 9839
99 11535
106 11679
99 11783
106 11996
106 12048
88 12558
138 12559
88 12570
138 12585
138 12610
94 12615
138 12640
91 12654
138 12691
87 12765
87 12768
87 12768
87 12769
87 13170
87 13170
87 13183
87 13212
87 13219
87 13234
87 13299
87 13300
87 13301
87 13302
87 13306
87 13309
87 13322
87 13327
87 13331
138 13460
138 13489
138 13515
86 13575
106 13637
106 13640
106 13642
87 13979
87 13988
87 14027
87 14031
87 14033
87 14034
87 14035
87 14035
87 14112
87 14115
87 14116
87 14541
87 14541
87 14543
106 14631
106 14634
87 14712
87 14715
87 14717
138 14772
88 15247
106 15324
88 15347
87 15530
87 15537
87 16478
87 16480
87 16485
98 16494
98 16508
86 16570
87 16833
87 16842
87 16932
87 16934
87 16999
87 17000
87 17001
138 17330
87 17334
87 17337
87 17337
138 17375
12 17398
15 17405
12 17563
12 17569
12 17570
12 17570
12 17570
12 17572
12 17573
12 17573
12 17575
12 17575
87 17783
15 17856
15 17857
15 17857
15 17859
15 17860
15 17865
87 17866
87 17868
15 17868
15 17870
15 17870
87 17874
87 17879
87 17880
87 17882
15 17882
86 18066
96 18159
87 18451
87 18454
87 18454
87 18455
87 18460
106 18600
99 18692
88 18697
99 18721
99 18722
99 18736
98 18766
98 18777
88 18832
289 19003
289 19004
289 19063
289 19065
289 19065
289 19065
289 19066
289 19066
289 19067
289 19067
289 19067
289 19076
289 19080
289 19082
289 19083
289 19098
289 19099
289 19125
289 19131
289 19135
289 19136
289 19137
289 19140
289 19145
289 19146
289 19161
289 19175
289 19176
289 19178
289 19179
289 19199
289 19202
289 19203
289 19203
289 19211
289 19211
289 19215
289 19218
289 19218
289 19219
289 19226
289 19233
289 19237
289 19240
289 19241
289 19253
289 19256
289 19257
289 19271
289 19278
289 19279
289 19282
289 19282
289 19294
289 19294
289 19294
289 19298
289 19303
289 19304
289 19311
289 19316
289 19317
289 19320
289 19320
289 19332
289 19343
289 19349
289 19351
289 19355
289 19357
289 19358
289 19360
289 19362
289 19389
289 19399
289 19403
289 19413
289 19417
289 19419
289 19419
289 19419
289 19419
289 19423
289 19425
289 19429
289 19431
289 19439
289 19452
289 19453
289 19455
289 19458
289 19459
289 19471
289 19481
289 19490
289 19492
289 19492
289 19494
289 19496
289 19511
289 19528
289 19529
289 19531
289 19532
289 19537
289 19543
289 19559
289 19577
289 19604
289 19623
289 19631
289 19644
289 19644
289 19649
289 19649
138 19651
289 19651
289 19652
289 19654
289 19656
289 19657
289 19660
289 19678
