106 697
86 1280
86 1695
88 2062
89 2162
106 3920
138 4136
97 4364
87 4725
106 4893
106 4996
87 5253
106 5487
106 5508
90 5555
90 5679
88 6395
88 6413
106 6513
106 6792
88 7276
106 7381
87 7385
106 7437
106 7949
88 7989
88 8014
87 8206
138 8241
12 8341
16 8348
86 8564
106 8681
106 8695
106 8708
87 8890
106 9400
12 9403
106 9416
106 9428
106 9439
16 9442
87 9527
12 9668
16 9675
106 10359
106 10474
106 10658
106 10661
106 10664
106 10846
106 10883
88 13513
88 13524
92 14816
106 16048
86 16065
289 18211
289 18211
289 18211
289 18211
289 18211
289 18211
12 18660
12 18663
12 18666
16 18667
16 18670
16 18673
12 18990
16 18997
91 19406
86 20220
12 20354
12 20357
12 20360
16 20361
16 20364
16 20367
504 20718
94 20753
12 21985
16 22000
12 22581
12 22584
16 22588
12 22588
16 22591
16 22595
504 23152
106 23306
106 23308
106 23311
106 23314
289 23602
289 23602
289 23602
289 23602
289 23602
289 23602
91 23666
12 23787
12 23790
12 23793
16 23794
12 23796
16 23797
16 23800
16 23803
12 24303
12 24306
16 24310
16 24313
90 24733
289 25856
289 25856
289 25856
289 25856
289 25856
289 25856
289 25881
289 25881
289 25881
289 25881
289 25881
289 25881
12 26399
12 26402
12 26404
16 26406
12 26407
16 26409
12 26410
16 26411
16 26414
16 26417
289 26744
289 26744
289 26744
289 26744
289 26744
289 26744
97 27731
12 27811
12 27814
12 27816
16 27818
16 27821
16 27823
12 28446
16 28453
289 30174
289 30174
289 30174
289 30174
289 30174
289 30174
289 30174
289 30174
289 30174
86 31463
