104 287
104 662
104 974
104 975
104 1089
104 1541
104 1636
104 1993
104 2120
104 2316
104 2523
104 2759
104 3068
104 3139
126 3588
104 3589
104 3620
104 3794
104 3827
126 3877
104 3923
104 3926
105 3975
105 3975
104 4007
104 4197
104 4220
126 4676
104 4879
104 4886
104 4886
104 4888
104 5084
104 5289
104 5292
104 5295
104 5298
126 5378
104 5518
104 5599
104 5600
105 5604
105 5604
105 5606
105 5606
104 5854
104 5858
105 5982
105 5982
105 6100
105 6100
105 6102
105 6102
105 6104
105 6104
105 6108
105 6108
104 6150
104 6168
104 6170
104 6173
104 6182
104 6185
104 6366
104 6368
104 6370
104 6414
104 6545
104 6697
104 6700
104 6985
104 6988
107 7437
107 7440
107 7522
107 7525
107 7528
104 7598
104 7601
107 7792
107 7794
107 7797
107 7800
104 8011
104 8017
104 8017
104 8019
104 8019
104 8020
104 8020
107 8082
104 8125
104 8372
107 8442
107 8444
104 8619
104 8622
104 8623
107 8627
107 8639
104 8648
104 8651
104 8806
104 8859
104 8861
104 8864
107 8937
107 8940
105 9174
105 9174
105 9177
105 9177
105 9183
105 9183
107 9239
107 9241
107 9243
9 9289
9 9290
9 9293
9 9296
9 9299
105 9495
105 9495
105 9502
105 9502
105 9502
105 9502
105 9502
105 9502
105 9504
105 9504
105 9505
105 9505
105 9505
105 9505
9 9679
9 9685
9 9685
105 9704
105 9704
105 9707
105 9707
105 9710
105 9710
105 9713
105 9713
105 9715
105 9715
105 9895
105 9895
9 9913
9 9918
9 9921
9 9924
9 9987
9 9990
9 10354
9 10391
9 10394
105 10395
105 10395
105 10399
105 10399
105 10401
105 10401
105 10401
105 10401
105 10402
105 10402
105 10402
105 10402
105 10404
105 10404
105 10404
105 10404
9 10518
9 10521
107 10689
107 10690
107 10779
107 10781
107 10917
107 11071
9 11120
9 11125
9 11127
9 11127
9 11128
9 11130
9 11130
9 11130
105 11133
105 11133
105 11139
105 11139
105 11141
105 11141
105 11141
105 11141
105 11142
105 11142
105 11142
105 11142
105 11143
105 11143
105 11143
105 11143
105 11145
105 11145
107 11443
105 11512
105 11512
105 11515
105 11515
105 11516
105 11516
105 11519
105 11519
9 11806
9 11811
9 11814
9 11816
9 11877
9 11881
9 11883
9 11884
9 11884
9 11886
9 11886
9 11887
9 11890
105 11893
9 11893
105 11893
9 11897
105 11899
105 11899
9 11900
105 11901
105 11901
105 11901
105 11901
105 11902
105 11902
105 11902
105 11902
105 11903
105 11903
105 11903
105 11903
105 11905
105 11905
105 11905
105 11905
105 11906
105 11906
105 12019
105 12019
105 12020
105 12020
105 12023
105 12023
105 12026
105 12026
105 12135
105 12135
105 12141
105 12141
105 12142
105 12142
105 12322
105 12322
105 12330
105 12330
105 12330
105 12330
105 12330
105 12330
105 12463
105 12463
105 12466
105 12466
9 12490
9 12493
9 12496
9 12499
105 12599
105 12599
107 12599
105 12604
105 12604
105 12604
105 12604
105 12606
105 12606
105 12655
105 12655
105 12656
105 12656
9 12667
105 12930
105 12930
105 12931
105 12931
105 12934
105 12934
107 13015
107 13018
105 13151
105 13151
105 13157
105 13157
105 13159
105 13159
105 13159
105 13159
107 13211
107 13212
9 13302
9 13305
9 13308
9 13311
9 13315
9 13316
9 13321
9 13345
9 13348
9 13351
105 13436
105 13436
105 13442
105 13442
105 13444
105 13444
105 13444
105 13444
105 13445
105 13445
107 13753
107 13756
107 13886
107 13889
104 14041
104 14043
105 14044
105 14044
104 14046
104 14049
105 14050
105 14050
105 14051
105 14051
105 14053
105 14053
105 14053
105 14053
105 14053
105 14053
107 14083
107 14084
107 14087
107 14090
104 14126
107 14284
107 14286
107 14289
9 14301
9 14304
9 14308
104 14332
104 14535
104 14538
104 14541
104 14544
104 14547
105 14815
105 14815
105 14821
105 14821
105 14821
105 14821
105 14823
105 14823
105 14823
105 14823
105 14824
105 14824
105 14824
105 14824
105 14826
105 14826
105 14826
105 14826
105 14827
105 14827
105 14827
105 14827
105 14893
105 14893
9 15103
9 15108
9 15108
9 15110
9 15110
9 15111
9 15111
9 15113
9 15113
9 15114
9 15114
9 15116
9 15116
9 15117
9 15173
9 15176
105 15193
105 15193
105 15198
105 15198
105 15200
105 15200
105 15200
105 15200
105 15201
105 15201
105 15201
105 15201
105 15203
105 15203
105 15203
105 15203
105 15206
105 15206
9 15224
9 15229
9 15231
9 15231
9 15232
9 15232
9 15234
9 15304
9 15307
105 15398
105 15398
105 15404
105 15404
105 15406
105 15406
105 15409
105 15409
