106 689
86 1181
86 1847
88 1967
89 2174
106 3925
97 4616
106 4676
106 5315
90 6226
106 6412
88 7191
106 7237
88 7547
88 7552
106 8243
106 8272
106 8524
88 8663
92 8931
138 9364
138 9372
88 9636
86 9978
106 10135
106 10137
87 10407
106 10693
106 10696
106 10792
106 10880
106 10899
87 11001
95 11086
12 11227
16 11234
12 11777
16 11784
106 11836
106 12072
106 12075
106 12078
106 12081
106 12084
142 12576
106 12662
289 13521
289 13521
289 13521
289 13521
289 13521
289 13521
289 13849
289 13849
289 13849
289 13849
289 13849
289 13849
289 13849
289 13849
289 13849
87 14696
