104 290
104 663
104 961
104 961
104 1299
104 1380
104 1531
104 1930
104 1972
105 2343
105 2343
105 2345
105 2345
105 2360
105 2360
104 2744
126 3005
104 3022
104 3198
104 3375
104 3555
104 3602
104 3741
104 3800
104 4043
104 4046
104 4090
104 4093
126 4109
104 4121
104 4264
104 4297
126 5031
110 5485
110 5487
110 5487
110 5488
110 5644
110 5878
110 5880
110 5976
110 6008
110 6346
110 6510
104 6548
104 6549
110 6656
110 6657
104 6670
104 6854
104 6906
104 7069
104 7300
104 7361
126 7361
104 7421
104 7492
104 7588
126 7771
104 7830
104 7973
104 7974
104 8089
