104 289
104 666
104 955
104 957
104 1286
104 1370
104 1521
104 1933
104 1999
105 2369
105 2369
105 2371
105 2371
105 2371
105 2371
104 2595
126 3032
104 3182
104 3381
104 3539
104 3657
104 3709
104 3879
126 3925
104 3957
104 4079
104 4085
104 4085
104 4191
104 4483
104 4514
104 4853
104 4859
104 4860
104 4862
104 4886
104 4915
104 4919
104 5192
104 5194
126 5626
126 5799
104 5842
105 5921
105 5921
105 5924
105 5924
105 5927
105 5927
105 5930
105 5930
105 5933
105 5933
104 6012
104 6028
104 6048
104 6097
104 6152
104 6406
104 6440
104 6442
104 6473
126 6560
104 6578
104 6617
104 6622
104 6624
104 6657
104 6668
104 6785
104 6814
104 7034
104 7064
104 7069
104 7074
104 7076
104 7794
110 7925
110 7932
110 7932
110 7934
110 7934
110 7935
110 7935
110 7937
110 7937
110 7938
110 8432
110 8439
110 8439
110 8441
110 8800
110 8870
110 8875
110 8875
110 8877
110 8877
110 8878
110 8880
110 8946
110 9137
110 9143
110 9145
110 9157
110 9186
110 9189
110 9199
110 9228
110 9237
105 9420
105 9420
105 9426
105 9426
105 9428
105 9428
105 9428
105 9428
105 9500
105 9500
105 9570
105 9570
105 9927
105 9927
105 9934
105 9934
105 9936
105 9936
105 9936
105 9936
105 9937
105 9937
105 10239
105 10239
105 10244
105 10244
105 10406
105 10406
105 10412
105 10412
105 10414
105 10414
105 10414
105 10414
105 10415
105 10415
105 10415
105 10415
105 10416
105 10416
110 10627
110 10634
110 10634
110 10636
110 10636
110 10637
110 10637
110 10693
105 10877
105 10877
105 10883
105 10883
105 10884
105 10884
104 10913
104 10941
104 10954
104 10957
104 11006
104 11010
110 11389
110 11394
110 11394
110 11635
110 11642
110 11642
110 12057
494 12321
494 12328
494 12328
494 12329
494 12329
494 12331
494 12331
494 12542
494 12545
494 12601
110 12759
110 12765
110 12765
110 12766
110 12766
110 12768
110 12939
110 12945
110 13117
110 13123
110 13125
110 13125
110 13266
110 13270
494 13487
105 13510
105 13510
105 13517
105 13517
105 13517
105 13517
110 13781
110 13787
110 13787
105 13791
105 13791
105 13798
105 13798
105 13798
105 13798
105 13868
105 13868
110 14083
110 14201
110 14209
110 14209
110 14280
110 14286
110 14286
110 14288
104 14372
104 14377
104 14380
104 14806
104 14809
494 14814
494 14817
104 14840
494 14896
494 14998
110 15357
110 15363
110 15364
110 15364
110 15366
110 15366
110 15367
110 15367
110 15369
104 15784
105 16004
105 16004
105 16010
105 16010
105 16012
105 16012
105 16012
105 16012
105 16013
105 16013
105 16013
105 16013
105 16015
105 16015
105 16016
105 16016
105 16016
105 16016
105 16017
105 16017
105 16017
105 16017
494 16222
105 16318
105 16318
105 16325
105 16325
105 16325
105 16325
105 16392
105 16392
105 16733
105 16733
105 16740
105 16740
105 16740
105 16740
105 16741
105 16741
104 16848
104 16855
104 16920
104 16925
104 16971
104 17146
