104 286
104 696
104 965
104 965
104 1439
104 1512
104 1591
104 2015
104 2087
104 2267
104 2518
104 2772
105 3129
105 3129
104 3240
105 3337
105 3337
126 3534
126 3537
104 3551
104 3553
104 3948
104 3951
104 4103
104 4171
104 4197
126 4436
104 4565
104 4568
104 4584
104 4584
104 4586
104 4636
104 4888
104 5081
104 5084
104 5101
104 5163
126 5291
104 5305
104 5317
104 5330
104 5333
104 5485
104 5487
104 5531
104 5656
104 5656
104 5656
104 5740
104 5825
104 5825
104 6084
104 6085
104 6116
104 6245
104 6319
104 6342
104 6343
104 6510
104 6510
104 6545
104 6619
104 6619
104 6621
104 6645
105 6933
105 6933
105 7012
105 7012
105 7015
105 7015
126 7022
104 7027
104 7030
104 7033
104 7035
104 7038
110 7305
104 7500
104 7500
110 7540
110 7613
110 7614
110 7619
104 7744
110 7802
110 7804
110 7807
110 7810
104 7813
104 7879
110 8307
110 8310
104 8345
104 8354
104 8354
104 8354
104 8354
104 8355
104 8378
104 8411
104 8610
104 8615
104 8615
104 8615
104 8616
104 8697
110 9064
110 9214
104 9215
110 9216
110 9216
110 9218
110 9218
110 9218
104 9218
110 9440
104 9447
110 9941
110 9945
110 9945
110 9945
110 9945
110 9946
110 10113
110 10116
110 10344
110 10348
110 10348
110 10348
110 10348
494 11168
494 11172
494 11172
494 11173
494 11173
494 11173
494 11175
494 11175
494 11243
494 11245
494 11371
494 11374
494 11464
494 11467
494 11536
494 11674
494 11679
494 11680
110 11992
110 11996
110 11996
110 11996
110 12514
110 12519
110 12519
104 12746
104 12746
104 12746
104 13126
104 13129
110 13427
110 13430
110 13430
110 13431
110 13431
110 13942
110 13945
110 13947
110 13947
110 13947
110 13948
110 13948
110 13948
110 13948
110 13948
110 13949
110 13949
110 13949
110 13949
110 13949
110 13949
110 14183
110 14839
110 14843
110 14843
110 14845
110 14845
110 14846
110 14846
110 14846
110 14846
110 14846
110 15808
110 15812
110 15812
110 15813
110 15813
110 15813
110 15813
110 15813
110 15815
110 15815
110 15815
110 15966
110 15969
110 15970
104 16123
104 16768
104 16771
110 16784
110 16788
110 16788
110 16788
110 16789
110 16789
110 16789
110 16789
110 16791
110 16791
110 16791
110 16791
110 16791
110 16791
110 16792
110 16792
110 16792
110 16792
110 16792
110 16792
110 16794
110 16794
110 16794
110 16794
104 17117
104 17120
104 17123
104 17126
104 17129
104 17132
126 17323
126 17326
126 17329
110 17806
110 17809
126 18122
110 18464
110 18468
110 18468
110 18468
110 18469
110 18469
110 18469
110 18469
110 18471
110 18730
110 18734
110 18734
110 18734
110 18736
110 18736
110 18736
110 18737
110 18737
110 18838
110 18842
110 19041
110 19042
110 19203
110 19208
110 19208
110 19395
110 19399
110 19399
110 19399
110 19399
110 19401
110 19401
110 19401
110 19401
