106 696
86 1125
88 1588
89 1698
106 2900
86 3562
106 4231
99 4402
99 4461
138 4682
106 5052
106 5117
138 5172
99 5181
99 5581
87 5770
87 5819
138 5872
97 6119
88 6161
88 6190
106 6209
87 6300
87 6340
138 6526
106 6588
106 6906
87 6955
87 6987
99 7230
106 7276
87 7333
87 7346
95 7499
106 7732
106 8111
87 8135
106 8178
106 8250
87 8282
142 8333
106 8459
91 8641
138 8731
138 8748
88 9189
90 9247
96 9266
87 9477
87 9482
87 9501
87 9907
87 9930
138 9932
88 10066
88 10414
87 10452
87 10464
87 10494
86 10773
94 10847
106 10910
106 11079
106 11082
106 11092
106 11136
106 11296
106 11299
106 11334
87 11487
87 11515
87 11570
138 11580
87 11589
138 11604
106 11760
87 12154
106 12491
106 12538
12 12612
13 12619
142 12750
87 12791
12 13020
13 13027
142 13071
138 15015
87 15761
138 15774
138 15811
