104 286
104 652
104 968
104 970
104 1419
104 1498
104 1869
104 1950
104 2022
104 2241
104 2755
104 2960
104 2963
104 3195
104 3209
126 3401
104 3441
104 3444
126 3481
104 3671
104 3699
104 3954
104 4188
104 4191
126 4200
104 4374
104 4377
104 4380
104 4538
104 4662
104 4676
104 4840
104 4902
104 5053
104 5056
104 5278
104 5281
104 5284
104 5287
104 5337
110 5677
110 5703
110 6102
110 6166
110 6248
110 6268
110 6307
110 6470
110 6621
110 6651
110 6805
110 6900
110 6905
110 6964
110 7099
104 7118
104 7120
104 7123
104 7138
104 7440
104 7441
104 7477
104 7529
104 7532
104 7543
110 7619
110 7622
110 7624
104 7803
104 7806
104 7808
110 7889
110 7892
104 8060
104 8089
110 8397
110 8431
110 8498
110 8504
110 8642
110 8645
110 8659
110 8727
110 8767
110 8795
110 8841
110 8883
110 8962
110 9123
110 9126
110 9127
110 9132
110 9150
110 9192
110 9227
110 9322
110 9324
110 9525
110 9527
110 9585
110 9637
110 9771
110 9774
110 9824
110 9874
110 9905
110 10015
110 10087
110 10158
104 10188
104 10191
110 10243
110 10246
110 10249
110 10282
110 10378
110 10476
110 10479
110 10551
110 10567
110 10679
110 10689
110 10745
110 10905
110 10948
110 11016
110 11056
104 11066
104 11069
104 11072
104 11075
104 11077
110 11111
110 11296
110 11327
104 11377
104 11380
104 11387
110 11393
110 11416
110 11471
110 11512
110 11635
110 11643
110 11727
110 11829
110 11832
110 11855
110 12152
110 12320
110 12360
104 12517
110 12700
110 12703
110 12706
110 12812
110 12927
110 12929
110 12945
110 13104
110 13106
110 13109
110 13110
105 13136
105 13136
110 13214
110 13246
110 13310
110 13315
110 13372
110 13423
