104 299
104 673
104 1000
104 1001
104 1439
104 1528
104 1640
104 2031
104 2113
104 2136
104 2169
104 2202
104 2281
104 2569
104 3181
105 3203
105 3203
105 3209
105 3209
104 3310
126 3543
104 3582
104 3961
104 3962
104 3988
104 4162
104 4226
126 4274
104 4288
104 4577
126 4614
104 4636
104 4694
104 4764
104 4966
126 4967
104 5006
105 5213
105 5213
105 5217
105 5217
105 5268
105 5268
105 5301
105 5301
104 5356
104 5431
104 5446
104 5449
104 5455
126 5456
104 5887
104 5890
104 5891
104 5893
104 6159
104 6160
104 6163
105 6206
105 6206
105 6212
105 6212
104 6310
104 6363
104 6548
104 6599
104 6697
104 6702
104 6763
110 6814
110 6817
110 6818
104 6929
104 6930
104 6932
104 6935
104 7020
110 7053
104 7073
104 7076
104 7077
104 7109
104 7247
104 7618
104 7621
104 7626
104 7728
104 7729
104 7819
104 7840
104 7893
104 7895
104 7975
104 8027
104 8223
104 8226
110 8546
110 8547
110 8550
110 8652
110 8654
104 8836
104 8838
104 8839
104 8841
105 9006
105 9006
105 9012
105 9012
105 9042
105 9042
105 9063
105 9063
105 9121
105 9121
104 9125
105 9128
105 9128
104 9158
105 9161
105 9161
105 9168
105 9168
104 9191
105 9245
105 9245
104 9254
105 9423
105 9423
105 9429
105 9429
105 9430
105 9430
105 9430
105 9430
105 9596
105 9596
105 9603
105 9603
105 9605
105 9605
105 9605
105 9605
105 9606
105 9606
105 9606
105 9606
9 9854
104 9858
104 9861
9 9862
9 9862
9 9862
9 9863
9 9863
9 9865
9 9870
105 9980
105 9980
104 10221
104 10251
9 10479
9 10481
105 10504
105 10504
105 10506
105 10506
105 10509
105 10509
105 10510
105 10510
104 10615
104 10630
104 10669
104 10676
108 10700
108 10706
108 10707
108 10707
108 10709
108 10709
108 10710
108 10717
126 10775
105 10997
105 10997
105 11004
105 11004
105 11004
105 11004
105 11005
105 11005
108 11034
108 11037
105 11115
105 11115
105 11122
105 11122
105 11122
105 11122
105 11123
105 11123
105 11125
105 11125
9 11339
9 11341
9 11343
105 11351
105 11351
105 11358
105 11358
105 11358
105 11358
105 11473
105 11473
105 11479
105 11479
105 11479
105 11479
105 11480
105 11480
105 11639
105 11639
105 11644
105 11644
105 11646
105 11646
105 11646
105 11646
105 11646
105 11646
105 11647
105 11647
105 11745
105 11745
105 11751
105 11751
105 11752
105 11752
104 11757
104 11770
104 11802
104 12053
104 12055
104 12097
104 12098
108 12111
104 12120
108 12158
108 12161
108 12163
104 12192
104 12272
104 12482
104 12485
104 12487
108 12626
105 12805
105 12805
105 12812
105 12812
105 12812
105 12812
105 12813
105 12813
105 12813
105 12813
105 12815
105 12815
105 12815
105 12815
105 12817
105 12817
9 12959
9 12967
9 12967
9 12968
9 12969
9 12969
9 12971
9 12971
9 12972
9 12972
9 12974
105 13072
105 13072
105 13078
105 13078
105 13078
105 13078
9 13080
9 13083
9 13086
104 13244
105 13245
104 13245
105 13245
105 13252
105 13252
105 13252
105 13252
105 13254
105 13254
105 13261
105 13261
104 13268
104 13290
105 13508
105 13508
105 13513
105 13513
105 13517
105 13517
105 13544
105 13544
9 13554
9 13557
9 13562
9 13562
9 13564
105 13671
105 13671
105 13677
105 13677
105 13678
105 13678
105 13678
105 13678
105 14083
105 14083
105 14089
105 14089
105 14090
105 14090
105 14090
105 14090
105 14420
105 14420
105 14425
105 14425
105 14427
105 14427
105 14427
105 14427
105 14428
105 14428
105 14430
105 14430
105 14430
105 14430
9 14580
9 14586
9 14587
9 14587
9 14589
9 14589
9 14590
9 14590
9 14592
9 14592
9 14593
9 14595
9 14595
104 14837
104 14931
9 15008
9 15011
105 15357
105 15357
105 15482
105 15482
105 15508
105 15508
105 15514
105 15514
105 15515
105 15515
105 15516
105 15516
105 15516
105 15516
105 15516
105 15516
105 15518
105 15518
105 15537
105 15537
105 15581
105 15581
9 15582
9 15588
9 15588
9 15589
9 15591
9 15591
9 15592
9 15592
9 15594
9 15594
9 15595
9 15595
9 15596
9 15596
9 15598
9 15598
105 15673
105 15673
105 15679
105 15679
105 15836
105 15836
105 15843
105 15843
105 15845
105 15845
105 15845
105 15845
105 15868
105 15868
105 16038
105 16038
105 16045
105 16045
105 16045
105 16045
105 16045
105 16045
105 16046
105 16046
105 16048
105 16048
105 16048
105 16048
105 16049
105 16049
105 16049
105 16049
105 16051
105 16051
105 16051
105 16051
105 16052
105 16052
105 16052
105 16052
105 16053
105 16053
105 16055
105 16055
105 16055
105 16055
105 16160
105 16160
105 16166
105 16166
105 16167
105 16167
105 16167
105 16167
105 16169
105 16169
105 16169
105 16169
105 16170
105 16170
105 16171
105 16171
105 16171
105 16171
105 16193
105 16193
105 16199
105 16199
105 16200
105 16200
105 16202
105 16202
105 16202
105 16202
105 16203
105 16203
105 16203
105 16203
105 16205
105 16205
108 16498
108 16501
108 16503
108 16505
108 16507
105 16574
105 16574
9 16578
105 16580
105 16580
105 16582
105 16582
105 16582
105 16582
105 16583
105 16583
9 16584
9 16585
9 16585
9 16587
9 16587
9 16588
9 16588
9 16590
9 16594
9 16595
9 16598
9 16600
9 16603
105 16720
105 16720
105 16727
105 16727
105 16798
105 16798
105 16805
105 16805
105 16809
105 16809
9 16842
9 16847
9 16849
9 16849
9 16849
9 16964
9 16970
9 16971
9 16971
9 16973
9 16973
9 16974
9 16974
9 16975
9 16975
105 16976
105 16976
9 16977
9 16977
9 16978
9 16978
9 16980
9 16980
9 16981
105 16983
105 16983
105 16985
105 16985
105 17103
105 17103
105 17106
105 17106
