106 680
86 1115
88 1607
89 1698
106 2885
86 3567
106 4237
138 4346
106 4781
106 4948
138 5004
87 5043
106 5138
97 5202
88 5239
88 5375
87 5644
106 6022
106 6278
87 6443
106 7102
106 7493
88 7741
106 8075
87 8109
88 8146
106 8240
106 8304
106 8662
87 8973
96 9079
106 9210
106 9213
106 9216
106 9272
106 9305
106 9380
87 9407
106 9505
106 9560
87 10292
86 10421
138 10679
86 10997
90 11333
106 11372
12 11483
13 11490
106 11515
12 11572
12 11575
12 11577
13 11579
13 11582
13 11584
106 11613
106 12020
87 12039
88 12620
92 12639
106 12905
94 13384
