106 682
86 1116
88 1574
89 1688
86 3054
106 3566
138 3691
87 4219
106 4231
138 4266
106 4921
90 4963
138 5079
87 5198
87 5205
106 5648
87 5748
87 5779
138 5789
87 5933
106 6350
87 6363
87 6491
87 6503
106 6627
106 6634
87 6640
106 6978
87 7327
87 7330
88 7350
88 7353
138 7540
90 7656
106 7873
96 7898
106 7958
106 7961
86 7991
106 8006
87 8110
87 8189
87 8204
138 8418
138 8442
88 8584
87 8817
87 9246
106 9747
88 9807
91 9822
106 9828
106 9883
106 9934
138 10057
138 10070
138 10079
138 10085
87 10165
138 10290
138 10291
138 10303
87 10399
106 10818
87 10930
87 10936
87 10940
87 10943
87 10944
87 10952
87 11053
86 11056
87 11122
138 11182
138 11191
138 11202
88 11261
94 11271
86 11289
87 11310
138 11354
138 11354
138 11544
138 11584
138 11596
138 11607
138 11746
138 11751
106 11771
138 12085
138 12085
138 12086
138 12088
138 12089
138 12090
138 12123
92 12188
88 12191
88 12192
87 12283
87 12289
87 12294
87 12486
87 12487
87 12487
87 12491
87 12494
98 12724
99 12737
99 12750
87 12790
87 12793
87 12801
87 12803
87 12813
87 12814
106 12862
106 12865
87 12872
87 12877
87 12877
87 12878
87 12893
87 12898
87 12898
99 12973
87 13009
87 13042
87 13042
87 13043
87 13044
106 13201
106 13203
138 13268
138 13270
138 13293
138 13313
138 13364
88 13615
88 13621
87 13748
99 14033
86 14083
87 14112
87 14113
87 14113
87 14113
87 14116
87 14118
138 14170
138 14205
87 14234
87 14237
87 14239
87 14243
138 14499
138 14526
138 14573
138 14577
138 14616
99 14636
99 14643
99 14664
99 14679
138 14713
138 14888
138 14987
87 15000
87 15000
87 15001
138 15011
87 15056
138 15082
87 15826
87 15826
87 15829
88 15861
88 15971
12 16248
12 16250
12 16250
12 16250
14 16255
14 16257
14 16257
14 16257
289 16422
289 16424
289 16425
289 16429
289 16429
289 16432
289 16433
289 16434
289 16434
289 16437
138 16475
289 16529
289 16539
289 16544
289 16551
289 16570
289 16572
289 16572
289 16575
289 16575
289 16576
289 16592
289 16593
289 16774
289 16780
289 16783
289 16784
289 16784
289 16787
289 16789
289 16791
289 16794
289 16801
289 16806
289 16806
289 16856
824 16859
289 16869
289 16870
289 16877
289 16878
289 16879
289 16879
289 16879
289 16880
289 16885
289 16886
289 16892
289 16893
289 16936
289 16938
289 16939
289 16942
289 16944
289 16949
289 16956
289 16957
289 16965
289 16967
289 16969
289 16969
289 16974
289 16980
289 16980
289 17029
289 17037
289 17037
824 17038
289 17039
289 17041
289 17045
289 17046
289 17047
289 17047
289 17049
289 17051
289 17061
289 17071
289 17074
289 17078
87 17287
12 17382
14 17453
289 17559
289 17561
289 17563
289 17567
289 17567
289 17570
289 17577
289 17582
289 17598
289 17599
289 17600
289 17601
289 17602
289 17605
289 17612
289 17617
289 17619
289 17620
289 17633
289 17645
289 17651
289 17651
289 17654
289 17706
289 17706
289 17710
289 17712
289 17722
289 17726
289 17728
289 17729
289 17732
289 17732
289 17735
289 17737
289 17740
289 17741
289 17767
289 17780
289 17784
289 17784
289 17807
289 17812
289 17823
289 17831
289 17851
289 17856
289 17856
289 17860
289 17869
289 17877
289 17886
289 17888
289 17899
289 17903
289 17924
289 17924
289 17927
289 17933
289 17967
289 17969
289 17976
289 17983
289 18003
289 18010
289 18023
289 18050
289 18062
289 18091
87 18273
87 18276
87 18279
87 18307
87 18312
87 18315
87 18318
87 18895
87 18897
87 18897
87 18903
87 19255
87 19255
87 19262
87 19418
87 19442
87 19443
87 19443
87 19444
86 19685
87 19716
87 19721
87 19723
87 19726
87 19946
99 21208
99 21224
99 21280
99 21327
99 21343
99 21389
99 21399
99 21408
99 21413
99 21429
99 21491
87 21646
87 21658
87 21668
87 21681
87 21716
88 22097
87 22119
88 22129
12 22175
12 22187
87 22366
14 22474
14 22478
106 22489
86 22686
87 22910
92 23264
86 23359
99 23431
99 23462
99 23473
86 23503
99 23803
99 23834
289 23858
289 23861
99 23862
99 23883
289 23914
12 24152
87 24171
87 24282
14 24319
138 24609
138 24674
138 24869
99 25152
99 25221
289 25244
289 25244
289 25244
289 25244
289 25244
289 25244
289 25244
289 25244
289 25244
99 25259
87 25283
99 25291
12 25454
12 25457
12 25457
12 25457
12 25457
12 25457
12 25457
12 25459
12 25459
14 25461
14 25464
14 25464
14 25464
14 25464
14 25464
14 25464
14 25466
14 25466
88 25866
88 25871
99 25947
99 25962
99 25964
87 26853
87 26861
138 26996
138 27031
138 27263
138 27352
12 27362
12 27365
12 27365
12 27367
87 27706
14 27817
289 27992
289 27993
289 27998
289 28001
289 28002
289 28004
289 28005
289 28011
289 28012
289 28014
289 28015
289 28017
12 28047
12 28050
12 28050
12 28050
14 28166
14 28169
14 28169
14 28169
12 28614
12 28617
12 28617
12 28617
12 28617
12 28617
14 28733
14 28736
14 28736
14 28736
14 28736
14 28736
138 29493
138 29521
12 29691
12 29692
12 29692
99 29800
12 29804
12 29806
12 29806
12 29806
12 29807
12 29807
12 29807
12 29807
12 29807
12 29809
12 29809
99 29818
99 29838
14 29914
14 29915
14 29915
289 30274
289 30274
289 30274
289 30274
289 30274
289 30274
289 30274
289 30274
289 30274
12 30364
14 30395
289 30516
289 30516
289 30518
289 30519
289 30522
289 30527
289 30531
289 30535
289 30538
289 30543
289 30543
289 30543
289 30544
289 30545
289 30560
289 30560
289 30561
289 30564
289 30567
289 30570
289 30587
289 30588
289 30596
289 30603
289 30614
824 30615
289 30628
289 30628
289 30632
289 30634
289 30645
289 30648
289 30650
289 30653
289 30655
289 30656
289 30657
289 30660
289 30748
289 30755
289 30758
289 30758
289 30759
289 30760
289 30760
289 30761
289 30761
289 30762
289 30764
289 30766
289 30767
289 30769
289 30769
289 30773
289 30817
289 30822
289 30830
289 30830
289 30831
289 30832
289 30836
289 30852
289 30865
289 30866
289 30870
289 30873
289 30873
289 30874
289 30878
289 30882
289 30894
289 30897
289 30905
289 30906
289 30908
289 30914
289 30917
289 30925
289 30928
289 30933
824 30933
289 30958
824 30965
289 30992
289 31000
289 31003
289 31006
289 31010
289 31013
289 31020
289 31022
289 31023
289 31027
289 31031
289 31032
289 31032
289 31032
289 31038
289 31043
824 31068
12 31090
12 31093
12 31093
12 31094
14 31097
14 31100
14 31100
289 31117
289 31117
289 31120
289 31120
289 31120
289 31121
289 31123
289 31123
14 31125
289 31129
289 31129
289 31135
289 31138
289 31139
289 31140
289 31148
289 31283
289 31285
289 31287
289 31292
289 31311
289 31312
289 31319
289 31319
289 31321
289 31323
289 31338
289 31339
289 31346
289 31363
289 31371
289 31373
289 31380
289 31391
289 31434
289 31442
289 31444
289 31452
86 31657
12 32069
12 32070
289 32384
289 32386
289 32389
289 32390
289 32391
289 32395
289 32396
289 32397
289 32397
289 32398
289 32436
289 32438
289 32442
289 32448
289 32448
289 32452
289 32455
289 32457
138 32694
87 32813
87 32837
12 32912
12 32914
12 32914
12 32915
12 32915
12 32915
12 32915
12 32915
12 32915
88 32942
14 33057
88 33061
14 33066
14 33066
14 33074
14 33074
14 33081
14 33082
14 33087
12 33305
12 33308
12 33308
12 33308
88 33512
14 33627
14 33632
14 33675
14 33683
14 33764
14 33765
88 35000
106 35108
106 35109
824 35172
289 35240
289 35241
289 35242
289 35243
289 35243
289 35244
289 35245
289 35246
289 35247
289 35247
289 35250
289 35251
289 35252
289 35252
289 35253
289 35254
289 35255
289 35255
289 35256
289 35257
289 35261
289 35262
289 35312
289 35317
289 35317
88 35406
87 35603
87 35621
12 35731
12 35732
12 35733
12 35733
14 35780
14 35930
14 35931
138 35943
138 36126
289 36342
289 36342
289 36342
289 36342
289 36342
289 36342
289 36342
289 36342
289 36342
12 36635
12 36637
12 36637
12 36637
12 36639
12 36639
12 36639
12 36639
12 36639
12 36639
12 36639
12 36640
12 36640
12 36640
12 36640
12 36640
12 36640
12 36642
14 36642
12 36642
14 36644
14 36644
14 36644
14 36646
14 36646
14 36646
14 36646
14 36646
14 36646
14 36646
14 36647
14 36647
14 36647
14 36647
14 36647
14 36647
14 36649
14 36649
106 36757
289 37002
289 37002
289 37002
289 37002
289 37002
289 37002
289 37002
289 37002
289 37002
86 37152
289 37272
289 37272
289 37277
289 37278
289 37288
289 37289
289 37290
289 37290
289 37299
289 37300
289 37308
289 37309
289 37311
289 37311
289 37313
289 37314
289 37315
289 37369
289 37375
289 37376
289 37382
289 37389
289 37395
289 37399
289 37402
289 37404
289 37404
138 37406
289 37411
289 37417
289 37419
289 37674
289 37675
289 37676
289 37678
289 37680
106 37680
289 37681
289 37682
289 37683
289 37687
289 37687
87 38743
87 38748
12 38812
12 38815
12 38815
12 38815
12 38815
12 38815
12 38817
12 38817
12 38817
12 38817
87 38966
289 39065
289 39066
289 39067
289 39068
87 39081
289 39083
289 39086
14 39096
14 39096
14 39096
14 39099
14 39102
14 39102
14 39102
14 39102
289 39111
289 39113
289 39119
289 39119
289 39173
289 39174
289 39177
289 39178
289 39183
289 39185
289 39191
289 39195
289 39208
289 39208
289 39224
289 39226
289 39234
289 39240
289 39243
289 39262
88 39265
289 39277
289 39278
289 39279
289 39284
289 39291
289 39310
289 39312
289 39312
289 39327
289 39328
289 39342
289 39346
12 39352
12 39355
12 39355
12 39355
14 39359
14 39362
14 39362
14 39362
289 39367
289 39371
289 39372
289 39374
289 39375
289 39375
289 39377
289 39378
289 39388
289 39395
289 39439
289 39441
289 39442
289 39445
289 39461
289 39462
289 39470
289 39472
289 39479
289 39481
289 39483
289 39484
289 39516
289 39520
289 39524
289 39570
289 39573
289 39573
289 39574
289 39575
289 39576
289 39577
289 39578
289 39582
289 39583
289 39584
289 39584
289 39585
289 39590
289 39591
289 39599
289 39648
289 39660
289 39663
289 39668
289 39673
289 39693
289 39697
289 39698
289 39700
289 39703
289 39705
289 39709
289 39711
289 39711
289 39711
289 39711
289 39711
289 39711
289 39711
289 39711
289 39711
289 39715
289 39715
289 39716
289 39717
289 39722
289 39725
289 39727
289 39727
289 39728
289 39739
289 39739
289 39743
289 39744
289 39744
289 39754
289 39771
289 39774
289 39775
289 39783
289 39985
289 39985
289 39985
289 39985
289 39985
289 39985
289 39985
289 39985
289 39985
86 40484
87 40635
87 40780
12 41273
12 41275
12 41275
12 41275
12 41275
12 41275
12 41277
12 41277
12 41277
14 41280
14 41282
14 41282
14 41282
14 41282
14 41282
14 41284
14 41284
14 41284
87 41442
289 41501
289 41505
289 41524
289 41526
289 41527
289 41529
289 41537
289 41541
289 41541
289 41546
289 41552
289 41552
289 41556
289 41557
289 41558
289 41559
289 41560
289 41562
289 41562
289 41564
289 41566
289 41566
289 41566
289 41567
289 41568
289 41573
289 41574
289 41780
289 41785
289 41787
289 41791
289 41791
289 41791
289 41792
289 41794
289 41795
289 41800
289 41800
289 41801
289 41801
289 41802
289 41807
289 41810
289 41812
289 41813
289 41813
289 41816
289 41821
289 42151
289 42151
824 42156
289 42220
289 42348
88 42355
289 42358
12 42443
12 42444
12 42444
12 42446
12 42446
14 42603
14 42618
14 42621
14 42621
87 42791
289 43414
289 43414
289 43414
289 43414
289 43414
289 43414
289 43414
289 43414
289 43414
12 43769
12 43771
12 43771
12 43771
12 43771
12 43771
14 43866
14 43874
14 43882
14 43888
14 43914
14 43914
86 43928
289 43959
289 43965
289 44032
138 44049
289 44151
289 44152
289 44161
289 44165
289 44165
289 44169
289 44174
289 44176
289 44177
289 44178
289 44239
138 44242
12 44242
12 44245
12 44245
289 44258
289 44273
289 44276
289 44278
106 44293
289 44342
289 44343
289 44347
289 44348
289 44350
289 44351
289 44352
289 44354
289 44358
289 44358
289 44362
289 44363
14 44452
14 44452
824 44569
87 44689
87 44742
289 45022
289 45024
289 45031
289 45033
289 45376
289 45376
289 45378
289 45380
289 45380
289 45384
289 45386
289 45386
138 45580
138 45593
106 45637
12 45841
12 45844
12 45844
12 45844
12 45844
12 45846
12 45846
87 45856
14 45947
14 45947
14 45947
14 45947
14 45949
14 45949
14 45969
87 46019
289 46208
289 46209
289 46210
289 46211
289 46212
289 46212
289 46213
289 46213
289 46218
289 46218
289 46218
289 46219
289 46220
289 46220
289 46221
289 46222
289 46222
289 46223
289 46225
289 46225
289 46226
289 46227
289 46228
289 46237
289 46237
289 46239
289 46257
289 46261
289 46261
289 46264
289 46327
289 46341
289 46343
87 46350
289 46354
289 46355
289 46357
289 46360
289 46360
289 46363
289 46363
289 46364
289 46366
289 46367
289 46367
289 46370
289 46371
289 46379
289 46381
289 46383
289 46383
289 46384
289 46387
289 46388
289 46389
289 46394
289 46395
289 46436
289 46436
289 46443
289 46445
87 46706
87 46733
87 46747
12 46747
12 46750
87 46750
12 46813
12 46814
12 46814
12 46816
12 46816
14 46906
14 46909
14 46989
14 46991
14 46999
14 47004
14 47013
289 47081
289 47083
289 47084
289 47085
289 47085
289 47086
289 47087
289 47088
289 47089
289 47089
289 47090
289 47091
289 47091
289 47092
289 47092
289 47093
289 47094
289 47095
289 47096
289 47097
289 47097
289 47098
289 47104
289 47118
289 47119
289 47119
289 47135
289 47135
289 47136
289 47137
289 47138
289 47142
289 47142
289 47142
289 47142
289 47145
289 47146
289 47161
289 47177
138 47425
138 47436
289 47470
289 47470
289 47470
289 47470
289 47470
289 47470
289 47470
289 47470
289 47470
289 47525
289 47525
289 47529
289 47532
289 47532
289 47534
289 47535
289 47538
289 47538
289 47539
289 47540
289 47541
289 47549
289 47552
289 47555
289 47556
289 47558
289 47577
138 47748
150 47752
138 47966
824 48085
138 48253
289 48294
289 48295
289 48305
289 48307
289 48310
289 48312
289 48315
289 48316
289 48317
289 48320
289 48321
289 48323
289 48330
289 48332
289 48334
289 48334
289 48338
289 48345
289 48345
289 48347
289 48349
289 48359
289 48360
289 48360
289 48361
289 48361
289 48365
289 48365
289 48388
289 48395
289 48404
289 48414
289 48423
289 48424
289 48431
289 48438
86 48494
289 48620
289 48622
289 48623
289 48645
289 48646
289 48646
289 48646
289 48648
289 48648
289 48648
289 48648
289 48653
289 48655
289 48656
289 48657
289 48660
289 48662
289 48852
289 48852
289 48853
289 48857
289 48874
289 48878
289 48880
289 48882
289 48882
289 48883
289 48884
289 48884
289 48891
289 48892
289 48895
289 48896
289 48898
289 48898
289 48898
289 48899
289 48900
289 48902
289 48902
289 48905
289 48932
289 48935
289 48948
289 48950
289 48964
289 48966
289 48973
289 48974
289 48978
289 48991
289 48997
289 48999
289 49002
824 49061
87 49212
87 49217
87 49227
12 49454
12 49457
12 49457
12 49457
289 49656
289 49658
289 49659
289 49660
289 49661
289 49661
289 49662
289 49664
289 49665
289 49666
289 49667
289 49669
289 49670
289 49675
289 49675
289 49677
289 49680
289 49682
289 49726
289 49726
289 49733
289 49734
289 49735
289 49738
289 49743
289 49746
289 49749
289 49752
289 49757
289 49757
289 49761
289 49764
289 49766
289 49770
289 49778
289 49779
289 49780
289 49796
289 49796
289 49803
289 49809
289 49810
289 49816
289 49820
289 49820
289 49824
289 49824
289 49824
289 49828
289 49835
289 49835
289 49891
289 49892
289 49931
289 50036
289 50037
289 50038
289 50038
289 50038
289 50039
289 50039
289 50039
289 50040
289 50040
289 50040
289 50040
289 50041
289 50041
289 50043
289 50045
289 50046
289 50047
289 50047
289 50049
289 50056
289 50057
289 50094
289 50095
289 50098
289 50100
289 50105
289 50107
289 50134
824 50134
289 50135
289 50137
289 50142
289 50143
289 50144
289 50149
289 50151
289 50151
289 50153
824 50157
289 50165
289 50167
289 50169
289 50178
