104 287
104 735
104 973
104 975
104 1450
104 1541
104 1615
104 2026
104 2136
104 2280
104 2533
105 3147
105 3147
105 3149
105 3149
104 3241
104 3309
104 3450
104 3519
126 3552
126 3555
104 4067
104 4069
104 4325
104 4328
104 4508
104 4525
104 4580
104 4624
104 4691
126 4761
104 4780
104 4781
104 4850
104 4868
104 4921
104 5232
104 5333
104 5341
104 5399
104 5402
104 5485
104 5551
104 5554
104 5629
105 6029
105 6029
105 6032
105 6032
110 6260
110 6263
110 6263
110 6263
110 6310
126 6315
104 6834
104 6835
110 6890
110 6893
110 6896
110 6899
104 6905
110 7151
110 7154
104 7328
110 7364
110 7367
104 7456
104 7459
104 7462
104 7486
104 7487
104 7498
104 7499
104 7595
104 7598
104 7814
104 7817
104 7820
104 8200
104 8203
104 8260
110 8318
110 8320
110 8324
104 8423
104 8425
104 8478
104 8511
104 8544
105 8691
105 8691
105 8692
105 8692
105 8692
105 8692
104 8740
104 8743
104 8743
104 8743
104 8743
104 8743
104 8884
104 8887
104 8888
104 8888
104 9232
126 9749
110 9971
110 9975
110 9975
108 10011
108 10013
108 10022
108 10024
108 10026
108 10031
110 10108
110 10110
110 10184
110 10187
110 10519
110 10522
110 10522
110 10524
110 10524
110 10699
110 10702
110 10702
110 10702
110 10968
110 10971
110 11105
110 11108
110 11108
110 11108
110 11108
110 11109
