104 290
104 686
104 985
104 997
104 1478
104 1555
104 1623
104 2059
104 2118
104 2126
104 2300
104 2567
104 2768
105 3166
105 3166
105 3170
105 3170
104 3404
126 3565
126 3569
104 3815
104 3926
104 3931
104 3997
104 4001
104 4246
105 4302
105 4302
126 4364
104 4480
104 4636
104 4639
104 4712
104 4717
104 4721
104 4725
104 5038
104 5042
104 5321
104 5325
104 5711
104 5716
104 5720
104 5724
126 5923
104 5963
104 5967
126 6085
105 6242
105 6242
105 6246
105 6246
105 6249
105 6249
105 6383
105 6383
105 6553
105 6553
105 6565
105 6565
126 6722
105 6724
105 6724
105 6727
105 6727
105 6829
105 6829
126 6907
105 6989
105 6989
105 6993
105 6993
105 6996
105 6996
105 7155
105 7155
105 7158
105 7158
126 7162
104 7259
105 7296
105 7296
105 7300
105 7300
105 7303
105 7303
105 7306
105 7306
104 7322
104 7473
104 7477
104 7716
104 7721
104 7725
104 7846
104 7850
104 7855
104 7859
104 7937
104 7941
104 8010
104 8014
104 8204
104 8209
105 8675
105 8675
105 8686
105 8686
105 8686
105 8686
105 8688
105 8688
105 8688
105 8688
105 8689
105 8689
105 8689
105 8689
105 8691
105 8691
105 8692
105 8692
9 8805
9 8808
9 8812
9 8815
9 8819
105 8829
105 8829
105 8840
105 8840
105 8842
105 8842
105 8842
105 8842
105 8843
105 8843
104 9016
