104 300
104 649
104 961
104 971
104 1430
104 1512
104 1934
104 2002
104 2101
104 2262
104 2488
104 3042
104 3045
104 3241
104 3244
126 3396
104 3447
104 3450
126 3511
105 3796
105 3796
104 3918
104 4060
104 4164
104 4167
104 4400
104 4403
104 4403
104 4583
104 4598
104 4655
104 4691
104 4750
104 4803
104 4950
104 4986
104 5173
104 5213
104 5249
104 5301
104 5330
104 5387
104 5416
104 5475
104 5501
110 5844
110 5847
104 5862
104 5870
104 5881
110 6152
110 6345
110 6345
110 6366
110 6447
110 6556
110 6775
110 6778
126 6877
110 6941
110 7129
110 7138
110 7272
110 7433
110 7436
110 7514
110 7515
110 7614
110 7696
110 7699
110 7843
110 7846
110 7848
110 8007
110 8009
110 8016
104 8232
104 8235
104 8237
110 8301
110 8302
104 8469
104 8471
104 8475
104 8476
104 8479
104 8482
104 8482
104 8594
104 8701
104 8704
104 8704
104 8934
104 8937
104 8938
110 9116
110 9119
110 9121
110 9232
110 9235
110 9240
110 9337
110 9340
110 9530
110 9533
110 9617
110 9627
110 9831
110 10086
110 10086
110 10086
110 10087
110 10089
110 10247
110 10313
110 10316
110 10316
110 10316
110 10475
110 10711
110 10714
110 10714
110 10714
110 10714
110 10715
110 10865
110 10869
110 10869
110 11011
110 11014
110 11014
110 11014
110 11068
110 11078
110 11240
110 11243
110 11243
110 11243
110 11324
110 11478
110 11510
110 11582
110 11740
110 11741
110 11895
126 11964
104 12021
110 12051
110 12052
104 12054
110 12055
104 12087
126 12221
110 12307
126 12447
110 12520
110 12523
110 12523
110 12668
110 12671
110 12671
110 12824
110 12827
110 12827
110 12981
110 13063
110 13066
110 13179
110 13182
110 13182
110 13184
110 13274
110 13277
110 13277
110 13362
110 13506
110 13509
110 13509
110 13651
110 13656
110 13777
110 13780
110 13782
110 14711
110 14714
110 14889
110 14892
110 14892
110 14892
110 14892
110 14892
110 15010
110 15118
110 15123
110 15750
110 15750
110 15750
110 15986
110 15989
110 16284
110 16289
110 16289
110 16289
110 16289
110 16289
110 16289
110 16289
110 16290
110 16290
110 16360
110 16363
110 16363
110 16363
110 16363
110 16453
110 16455
110 16457
110 16457
110 16457
110 16457
110 16457
110 16460
110 16913
110 16916
110 16916
110 16916
110 16916
110 16918
110 17011
110 17014
110 17014
110 17014
110 17020
126 17022
110 17100
110 17103
110 17103
110 17207
110 17210
110 17210
110 17424
110 17427
110 17427
110 17429
110 17429
110 17429
110 17429
