104 286
104 450
104 642
104 905
104 1066
104 1069
104 1413
104 1969
104 2064
104 2432
104 2465
105 2520
105 2520
105 2521
105 2521
104 2595
104 2698
126 3003
104 3022
104 3578
104 3581
104 3653
104 3821
104 3892
104 4005
104 4062
104 4064
126 4099
104 4129
104 4203
105 4801
105 4801
105 4850
105 4850
105 5060
105 5060
105 5086
105 5086
105 5131
105 5131
105 5288
105 5288
105 5459
105 5459
105 5492
105 5492
105 5551
105 5551
105 5561
105 5561
105 5574
105 5574
105 5577
105 5577
105 5583
105 5583
9 5959
9 5959
9 5959
9 5959
9 5959
9 5959
9 5959
9 5959
105 6049
105 6049
105 6179
105 6179
105 6320
105 6320
105 6323
105 6323
105 6326
105 6326
105 6330
105 6330
105 6363
105 6363
105 6442
105 6442
105 6457
105 6457
105 6629
105 6629
105 6664
105 6664
104 6818
105 6824
105 6824
105 6825
105 6825
105 6828
105 6828
105 6867
105 6867
105 6873
105 6873
9 6988
104 6992
9 6996
9 6996
9 6997
104 7008
104 7011
104 7220
104 7272
104 7336
104 7451
104 7454
105 7597
105 7597
105 7599
105 7599
105 7604
105 7604
105 7648
105 7648
104 7738
104 7741
104 7781
104 7810
104 7859
104 7862
104 7955
105 8136
105 8136
105 8149
105 8149
105 8194
105 8194
105 8197
105 8197
105 8200
105 8200
105 8430
105 8430
9 8498
9 8504
9 8506
9 8506
9 8506
105 8607
105 8607
105 8642
105 8642
105 8712
105 8712
105 8718
105 8718
105 8721
105 8721
105 8738
105 8738
105 8894
105 8894
105 8895
105 8895
105 8902
105 8902
9 9028
9 9035
9 9035
9 9035
9 9035
105 9793
105 9793
105 9867
105 9867
105 9888
105 9888
105 9911
105 9911
105 9916
105 9916
105 9967
105 9967
105 9976
105 9976
105 9976
105 9976
105 9976
105 9976
105 9976
105 9976
105 9976
105 9976
105 9977
105 9977
105 9977
105 9977
105 10012
105 10012
126 10034
105 10087
105 10087
105 10124
105 10124
105 10219
105 10219
105 10247
105 10247
105 10311
105 10311
105 10468
105 10468
105 10535
105 10535
104 10700
104 10840
104 10843
104 10853
105 11047
105 11047
105 11149
105 11149
105 11213
105 11213
105 11280
105 11280
105 11390
105 11390
105 11427
105 11427
105 11479
105 11479
104 11606
105 11873
105 11873
105 12036
105 12036
105 12127
105 12127
105 12201
105 12201
105 12363
105 12363
105 12371
105 12371
105 12439
105 12439
105 12498
105 12498
105 12551
105 12551
105 12617
105 12617
104 12685
105 12714
105 12714
104 12763
104 12872
104 12936
104 13019
104 13189
104 13192
