104 306
104 670
104 964
104 967
104 1423
104 1515
104 1587
104 1997
104 2069
104 2245
104 2494
105 3088
105 3088
105 3090
105 3090
104 3224
104 3231
126 3488
126 3493
104 3499
104 3502
104 3824
104 4154
104 4191
104 4296
105 4362
105 4362
126 4490
104 4538
104 4539
104 4565
104 4568
104 4573
105 4801
105 4801
104 5242
104 5245
104 5248
104 5251
126 5289
104 5310
105 5325
105 5325
105 5329
105 5329
104 5441
104 5478
104 5645
104 5649
104 5649
104 5721
104 5724
105 6182
105 6182
110 6358
110 6366
110 6443
110 6499
110 6500
110 6641
110 6746
110 6749
110 6834
105 6963
105 6963
105 6965
105 6965
105 6965
105 6965
105 6966
105 6966
105 6966
105 6966
105 7171
105 7171
105 7173
105 7173
105 7173
105 7173
105 7506
105 7506
105 7509
105 7509
105 7509
105 7509
105 7509
105 7509
105 7509
105 7509
105 7861
105 7861
105 7864
105 7864
105 7864
105 7864
105 7866
105 7866
105 7866
105 7866
105 7866
105 7866
105 7866
105 7866
104 7944
104 7953
105 8625
105 8625
105 8628
105 8628
105 8628
105 8628
105 8628
105 8628
105 8629
105 8629
105 8901
105 8901
105 8904
105 8904
105 8904
105 8904
105 8904
105 8904
105 8904
105 8904
105 8904
105 8904
105 9016
105 9016
105 9019
105 9019
126 9143
105 9209
105 9209
105 9212
105 9212
105 9212
105 9212
110 9506
110 9509
110 9511
110 9511
110 9511
110 9758
110 9761
110 9764
126 9788
104 9824
104 9826
105 10048
105 10048
105 10053
105 10053
110 10079
110 10258
110 10259
110 10262
105 10312
105 10312
105 10492
105 10492
105 10495
105 10495
110 10534
110 10537
110 10541
110 10629
110 10865
110 10868
110 10871
104 11124
104 11127
104 11130
104 11133
104 11137
110 11418
110 11421
110 11690
110 11700
110 11854
110 11857
126 11887
126 11890
126 11892
110 12050
110 12053
110 12053
110 12233
110 12235
110 12235
110 12364
110 12368
110 12798
110 12801
110 12801
110 12801
110 12801
110 12803
104 12860
110 12892
105 13074
105 13074
105 13077
105 13077
105 13077
105 13077
105 13296
105 13296
105 13384
105 13384
105 13387
105 13387
105 13387
105 13387
105 13387
105 13387
105 13388
105 13388
105 13388
105 13388
105 13388
105 13388
105 13388
105 13388
105 13388
105 13388
105 13634
105 13634
110 13678
110 13681
110 13872
110 13879
