106 676
86 1046
88 1732
89 1790
88 2311
106 3586
138 3749
86 3964
99 4519
106 4735
87 4862
97 5102
88 5115
106 5118
106 5204
87 5434
95 5891
106 6534
106 6753
106 6775
142 6956
289 7158
289 7158
289 7158
289 7158
289 7158
289 7158
289 7158
289 7158
289 7158
86 8333
90 8421
106 8502
87 8507
106 8568
106 8694
106 8780
106 8838
88 9168
106 9716
106 9822
106 10329
12 10544
12 10547
12 10550
13 10757
13 10759
13 10762
106 11049
106 11099
289 11108
289 11108
289 11108
289 11108
289 11108
289 11108
289 11108
289 11108
289 11108
106 11178
