104 762
104 862
104 1017
105 1824
105 1824
105 1827
105 1827
105 1846
105 1846
105 2085
105 2085
126 2288
105 2320
105 2320
104 2467
104 2500
105 2606
105 2606
104 2760
104 2956
105 3746
105 3746
105 3749
105 3749
105 3752
105 3752
105 3909
105 3909
105 4145
105 4145
105 4418
105 4418
105 4516
105 4516
105 4519
104 4519
105 4519
104 4522
105 4542
105 4542
104 4563
105 4772
105 4772
104 4855
104 4858
104 5022
126 5024
104 5025
104 5229
104 5531
104 5544
105 5799
105 5799
105 5802
105 5802
105 5948
105 5948
105 5951
105 5951
105 6123
105 6123
105 6125
105 6125
105 6310
105 6310
105 6313
105 6313
105 6315
105 6315
104 6457
104 6460
104 6463
104 6465
104 6473
104 6530
104 6799
104 6802
104 6997
104 7000
104 7040
104 7043
104 7047
104 7310
104 7345
104 7444
104 7495
105 7779
105 7779
105 7782
105 7782
105 7997
105 7997
105 8000
105 8000
104 8047
104 8050
104 8472
104 8475
104 8495
104 8498
126 8721
110 8803
110 8806
110 9048
110 9052
110 9257
110 9260
110 9264
110 9267
110 9461
110 9466
110 9653
110 9720
104 9978
104 10072
104 10105
110 10378
110 10382
110 10385
110 10388
110 10505
110 10509
110 10610
110 10778
110 10781
110 10785
104 10801
110 10878
110 10882
110 10885
110 10888
110 10891
110 11600
110 11603
110 11607
110 11610
110 11613
110 11865
110 11868
110 11871
110 11875
104 12164
104 12180
104 12230
110 12242
110 12245
110 12248
110 12252
110 12255
110 12264
104 12374
104 12377
110 12809
110 12814
110 12817
110 12819
110 13060
110 13063
110 13067
110 13070
110 13280
110 13284
110 13287
110 13290
110 13342
104 13430
104 13432
104 13435
104 13442
108 13654
108 13658
110 13846
108 13903
108 13906
110 14024
110 14027
110 14030
110 14198
110 14203
110 14206
104 14372
104 14385
104 14388
104 14391
108 14664
108 14667
110 15176
110 15180
110 15183
110 15186
110 15189
110 15193
110 15372
110 15374
110 15377
110 15380
110 15458
110 15737
110 15742
110 15927
110 15930
110 16048
110 16051
110 16145
110 16229
110 16297
110 16496
110 16499
110 16502
110 16778
110 16782
110 16785
108 17034
108 17038
