106 686
86 1070
88 1551
89 1654
86 2814
106 3561
138 3584
87 4559
138 4657
106 4665
106 5114
87 5144
106 5422
106 5737
138 6132
97 6206
87 6229
87 6231
99 6256
99 6288
99 6393
88 6421
88 6442
106 7597
87 7657
87 7694
87 7716
106 7784
12 7867
138 7874
15 7874
138 7951
90 7973
90 8001
88 8033
106 8037
88 8044
87 8335
87 8358
94 8434
88 8459
87 8476
106 8524
106 8699
138 8879
106 8918
106 9039
106 9210
106 9252
106 9318
106 9589
87 9644
87 9707
87 9726
138 9764
87 9775
138 9779
87 9853
86 9856
106 9867
96 9973
87 10383
87 10414
87 10438
86 10573
138 10637
106 10697
138 10733
87 10796
87 10805
138 10811
87 10816
138 10831
87 10915
87 11069
138 11384
138 11391
106 11535
87 11772
86 11835
138 12019
87 12025
87 12035
87 12096
87 12096
87 12099
87 12101
93 12243
87 12297
106 12325
87 12430
106 12940
106 13041
92 13067
106 13098
106 13239
289 13549
289 13549
289 13549
289 13549
289 13549
289 13549
289 13549
289 13549
289 13549
92 14268
106 14564
106 14929
106 15019
