88 516
106 805
86 1179
88 1611
89 1671
86 3136
106 3648
138 3700
87 4251
87 4299
138 4309
106 4368
106 4689
106 4777
87 4955
87 4955
138 5210
99 5663
106 5694
99 5838
99 6209
87 6247
106 6306
97 6723
88 6834
88 6845
87 6879
88 7055
138 7068
88 7081
87 7130
106 7211
106 7279
106 7556
106 7588
90 7779
90 7810
106 7929
88 8484
138 8563
138 8570
138 8580
138 8585
87 8678
91 8744
138 9019
138 9022
138 9024
86 9112
138 9327
138 9339
87 9397
94 9686
106 10057
106 10060
106 10073
86 10119
106 10155
87 10366
87 10379
87 10385
138 10402
138 10416
99 10782
138 10827
138 10835
138 10865
138 10878
138 10880
138 10897
138 10949
138 10992
87 11015
87 11028
87 11041
138 11046
87 11050
138 11069
87 11171
87 11177
87 11179
106 11315
106 11342
106 11397
106 11427
87 11482
87 11502
87 11504
87 11506
87 11506
87 11508
87 11508
87 11511
138 11730
138 11745
138 11759
88 11829
88 11859
99 12067
87 12107
87 12257
87 12258
87 12258
87 12262
87 12264
87 12270
106 12382
106 12387
106 12390
87 12656
106 12704
106 12707
87 12721
87 12751
87 12762
106 12934
106 12937
86 12950
106 13206
87 13368
87 13373
87 13373
87 13379
87 13523
12 13569
12 13572
15 13576
15 13579
87 13596
95 13726
87 13993
106 14178
88 14243
98 14261
88 14268
98 14272
138 14468
138 14522
138 14560
142 14581
106 14660
106 14662
87 14666
87 14675
87 14676
87 14677
12 15241
15 15248
824 15633
824 15986
824 16171
87 16904
87 17132
87 17135
87 17154
87 17200
142 17258
142 17577
106 18457
99 18674
99 18684
142 19046
87 19182
87 19430
142 19473
87 19749
87 19758
87 19767
86 19787
142 19905
88 20028
142 20244
92 20413
142 20471
142 21025
106 21316
106 21329
106 21369
106 21382
88 22144
88 22210
824 22212
824 22238
824 22277
87 22910
