104 287
104 679
104 980
104 980
104 1448
104 1543
104 1603
104 2026
104 2094
104 2271
104 2517
104 2757
105 3183
105 3183
104 3284
105 3376
105 3376
104 3464
104 3487
126 3579
104 3715
104 3732
126 3860
104 3990
104 4044
104 4420
104 4431
104 4464
104 4691
104 4771
104 4777
104 4778
104 4778
104 4780
126 4795
104 4922
104 4984
104 4990
105 5279
105 5279
105 5285
105 5285
105 5532
105 5532
105 5538
105 5538
105 5538
105 5538
105 5540
105 5540
105 5655
105 5655
105 5661
105 5661
105 5911
105 5911
105 5917
105 5917
105 5917
105 5917
105 5918
105 5918
105 5925
105 5925
105 6077
105 6077
105 6082
105 6082
105 6269
105 6269
105 6274
105 6274
105 6275
105 6275
105 6277
105 6277
105 6277
105 6277
105 6432
105 6432
105 6438
105 6438
9 6636
9 6642
9 6643
9 6643
9 6644
9 6644
9 6646
9 6857
105 6860
105 6860
105 6865
105 6865
105 6865
105 6865
105 6867
105 6867
105 6867
105 6867
105 7384
105 7384
105 7389
105 7389
105 7391
105 7391
105 7392
105 7392
105 7392
105 7392
105 7392
105 7392
105 7394
105 7394
105 7395
105 7395
105 7395
105 7395
105 7397
105 7397
9 7407
9 7413
105 7581
105 7581
105 7587
105 7587
105 7587
105 7587
105 7827
105 7827
105 7833
105 7833
105 7833
105 7833
105 7834
105 7834
105 7834
105 7834
105 7836
105 7836
105 7933
105 7933
104 8181
104 8188
104 8190
104 8190
104 8213
104 8283
104 8291
104 8291
104 8292
104 8314
104 8341
104 8402
104 8476
104 8489
104 8667
104 8723
104 8730
104 8731
104 8731
104 8733
104 8733
104 8859
104 8925
104 9005
104 9012
104 9012
104 9344
104 9641
104 9648
104 9648
104 9650
104 9650
104 9651
104 9651
104 9652
104 9652
104 9654
104 9655
110 10436
110 10441
110 10443
110 10443
110 10444
110 10444
110 10446
110 10446
110 10447
110 10447
110 10449
110 10450
110 10800
110 10804
110 10809
110 10925
110 10931
110 10932
110 11091
110 11098
105 11179
105 11179
105 11185
105 11185
105 11187
105 11187
105 11187
105 11187
105 11188
105 11188
105 11365
105 11365
105 11371
105 11371
105 11371
105 11371
105 11372
105 11372
105 11372
105 11372
105 11374
105 11374
105 11374
105 11374
105 11667
105 11667
105 11673
105 11673
105 11675
105 11675
105 11675
105 11675
105 11676
105 11676
105 11676
105 11676
9 11780
9 11786
9 11786
9 11788
9 11789
