104 293
104 673
104 975
104 975
104 1437
104 1532
104 1604
104 2023
104 2091
104 2100
104 2252
104 2487
105 3121
105 3121
105 3124
105 3124
104 3235
104 3270
104 3447
104 3476
126 3530
126 3532
104 3923
104 3995
104 4252
104 4362
104 4365
104 4489
104 4619
104 4678
104 4691
104 4692
104 4964
104 5298
104 5317
104 5356
104 5357
104 5360
126 5404
104 5533
104 5534
126 5600
104 5628
105 5839
105 5839
105 5842
105 5842
104 5903
104 5904
104 5962
104 5965
126 6019
104 6084
104 6121
104 6208
104 6366
104 6369
104 6425
104 6427
104 6463
104 6465
104 6468
104 6546
104 6814
104 6873
104 6876
104 6992
126 7182
126 7289
104 7308
104 7318
104 7371
104 7426
104 7428
104 7441
104 7588
104 7591
104 7593
104 7597
104 7600
126 7605
104 7644
104 7653
104 7829
104 7832
104 8088
104 8161
104 8291
104 9153
104 9153
112 9250
112 9253
112 9253
112 9253
112 9253
112 9253
112 9253
112 9351
104 9552
104 9553
104 9553
104 9553
104 9553
104 9553
104 9553
104 9555
104 9555
112 9809
112 9830
104 9877
104 9877
104 9877
104 9877
104 9877
9 10656
9 10658
9 10659
105 10674
105 10674
105 10677
105 10677
105 10677
105 10677
105 10677
105 10677
105 10677
105 10677
105 10677
105 10677
105 10677
105 10677
105 10677
105 10677
105 10678
105 10678
9 10954
105 10955
105 10955
9 10956
9 10956
105 10958
105 10958
105 10958
105 10958
105 10958
105 10958
105 10958
105 10958
105 10958
105 10958
105 10958
105 10958
105 10959
105 10959
105 10959
105 10959
105 11092
105 11092
9 11160
9 11161
9 11163
9 11163
9 11163
9 11163
9 11163
105 11202
105 11202
105 11204
105 11204
105 11205
105 11205
105 11318
105 11318
105 11320
105 11320
105 11320
105 11320
105 11378
105 11378
105 11549
105 11549
105 11551
105 11551
105 11552
105 11552
105 11552
105 11552
105 11552
105 11552
105 11552
105 11552
105 11552
105 11552
105 11552
105 11552
105 11554
105 11554
105 11817
105 11817
105 11820
105 11820
105 11820
105 11820
105 11820
105 11820
104 11873
104 11873
104 11873
104 11873
104 12097
104 12099
104 12101
104 12104
104 12115
104 12118
9 12198
9 12201
9 12201
9 12201
9 12201
9 12202
9 12202
105 12242
105 12242
105 12245
105 12245
105 12245
105 12245
9 12340
9 12343
9 12343
9 12343
9 12345
9 12345
9 12345
105 12390
105 12390
105 12391
105 12391
105 12391
105 12391
105 12391
105 12391
104 12438
105 12682
105 12682
105 12684
105 12684
105 12685
105 12685
105 12685
105 12685
105 12685
105 12685
105 12685
105 12685
105 12944
105 12944
105 12946
105 12946
104 13412
104 13415
104 13418
104 13430
104 13431
104 13434
9 13561
9 13564
9 13564
9 13564
9 13565
9 13565
9 13565
9 13565
105 13601
105 13601
105 13603
105 13603
105 13603
105 13603
104 13651
112 13662
112 13665
105 13740
105 13740
105 13743
105 13743
105 13743
105 13743
105 13743
105 13743
105 13743
105 13743
9 14013
9 14014
105 14047
105 14047
105 14050
105 14050
105 14050
105 14050
105 14050
105 14050
105 14050
105 14050
105 14050
105 14050
105 14051
105 14051
105 14051
105 14051
105 14051
105 14051
105 14051
105 14051
105 14051
105 14051
105 14053
105 14053
105 14053
105 14053
105 14053
105 14053
9 14150
9 14153
9 14153
9 14153
9 14153
9 14153
9 14154
9 14154
9 14154
9 14154
105 14263
105 14263
105 14266
105 14266
9 14392
9 14393
9 14394
9 14394
9 14394
9 14394
9 14394
9 14396
9 14396
9 14396
105 14493
105 14493
105 14494
105 14494
105 14494
105 14494
105 14494
105 14494
105 14496
105 14496
105 14496
105 14496
105 14496
105 14496
105 14723
105 14723
105 14725
105 14725
105 14725
105 14725
105 14830
105 14830
105 14833
105 14833
105 14833
105 14833
105 14833
105 14833
105 14833
105 14833
105 14833
105 14833
105 15056
105 15056
105 15057
105 15057
105 15059
105 15059
105 15059
105 15059
105 15059
105 15059
105 15059
105 15059
105 15170
105 15170
105 15172
105 15172
105 15172
105 15172
105 15290
105 15290
105 15293
105 15293
105 15293
105 15293
105 15293
105 15293
105 15293
105 15293
9 15530
9 15533
9 15533
9 15533
9 15533
9 15533
9 15533
105 15662
105 15662
105 15663
105 15663
105 15665
105 15665
105 15665
105 15665
105 15665
105 15665
105 15665
105 15665
105 15665
105 15665
105 16379
105 16379
105 16382
105 16382
105 16382
105 16382
105 16382
105 16382
105 16382
105 16382
105 16382
105 16382
105 16383
105 16383
105 16383
105 16383
105 16383
105 16383
105 16383
105 16383
105 16383
105 16383
105 16383
105 16383
105 16508
105 16508
105 16511
105 16511
105 16511
105 16511
105 16513
105 16513
105 16518
105 16518
109 16618
9 16640
9 16641
9 16643
9 16643
9 16643
9 16643
9 16644
9 16644
9 16644
9 16644
9 16644
9 16878
9 16880
9 16880
9 16880
9 16880
9 16880
9 16880
9 16882
9 16882
9 16882
105 17080
105 17080
105 17083
105 17083
105 17083
105 17083
105 17083
105 17083
105 17084
105 17084
105 17084
105 17084
105 17084
105 17084
105 17084
105 17084
105 17084
105 17084
105 17090
105 17090
105 17185
105 17185
105 17188
105 17188
105 17188
105 17188
105 17188
105 17188
105 17188
105 17188
105 17188
105 17188
105 17189
105 17189
105 17189
105 17189
105 17189
105 17189
105 17254
105 17254
105 17255
105 17255
105 17255
105 17255
105 17257
105 17257
105 17257
105 17257
105 17257
105 17257
