104 283
104 649
104 945
104 1338
104 1413
104 1502
104 1596
104 2003
104 2072
104 2313
104 2546
104 2839
104 2890
105 3245
105 3245
105 3406
105 3406
104 3461
104 3503
126 3514
126 3520
104 3607
104 3777
104 4076
104 4142
104 4257
126 4450
104 4498
104 4501
104 4529
104 4531
104 4531
104 4563
104 4935
104 4937
104 4937
104 5007
104 5133
126 5279
104 5317
104 5317
104 5495
104 5495
104 5514
104 5681
104 5731
104 5769
104 5907
104 5907
104 5907
104 5910
104 6196
104 6257
104 6257
110 6507
110 6602
110 6605
104 6622
104 6622
104 6686
126 6687
104 6689
104 6691
110 6732
110 6735
110 6738
104 6740
110 7590
110 7593
110 7594
110 7753
110 7757
110 7757
110 7757
110 7912
110 7915
110 7917
104 7932
104 7935
104 7938
110 8243
110 8246
110 8248
110 8248
104 8377
104 8377
104 8379
104 8379
104 8668
104 8671
104 8674
110 8957
110 8960
110 8960
110 8962
110 9247
110 9250
110 9250
104 9264
104 9297
104 9330
110 9379
110 9382
110 9582
110 9586
110 9586
110 9586
110 9586
110 9588
110 9846
110 9850
110 9933
110 9936
110 9938
110 10177
110 10179
110 10179
110 10184
110 10420
110 10424
110 10424
110 10424
110 10426
110 10617
110 10621
110 10621
