106 692
86 1113
88 1619
89 1731
106 2897
86 3572
106 4272
138 4526
87 5037
138 5060
106 5140
97 5433
88 5474
88 5489
106 5553
87 5585
87 5659
106 5885
88 6499
90 6544
106 6596
138 6633
87 6798
88 7143
87 7546
87 7548
106 7571
87 7589
86 7596
106 7768
106 7847
106 7961
96 8162
87 8381
87 8443
106 8574
106 8623
106 8633
106 8760
106 8822
87 8867
138 8913
138 8923
106 8994
106 9074
106 9448
87 9573
87 9581
138 9773
106 10516
106 10575
106 10618
106 10643
106 10704
106 10761
106 10789
87 10893
87 10917
87 11384
87 11410
12 11941
12 11944
13 11948
13 11951
