104 290
104 672
104 970
104 973
104 1449
104 1537
104 1610
104 2036
104 2092
104 2258
104 2534
104 2730
105 3131
105 3131
105 3136
105 3136
126 3527
104 3529
126 3530
104 3581
104 3859
104 3861
104 3863
104 4056
104 4190
104 4193
104 4548
104 4552
104 4552
104 4552
104 4639
104 4666
126 4846
104 5003
105 5219
105 5219
105 5222
105 5222
126 5304
105 5396
105 5396
104 5420
104 5423
104 5423
105 5449
105 5449
126 5494
104 5723
126 5803
104 6005
104 6008
104 6009
104 6009
104 6130
126 6150
104 6291
104 6294
105 6343
105 6343
105 6346
105 6346
104 6349
104 6350
104 6431
104 6434
104 6536
104 6539
104 6684
104 6689
104 6689
104 6835
104 6840
104 6840
104 6951
104 7089
104 7092
104 7092
104 7092
104 7093
104 7113
104 7146
104 7162
105 7326
105 7326
105 7330
105 7330
105 7558
105 7558
105 7561
105 7561
105 7562
105 7562
104 7705
104 7916
104 7919
104 7919
104 7919
104 7921
104 7921
104 8078
104 8081
104 8081
104 8081
104 8082
104 8082
104 8083
104 8083
104 8145
104 8479
104 8482
104 8485
104 8977
104 8985
105 9120
105 9120
105 9122
105 9122
105 9124
105 9124
105 9124
105 9124
105 9124
105 9124
105 9125
105 9125
105 9125
105 9125
105 9125
105 9125
105 9125
105 9125
9 9444
9 9447
9 9447
9 9449
9 9449
9 9449
105 9677
105 9677
105 9679
105 9679
105 9679
105 9679
105 9679
105 9679
105 10045
105 10045
105 10048
105 10048
105 10048
105 10048
105 10049
105 10049
105 10049
105 10049
105 10049
105 10049
105 10049
105 10049
105 10051
105 10051
105 10051
105 10051
105 10051
105 10051
105 10052
105 10052
105 10052
105 10052
105 10235
105 10235
105 10238
105 10238
105 10239
105 10239
105 10309
105 10309
9 10319
9 10322
9 10322
9 10324
9 10324
9 10324
9 10325
9 10325
105 10357
105 10357
105 10360
105 10360
108 10738
108 10742
108 10742
108 10743
108 10743
108 10743
108 10745
108 10745
104 10821
126 10825
104 10826
104 10826
104 10827
104 10827
104 10827
104 10828
104 10828
104 10828
104 10828
104 10830
105 11228
105 11228
105 11233
105 11233
105 11233
105 11233
105 11233
105 11233
105 11233
105 11233
105 11234
105 11234
108 11257
108 11260
105 11395
105 11395
105 11398
105 11398
104 11599
105 11657
105 11657
105 11660
105 11660
105 11660
105 11660
104 11711
104 11714
104 11717
105 11934
105 11934
105 11938
105 11938
105 11938
105 11938
105 11938
105 11938
105 11939
105 11939
105 11939
105 11939
105 12167
105 12167
105 12170
105 12170
105 12171
105 12171
108 12271
108 12278
108 12668
108 12671
105 12809
105 12809
105 12813
105 12813
105 12813
105 12813
105 12813
105 12813
105 12815
105 12815
105 12815
105 12815
105 12815
105 12815
105 12815
105 12815
105 12816
105 12816
105 12816
105 12816
105 12817
105 12817
105 12817
105 12817
105 12817
105 12817
105 12817
105 12817
105 12819
105 12819
105 12819
105 12819
105 12819
105 12819
105 12820
105 12820
9 13227
9 13231
9 13231
9 13231
9 13231
9 13233
9 13233
9 13233
9 13234
9 13234
9 13236
9 13236
9 13236
9 13237
9 13237
9 13237
9 13237
9 13239
9 13239
108 13421
105 13660
105 13660
105 13662
105 13662
105 13664
105 13664
105 13664
105 13664
105 13664
105 13664
105 13664
105 13664
105 13665
105 13665
105 13665
105 13665
105 13665
105 13665
105 13665
105 13665
105 13667
105 13667
105 13667
105 13667
9 13906
9 13909
9 13915
105 13945
105 13945
105 13947
105 13947
105 13949
105 13949
105 13949
105 13949
105 13949
105 13949
105 13950
105 13950
105 13950
105 13950
105 13950
105 13950
105 13952
105 13952
105 13952
105 13952
9 13987
9 13990
9 13991
9 13991
9 13991
9 13993
9 13993
104 14429
104 14433
104 14433
104 14433
104 14433
104 14433
104 14434
104 14434
104 14436
104 14436
104 14436
104 14437
104 14437
105 14886
105 14886
105 14890
105 14890
105 14890
105 14890
105 14890
105 14890
105 14892
105 14892
105 14892
105 14892
105 15041
105 15041
105 15044
105 15044
9 15203
9 15208
9 15208
9 15208
9 15209
9 15209
9 15209
9 15211
9 15211
9 15211
9 15212
9 15212
9 15214
9 15214
9 15214
9 15215
105 15349
105 15349
105 15354
105 15354
105 15354
105 15354
105 15528
105 15528
105 15531
105 15531
105 15532
105 15532
105 15532
105 15532
105 15532
105 15532
105 15534
105 15534
105 15534
105 15534
105 15534
105 15534
9 15612
9 15615
9 15617
9 15617
9 15617
9 15618
9 15618
9 15619
9 15619
9 15619
9 15619
9 15621
9 15621
9 15621
9 15622
105 16229
105 16229
105 16232
105 16232
105 16232
105 16232
105 16233
105 16233
105 16233
105 16233
105 16233
105 16233
105 16235
105 16235
105 16235
105 16235
105 16235
105 16235
105 16235
105 16235
105 16236
105 16236
105 16236
105 16236
105 16236
105 16236
105 16238
105 16238
105 16238
105 16238
105 16238
105 16238
105 16239
105 16239
105 16239
105 16239
105 16239
105 16239
105 16239
105 16239
105 16241
105 16241
105 16241
105 16241
105 16241
105 16241
105 16241
105 16241
9 16253
9 16257
9 16257
9 16257
9 16259
9 16259
9 16259
9 16260
105 16426
105 16426
105 16429
105 16429
105 16429
105 16429
105 16431
105 16431
105 16432
105 16432
105 16526
105 16526
105 16528
105 16528
105 16528
105 16528
105 16800
105 16800
105 16805
105 16805
105 16805
105 16805
105 16806
105 16806
105 16806
105 16806
105 16808
105 16808
105 16808
105 16808
105 16808
105 16808
105 16809
105 16809
9 17127
9 17129
9 17129
9 17131
9 17131
9 17132
9 17132
9 17235
9 17237
9 17239
9 17239
9 17239
9 17239
9 17240
9 17240
9 17240
9 17240
9 17242
