104 286
104 662
104 960
104 960
104 1436
104 1528
104 1597
104 2016
104 2100
104 2239
104 2484
104 2737
105 3130
105 3130
105 3134
105 3134
104 3526
126 3529
104 3611
126 3848
104 3885
104 3887
104 3985
104 4115
104 4401
104 4406
104 4548
104 4552
104 4552
104 4552
104 4837
126 4837
104 4842
104 4842
104 4842
105 5112
105 5112
105 5131
105 5131
105 5416
105 5416
105 5420
105 5420
105 5423
105 5423
104 5481
104 5484
104 5484
104 5724
104 5728
104 5728
126 5784
104 5832
126 5897
104 5970
104 5973
126 6179
104 6329
104 6333
104 6336
104 6376
126 6602
104 6612
104 6617
104 6617
104 6617
126 6819
104 6935
104 6939
104 6939
104 6939
104 6939
104 6939
104 6940
104 6940
126 7061
104 7067
104 7070
104 7070
104 7071
104 7272
104 7276
104 7276
104 7276
104 7276
104 7633
104 7637
104 7637
104 7637
104 7844
104 7849
104 7849
104 7850
105 8234
105 8234
105 8237
105 8237
105 8239
105 8239
105 8239
105 8239
105 8407
105 8407
105 8411
105 8411
105 8411
105 8411
105 8411
105 8411
105 8411
105 8411
105 8413
105 8413
105 8413
105 8413
104 8738
104 8741
104 8744
104 8747
104 8748
104 8748
104 8748
104 9077
104 9081
104 9081
104 9081
104 9081
104 9082
104 9082
104 9082
104 9232
104 9236
104 9241
104 9248
104 9251
105 9485
105 9485
105 9583
105 9583
105 9586
105 9586
105 9760
105 9760
105 9763
105 9763
105 9763
105 9763
105 9764
105 9764
9 9847
9 9850
105 9924
105 9924
105 9927
105 9927
105 9927
105 9927
105 9996
105 9996
126 10021
126 10024
126 10026
9 10352
9 10357
9 10357
9 10357
9 10357
105 10395
105 10395
105 10398
105 10398
105 10398
105 10398
105 10399
105 10399
105 10399
105 10399
105 10399
105 10399
9 11064
9 11066
9 11066
9 11066
9 11068
9 11068
9 11068
9 11068
9 11069
9 11069
104 11101
104 11103
104 11103
104 11105
104 11105
9 11343
9 11347
9 11347
9 11347
9 11349
9 11349
9 11349
9 11349
9 11350
9 11595
9 11598
9 11598
9 11599
9 11599
9 11599
105 11600
105 11600
105 11604
105 11604
105 11604
105 11604
105 11604
105 11604
105 11604
105 11604
105 11605
105 11605
105 11605
105 11605
105 11605
105 11605
105 11605
105 11605
105 11607
105 11607
105 11872
105 11872
105 11875
105 11875
105 11875
105 11875
105 11876
105 11876
105 11876
105 11876
105 11876
105 11876
105 11876
105 11876
105 11878
105 11878
105 12023
105 12023
104 12164
104 12167
104 12170
104 12173
108 12236
108 12240
108 12240
108 12498
108 12501
108 12682
108 12685
108 12687
108 12687
105 12777
105 12777
105 12780
105 12780
105 12782
105 12782
105 12782
105 12782
105 12782
105 12782
105 12782
105 12782
105 12783
105 12783
9 12794
9 12797
9 12798
9 12800
104 12920
104 12923
104 12926
9 13093
105 13100
105 13100
105 13103
105 13103
105 13104
105 13104
105 13104
105 13104
105 13104
105 13104
105 13104
105 13104
105 13105
105 13105
105 13105
105 13105
105 13105
105 13105
9 13174
9 13178
105 13281
105 13281
105 13284
105 13284
105 13284
105 13284
105 13285
105 13285
105 13285
105 13285
9 13351
9 13354
9 13355
9 13355
9 13355
9 13355
9 13357
9 13357
105 13363
105 13363
105 13506
105 13506
105 13508
105 13508
105 13508
105 13508
105 13508
105 13508
105 13510
105 13510
105 13510
105 13510
105 13661
105 13661
105 13665
105 13665
105 13665
105 13665
105 13922
105 13922
105 13927
105 13927
105 13927
9 13927
105 13927
105 13927
105 13927
9 13950
9 13953
9 13954
9 13954
9 13954
108 14034
108 14037
9 14145
9 14150
9 14150
9 14150
9 14150
9 14150
105 14369
105 14369
105 14372
105 14372
105 14374
105 14374
105 14374
105 14374
105 14374
105 14374
105 14375
105 14375
105 14375
105 14375
105 14375
105 14375
105 14713
105 14713
105 14716
105 14716
105 14716
105 14716
105 14718
105 14718
105 14718
105 14718
105 14718
105 14718
105 14719
105 14719
105 14719
105 14719
105 14719
105 14719
105 14719
105 14719
105 14719
105 14719
105 14720
105 14720
105 14787
105 14787
105 14790
105 14790
9 14802
9 14802
9 14803
9 14803
9 14803
9 14803
9 14806
9 14806
9 14806
9 14808
9 14808
9 14808
9 14809
9 14809
9 15000
9 15005
9 15005
9 15005
105 15020
105 15020
105 15024
105 15024
105 15024
105 15024
105 15475
105 15475
105 15478
105 15478
105 15479
105 15479
105 15479
105 15479
105 15479
105 15479
105 15479
105 15479
105 15480
105 15480
105 15480
105 15480
105 15480
105 15480
105 15480
105 15480
105 15482
105 15482
105 15482
105 15482
105 15482
105 15482
105 15482
105 15482
105 15483
105 15483
105 15483
105 15483
9 15653
9 15657
9 15657
9 15657
9 15657
9 15658
9 15658
9 15658
9 15658
9 15660
9 15660
9 15660
9 15660
9 15661
105 15826
105 15826
105 15829
105 15829
105 15829
105 15829
105 15830
105 15830
105 15830
105 15830
105 15830
105 15830
105 16088
105 16088
105 16092
105 16092
105 16092
105 16092
105 16092
105 16092
105 16092
105 16092
105 16092
105 16092
105 16092
105 16092
105 16189
105 16189
105 16192
105 16192
105 16192
105 16192
105 16193
105 16193
105 16193
105 16193
105 16193
105 16193
105 16193
105 16193
105 16432
105 16432
105 16436
105 16436
105 16436
105 16436
105 16436
105 16436
499 16568
105 16672
105 16672
105 16675
105 16675
105 16677
105 16677
105 16677
105 16677
105 16677
105 16677
105 16678
105 16678
105 16678
105 16678
9 16768
9 16771
105 16800
105 16800
105 16803
105 16803
105 16805
105 16805
105 16805
105 16805
105 16805
105 16805
105 16806
105 16806
105 16806
105 16806
105 16806
105 16806
