106 680
86 1165
88 1493
89 1682
86 2499
106 3633
138 4034
106 4562
87 4601
138 4639
87 5140
87 5229
106 5371
106 5574
138 5604
99 5697
99 5710
99 5728
106 5731
138 5910
87 5972
106 6000
97 6143
88 6472
88 6486
88 6499
138 6509
88 6532
87 6615
87 6623
99 6745
106 7280
87 7335
87 7384
87 7395
106 8007
106 8010
106 8014
106 8017
90 8052
91 8070
289 8801
289 8801
289 8801
289 8801
289 8801
289 8801
289 8801
289 8801
289 8801
86 9499
106 10025
106 10028
106 10032
86 12772
12 12820
13 12827
106 12838
106 12841
87 13219
106 13608
106 13677
106 13700
106 14675
106 14677
