106 683
89 1005
86 1527
88 1589
97 2127
106 2885
106 4262
106 4512
106 4647
99 5515
86 5574
106 5625
138 6076
88 6145
88 6152
106 6268
106 6271
106 6444
87 6910
138 6993
138 7002
138 7254
106 7361
90 7510
87 7574
90 7580
87 7581
87 7622
138 7867
88 7932
87 8162
88 8235
87 8313
87 8341
87 8389
96 8502
106 8599
138 8663
138 8716
88 8798
12 8905
15 8912
106 8967
87 9049
87 9119
87 9130
106 9209
94 9284
106 9353
106 9395
106 9398
106 9454
106 9458
106 9534
106 9606
87 9650
86 9662
87 9743
87 9765
87 9774
106 9819
106 10218
106 10667
87 10750
87 10759
87 10914
87 10975
106 11410
87 11520
106 11581
87 11849
87 11849
106 12331
98 12390
98 12422
489 12427
489 12427
489 12427
489 12427
489 12427
489 12427
489 12427
489 12427
489 12427
489 12427
489 12427
489 12427
106 12442
106 12675
87 12722
87 12728
106 12744
87 12893
87 12994
489 13330
489 13330
489 13330
489 13330
489 13330
489 13330
489 13330
489 13330
489 13330
489 13330
489 13330
489 13330
489 13330
489 13330
489 13330
489 13330
86 13474
489 13759
489 13759
489 13759
489 13759
489 13759
489 13759
489 13759
489 13759
489 13759
489 13759
489 13759
489 13759
88 14186
87 14299
489 14445
489 14445
489 14445
489 14445
489 14445
489 14445
489 14445
489 14445
489 14445
489 14445
489 14445
489 14445
489 14445
489 14445
489 14445
489 14445
489 14782
489 14782
489 14782
489 14782
489 14782
489 14782
489 14782
489 14782
489 14782
489 14782
489 14782
489 14782
87 15190
92 15263
88 15419
489 15871
489 15871
489 15891
489 15891
489 15891
489 15891
489 15891
489 15891
489 15891
489 15891
489 15891
489 15891
489 15891
489 15891
489 15891
489 15891
489 15891
489 15891
489 15891
489 15891
489 15891
489 15891
489 15891
489 15891
489 15891
489 15891
489 15891
489 15891
87 16527
489 17113
489 17113
489 17113
489 17113
489 17113
489 17113
489 17113
489 17113
489 17113
489 17113
489 17113
489 17113
489 17113
489 17113
489 17113
489 17113
489 17113
489 17113
489 17113
489 17113
489 17113
489 17113
489 17113
489 17113
489 17113
489 17113
489 17113
489 17113
289 18050
289 18050
289 18050
289 18050
289 18050
289 18050
289 18050
289 18050
289 18050
289 18184
289 18184
289 18184
289 18184
289 18184
289 18184
489 18217
489 18217
489 18217
489 18217
489 18217
489 18217
489 18217
489 18217
489 18217
489 18217
489 18217
489 18217
489 18217
489 18217
489 18217
489 18217
489 18217
489 18217
489 18217
489 18217
489 18217
489 18217
489 18217
489 18217
489 18217
489 18217
489 18217
489 18217
289 18709
289 18709
289 18709
289 18709
289 18709
289 18709
289 18709
289 18709
289 18709
106 19787
489 19880
489 19880
489 19880
489 19880
489 19880
489 19880
489 19880
489 19880
489 19880
489 19880
489 19880
489 19880
489 19880
489 19880
489 19880
489 19880
106 20074
489 20179
489 20179
489 20203
489 20203
489 20213
489 20213
489 20259
489 20259
489 20259
489 20259
489 20259
489 20259
87 20884
489 21061
489 21061
489 21061
489 21061
489 21061
489 21061
489 21061
489 21061
489 21061
489 21061
489 21061
489 21061
489 21061
489 21061
489 21061
489 21061
87 21323
86 21495
87 21614
12 21620
12 21623
12 21625
12 21625
15 21627
15 21630
15 21632
15 21632
489 21785
489 21785
489 21785
489 21785
489 21785
489 21785
489 21785
489 21785
489 21785
489 21785
489 21785
489 21785
489 22139
489 22139
489 22139
489 22139
489 22139
489 22139
489 22139
489 22139
489 22139
489 22139
489 22139
489 22139
489 22139
489 22139
489 22139
489 22139
87 22468
87 22597
86 22824
489 22838
489 22838
489 22838
489 22838
489 22838
489 22838
489 22838
489 22838
489 22838
489 22838
489 22838
489 22838
88 23178
87 23460
86 23516
12 23580
15 23588
489 23610
489 23610
489 23615
489 23615
489 23641
489 23641
489 23660
489 23660
489 23661
489 23661
489 23664
489 23664
489 23672
489 23672
489 23693
489 23693
489 23824
489 23824
489 23824
489 23824
489 23824
489 23824
489 23824
489 23824
489 23824
489 23824
489 23824
489 23824
87 24297
91 24447
87 24849
106 25244
489 25375
489 25375
489 25375
489 25375
489 25375
489 25375
489 25375
489 25375
489 25375
489 25375
489 25375
489 25375
489 25375
489 25375
489 25375
489 25375
489 25375
489 25375
489 25375
489 25375
489 25375
489 25375
489 25375
489 25375
86 26058
87 26166
489 26569
489 26569
489 26569
489 26569
489 26569
489 26569
489 26569
489 26569
489 26569
489 26569
489 26569
489 26569
489 26569
489 26569
489 26569
489 26569
489 26569
489 26569
489 26569
489 26569
489 26569
489 26569
489 26569
489 26569
88 27331
88 27346
489 27751
489 27751
489 27751
489 27751
489 27751
489 27751
489 27751
489 27751
489 27751
489 27751
489 27751
489 27751
489 27751
489 27751
489 27751
489 27751
489 27751
489 27751
489 27751
489 27751
87 28483
87 28621
489 28993
489 28993
489 28993
489 28993
489 28993
489 28993
489 28993
489 28993
489 28993
489 28993
489 28993
489 28993
489 28993
489 28993
489 28993
489 28993
489 28993
489 28993
489 28993
489 28993
88 29092
88 29110
