104 290
104 662
104 984
104 984
104 1445
104 1527
104 1600
104 2020
104 2102
104 2305
104 2494
105 3131
105 3131
105 3134
105 3134
104 3225
104 3279
104 3454
104 3476
126 3534
126 3537
104 3735
104 3738
104 4010
104 4290
104 4373
104 4426
104 4539
104 4698
104 4701
104 4702
104 4705
104 5104
104 5105
126 5370
104 5396
104 5399
104 5402
104 5458
104 5645
104 5648
126 5837
104 5956
104 5957
104 6090
104 6093
104 6094
105 6242
105 6242
105 6245
105 6245
126 6277
105 6304
105 6304
105 6465
105 6465
104 6477
104 6478
104 6481
126 6539
104 6589
104 6591
104 6696
104 6697
104 6699
104 6714
105 6858
105 6858
104 6890
104 6922
104 7024
104 7111
104 7144
104 7177
104 7238
104 7238
104 7238
104 7240
104 7240
104 7318
104 7321
104 7378
104 7381
104 7790
104 7865
104 7898
104 7901
104 7902
104 7912
104 7914
104 7916
110 8308
110 8311
110 8311
110 8311
110 8313
110 8313
110 8615
110 8618
104 8756
110 8767
110 8770
110 8773
104 8789
104 8792
104 8851
110 9025
110 9028
110 9028
110 9028
110 9028
110 9028
110 9373
110 9568
110 9569
110 9571
110 9571
110 9571
110 9571
110 9571
110 9812
110 9815
110 9815
110 9815
110 10349
110 10352
110 10352
110 10352
110 10352
110 10352
110 10354
110 10354
110 10395
110 10444
110 10528
110 10575
110 10646
110 10649
110 10845
110 10847
110 10847
110 11118
110 11121
110 11121
110 11121
110 11144
110 11216
110 11282
110 11285
110 11321
110 11427
110 11429
110 11544
110 11547
110 11605
