106 683
89 939
86 1592
88 2194
106 2697
138 3691
106 4462
138 4492
87 4573
106 4755
138 5102
138 5207
87 5216
86 5432
106 5695
87 5882
87 5891
106 5939
88 6029
99 6094
99 6342
106 6621
87 6656
106 6961
106 7286
97 7368
90 7675
87 7716
87 7749
106 8409
95 9037
142 9849
99 11675
87 11760
87 12464
88 12475
106 13320
106 13490
106 13630
88 13833
87 14017
86 14227
106 14447
106 14500
142 15146
106 15309
106 15322
87 15574
106 15710
106 15973
106 16573
106 16780
289 17901
289 17901
289 17901
289 17901
289 17901
289 17901
289 17901
289 17901
289 17901
88 18691
87 18779
