104 299
104 690
104 975
104 978
104 1220
104 1725
104 1727
104 1952
104 2249
104 2418
104 2426
104 2942
104 3094
104 3096
105 3989
105 3989
105 3992
105 3992
105 3994
105 3994
126 4012
104 4131
104 4132
104 4158
104 4475
104 4476
104 4479
126 4499
105 5663
105 5663
105 5668
105 5668
105 5668
105 5668
105 5668
105 5668
105 5669
105 5669
105 5669
105 5669
105 5669
105 5669
105 5669
105 5669
105 5671
105 5671
104 5705
104 5908
104 5911
104 5977
104 5980
104 5983
104 6041
104 6228
104 6324
104 6327
104 6330
126 6330
104 6333
104 6889
104 6890
104 6949
104 6951
104 6953
104 6995
104 6998
104 7001
126 7044
104 7145
104 7335
104 7338
104 7341
104 7500
104 7503
104 7506
104 7509
104 7512
104 7760
104 7762
104 7762
104 7764
104 8033
104 8036
104 8037
110 8520
110 8523
110 8523
110 8524
110 8524
110 8524
110 8524
110 8769
110 8772
104 8892
104 8895
104 8907
104 9257
104 9258
104 9261
104 9264
104 9268
104 9271
104 9272
104 9275
110 9840
110 9843
110 9844
110 9844
110 9844
110 9844
110 9846
110 10207
110 10210
110 10210
110 10211
110 10211
110 10211
110 10213
104 10215
104 10218
104 10221
110 10702
110 10706
110 10706
110 10706
110 10706
110 10708
105 10889
105 10889
105 10893
105 10893
105 10893
105 10893
105 10894
105 10894
494 10909
110 11266
110 11269
110 11269
494 11471
110 12026
105 12073
105 12073
105 12076
105 12076
110 12114
110 12117
110 12117
110 12118
110 12118
110 12118
494 12233
110 12406
110 12409
110 12411
110 12589
110 12592
110 12593
110 12953
110 12958
110 12958
110 13163
110 13168
110 13168
110 13322
110 13325
105 13612
105 13612
105 13616
105 13616
110 13651
110 13654
105 13850
105 13850
105 13851
105 13851
110 13893
105 14045
105 14045
126 14048
105 14050
126 14050
105 14050
105 14050
105 14050
126 14053
110 14413
110 14416
110 14417
105 14684
105 14684
105 14687
105 14687
105 14689
105 14689
105 14689
105 14689
105 14689
105 14689
126 14847
105 14890
105 14890
105 14918
105 14918
105 14921
105 14921
105 14946
105 14946
105 14951
105 14951
105 14951
105 14951
