106 693
86 1115
88 1603
89 1725
86 3114
106 3591
138 3788
106 4309
138 4320
87 4657
106 4886
138 5022
138 5137
87 5216
106 5553
87 5748
87 5757
87 5775
138 5874
88 5930
96 5931
99 6070
99 6101
106 6163
99 6180
87 6328
87 6400
87 6416
138 6440
87 6447
138 6482
90 6566
90 6581
88 6753
106 6940
88 6961
106 7028
106 7038
87 7044
87 7051
87 7064
87 7093
87 7115
87 7119
87 7219
87 7587
87 7607
87 7621
88 7734
88 7759
87 7772
87 7787
87 7809
87 7835
91 8076
106 8216
86 8237
87 8317
87 8323
12 8335
87 8339
15 8342
106 8459
87 8470
87 8496
106 8817
87 8851
87 8898
87 8903
87 8938
106 8976
87 8983
106 8989
106 9000
87 9015
138 9285
138 9317
138 9406
87 9509
138 9511
138 9511
106 9873
106 9891
106 9988
87 9991
94 9993
87 10014
87 10018
87 10053
106 10055
138 10094
87 10096
87 10107
87 10117
106 10155
88 10504
87 10710
87 10715
87 10720
138 10729
138 10756
87 10757
87 10775
87 10799
106 10896
86 10909
99 11519
87 11652
87 11687
87 11688
87 11719
87 11720
87 11720
87 11741
87 11741
106 11858
138 11982
138 12049
138 12073
138 12073
138 12094
138 12132
92 12203
138 12356
138 12407
87 12408
87 12424
87 12425
138 12434
138 12447
138 12466
138 12479
106 12572
87 12814
87 12821
87 12825
87 12830
87 12869
87 12878
88 12961
87 13333
87 13334
87 13336
87 13347
88 13502
99 13585
98 13613
98 13613
289 14195
289 14195
289 14195
289 14195
289 14195
289 14195
289 14195
289 14195
289 14195
138 14484
138 14520
138 14564
86 14792
87 14994
87 15011
138 15036
138 15073
87 15092
87 15098
87 15100
87 15270
12 15416
12 15418
12 15418
12 15418
12 15418
12 15420
12 15420
12 15420
12 15420
12 15420
138 15484
14 15641
14 15647
14 15649
14 15649
14 15649
14 15651
14 15651
87 15765
87 15779
87 15867
87 15868
87 15868
87 15908
87 15917
138 16153
138 16563
87 16718
138 16736
87 16736
87 16736
87 16755
87 16788
106 16792
88 18020
289 18056
289 18056
289 18059
289 18059
289 18062
289 18065
86 18076
289 18108
289 18120
289 18122
289 18126
289 18129
88 18130
289 18144
289 18148
289 18150
289 18152
289 18153
289 18179
289 18181
289 18191
289 18192
289 18192
289 18195
289 18214
289 18215
289 18227
289 18229
289 18233
289 18236
289 18240
289 18266
289 18270
289 18273
289 18275
289 18282
289 18290
289 18306
289 18310
289 18313
289 18326
289 18328
289 18335
289 18348
289 18351
289 18355
289 18361
289 18364
289 18368
289 18369
289 18374
289 18390
289 18391
289 18393
289 18398
289 18402
289 18403
289 18408
289 18413
289 18419
289 18428
289 18430
289 18435
289 18438
289 18438
289 18452
289 18471
289 18471
289 18475
289 18478
289 18479
289 18485
289 18489
289 18498
289 18498
289 18499
289 18526
289 18530
289 18531
289 18531
289 18539
289 18544
289 18545
289 18555
289 18562
289 18574
289 18578
289 18579
289 18581
289 18581
289 18582
289 18642
289 18648
289 18648
289 18649
289 18649
289 18653
289 18656
289 18660
289 18663
289 18663
289 18663
289 18665
289 18665
289 18666
289 18666
289 18666
289 18668
289 18668
289 18838
289 18841
289 18842
289 18842
289 18846
289 18846
289 18847
289 18847
289 18856
289 18859
98 18903
98 18947
98 18948
12 19029
12 19030
12 19030
12 19030
12 19032
12 19032
12 19032
12 19032
12 19032
12 19032
14 19036
14 19037
14 19037
14 19037
14 19039
14 19039
14 19039
14 19039
14 19039
14 19039
289 19450
289 19453
289 19453
289 19458
289 19459
289 19483
289 19562
289 19565
289 19569
289 19569
289 19776
289 19778
289 19778
289 19781
289 19784
289 19789
289 19796
289 19798
289 19800
289 19800
289 19802
289 19802
289 19803
289 19807
289 19807
289 19808
289 19860
289 19861
289 19867
289 19870
289 19871
289 19875
289 20014
289 20015
289 20040
289 20042
289 20048
289 20049
289 20051
289 20056
289 20104
289 20106
289 20108
289 20109
289 20112
289 20114
289 20116
289 20117
289 20117
289 20119
289 20122
289 20124
289 20125
289 20155
289 20156
289 20161
289 20161
289 20164
289 20181
289 20184
289 20184
289 20185
12 20186
12 20189
12 20189
12 20189
289 20196
289 20196
289 20197
289 20197
289 20201
289 20209
289 20219
289 20223
289 20227
289 20235
106 20239
289 20240
289 20241
289 20305
289 20314
289 20319
289 20319
289 20321
289 20322
289 20323
289 20329
