106 692
86 1116
88 1591
89 1700
106 2921
86 3585
138 4375
106 4377
106 4834
87 4971
138 5119
106 5197
106 5599
87 5650
138 5675
138 5784
87 5801
106 5820
96 5873
99 6160
87 6235
87 6264
87 6313
106 6506
88 8022
88 8029
90 8073
90 8094
88 8098
88 8111
88 8114
87 8252
87 8266
87 8300
138 8326
138 8339
86 8404
138 8597
138 8666
138 8691
138 8820
87 8848
87 8870
138 8874
138 8877
138 8913
138 8937
87 9058
106 9117
91 9151
106 9166
106 9180
106 9183
106 9399
87 9400
87 9435
87 9436
138 9442
87 9448
87 9451
138 9473
87 9499
87 9502
138 10094
138 10105
87 10128
87 10131
87 10144
87 10168
87 10176
87 10178
87 10183
87 10206
87 10224
87 10232
87 10236
106 10358
106 10359
106 10693
106 10694
87 12111
87 12112
87 12112
87 12116
87 12124
87 12156
87 12178
87 12186
138 12331
87 12746
87 12748
87 12810
289 12989
289 12989
289 12989
289 12989
289 12989
289 12989
289 12989
289 12989
289 12989
138 13171
86 13606
