104 284
104 673
104 973
104 973
104 1414
104 1416
104 1638
104 2035
104 2100
104 2133
104 2258
104 2736
104 3005
104 3195
104 3218
104 3457
126 3542
105 3582
105 3582
104 3683
104 3700
126 3729
104 3957
104 4178
104 4337
104 4410
104 4433
126 4528
104 4558
104 4563
104 4591
104 4655
104 4845
104 4881
104 5025
104 5088
104 5091
104 5282
104 5285
104 5291
104 5472
104 5526
104 5551
104 5577
110 5981
110 6253
110 6315
110 6355
110 6418
110 6469
110 6529
110 6794
110 6797
110 6800
104 6995
104 6998
104 7002
104 7038
104 7116
104 7141
104 7154
104 7215
104 7336
104 7392
104 7441
104 7444
104 7447
104 7450
104 7451
104 7485
104 7695
110 8059
110 8062
110 8243
110 8246
110 8249
110 8314
110 8317
110 8488
110 8491
110 8615
110 8687
110 8690
110 8783
110 8786
110 8944
110 8999
110 9050
110 9093
110 9130
110 9182
110 9270
110 9273
110 9276
110 9448
110 9451
110 9454
110 9543
110 9546
110 9630
110 9632
110 9738
110 9740
110 9899
110 9903
110 9905
110 9905
110 9905
