104 290
104 644
104 961
104 965
104 1056
104 1377
104 1887
105 2476
105 2476
105 2476
105 2476
105 2478
105 2478
104 2531
126 2904
104 2947
104 3107
104 3340
104 3451
104 3636
126 3730
104 3749
104 3810
126 3999
104 4027
110 4651
110 4656
110 4658
110 4710
104 4793
104 4796
104 4799
110 4818
104 4919
104 4922
104 5062
104 5065
104 5069
104 5291
104 5328
104 5849
104 5852
104 6288
104 6291
104 6408
104 6411
104 6455
104 6499
104 6526
104 6614
104 6618
110 6936
110 6939
110 6942
110 7220
104 7238
104 7241
110 7426
110 7429
126 7543
105 8115
105 8115
105 8118
105 8118
105 8121
105 8121
105 8123
105 8123
110 8154
110 8157
126 8216
126 8362
110 8760
110 8763
105 9003
105 9003
105 9006
105 9006
105 9009
105 9009
110 9050
110 9052
110 9055
105 9120
105 9120
105 9122
105 9122
105 9125
105 9125
105 9274
105 9274
110 9319
110 9323
104 9351
105 9353
105 9353
110 9398
104 9582
110 9666
110 9668
126 9976
105 10208
105 10208
105 10209
105 10209
105 10212
105 10212
105 10215
105 10215
105 10219
105 10219
105 10222
105 10222
105 10383
105 10383
105 10386
105 10386
105 10389
105 10389
105 10612
105 10612
105 10615
105 10615
