104 289
104 672
104 990
104 993
104 1456
104 1537
104 1613
104 2051
104 2121
104 2166
104 2199
104 2295
104 2536
104 2850
105 3156
105 3156
105 3159
105 3159
104 3402
126 3553
126 3563
104 3705
104 3707
104 3725
104 3728
104 4580
104 4583
104 4623
104 4650
104 4704
104 4790
104 4793
104 4796
126 4847
104 5092
104 5095
104 5099
104 5102
104 5718
104 5723
104 5812
104 5815
104 5819
104 5838
104 5842
104 5845
110 6328
110 6330
110 6538
110 6561
110 6625
110 6765
110 6768
104 6853
104 6866
104 6867
104 6867
104 6867
104 6869
104 6870
104 6870
110 7187
110 7200
110 7518
110 7521
110 7524
104 7640
104 7643
110 7885
110 7888
110 7892
110 7968
110 7971
110 8045
110 8058
110 8285
110 8289
110 8292
110 8328
110 8399
110 8488
110 8595
110 8598
104 8628
104 8630
104 8633
110 8675
110 8816
110 8849
110 8929
110 8947
110 9114
110 9306
110 9309
110 9324
110 9383
110 9386
110 9412
110 9458
110 9548
110 9679
110 9700
110 9704
110 9745
104 9838
104 9850
104 9851
104 9851
104 9853
104 9853
104 9854
104 10002
104 10005
110 10310
110 10313
110 10316
110 10509
110 10606
110 10608
110 10611
110 10614
110 10617
110 10728
110 10852
110 10980
110 11042
104 11106
