104 284
104 657
104 964
104 967
104 1446
104 1521
104 1604
104 2028
104 2095
104 2238
104 2560
104 2721
105 3140
105 3140
105 3141
105 3141
126 3532
104 3533
126 3534
104 3587
104 3843
104 3846
104 4181
104 4226
104 4324
105 4405
105 4405
126 4523
104 4561
104 4564
104 4593
104 4596
104 4598
104 4852
104 5063
104 5137
104 5140
104 5295
104 5298
104 5321
104 5373
126 5427
126 5553
104 5559
105 5640
105 5640
105 5643
105 5643
104 5646
104 5649
104 6001
104 6003
104 6024
105 6051
105 6051
105 6055
105 6055
104 6258
126 6448
126 6681
105 6739
105 6739
105 6742
105 6742
105 6744
105 6744
105 6747
105 6747
105 6750
105 6750
105 6753
105 6753
104 6802
104 6805
104 6808
105 7077
105 7077
105 7078
105 7078
105 7078
105 7078
105 7080
105 7080
105 7080
105 7080
105 7212
105 7212
105 7215
105 7215
105 7218
105 7218
105 7221
105 7221
104 7440
104 7443
104 7443
104 7443
104 7444
104 7444
126 7480
104 7513
104 7578
104 7683
104 7686
126 8138
104 8240
104 8242
104 8245
105 8394
105 8394
105 8397
105 8397
105 8397
105 8397
105 8397
105 8397
105 8397
105 8397
105 8643
105 8643
105 8646
105 8646
105 8646
105 8646
105 8646
105 8646
105 8646
105 8646
105 8647
105 8647
126 8674
105 8830
105 8830
105 8833
105 8833
105 8833
105 8833
105 8833
105 8833
105 8833
105 8833
105 8833
105 8833
104 8925
104 8928
104 8931
105 9128
105 9128
9 9181
9 9181
9 9181
9 9181
9 9181
105 9282
105 9282
105 9285
105 9285
105 9285
105 9285
105 9285
105 9285
105 9285
105 9285
105 9600
105 9600
105 9603
105 9603
105 9603
105 9603
105 9603
105 9603
105 9603
105 9603
105 9603
105 9603
105 9862
105 9862
104 10070
104 10071
104 10081
104 10084
104 10086
105 10353
105 10353
105 10356
105 10356
105 10356
105 10356
105 10357
105 10357
105 10357
105 10357
105 10357
105 10357
105 10357
105 10357
126 10582
104 10614
104 10617
105 10651
105 10651
105 10654
105 10654
105 10654
105 10654
105 10654
105 10654
105 10654
105 10654
105 10654
105 10654
104 10702
104 10705
104 10705
104 10705
104 10705
104 10705
104 10706
104 10706
104 10788
104 10791
104 10912
104 10915
104 11109
104 11111
104 11113
104 11118
105 11390
105 11390
105 11392
105 11392
9 11452
9 11455
9 11455
9 11455
9 11455
9 11455
9 11455
105 11492
105 11492
105 11493
105 11493
105 11493
105 11493
105 11495
105 11495
105 11495
105 11495
105 11495
105 11495
105 11495
105 11495
105 11495
105 11495
105 11496
105 11496
105 11496
105 11496
104 11587
104 11590
104 11593
105 11872
105 11872
105 11899
105 11899
105 11902
105 11902
105 11902
105 11902
105 11984
105 11984
105 11987
105 11987
105 11987
105 11987
107 12358
107 12363
107 12363
107 12363
107 12363
107 12363
107 12363
107 12364
107 12364
104 12442
104 12455
104 12458
104 12459
104 12474
104 12477
104 12480
9 12686
9 12687
9 12689
9 12689
9 12689
9 12689
9 12689
9 12700
105 12900
105 12900
105 12901
105 12901
105 12901
105 12901
105 12902
105 12902
105 12902
105 12902
105 12902
105 12902
104 12989
104 12992
104 12995
104 13237
105 13493
105 13493
105 13495
105 13495
105 13495
105 13495
105 13495
105 13495
105 13495
105 13495
105 13495
105 13495
107 13631
107 13634
126 13714
105 13719
105 13719
105 13721
105 13721
105 13721
105 13721
105 13721
105 13721
105 13721
105 13721
105 13723
105 13723
105 13723
105 13723
105 13723
105 13723
105 13723
105 13723
105 13723
105 13723
105 13723
105 13723
107 13986
107 13989
107 13996
499 14419
499 14421
499 14441
104 14741
104 14741
104 14741
104 14741
112 15074
112 15077
112 15077
112 15077
112 15077
112 15079
112 15215
112 15338
112 15391
105 16325
105 16325
105 16327
105 16327
105 16328
105 16328
105 16328
105 16328
105 16328
105 16328
105 16328
105 16328
9 16328
9 16331
9 16333
9 16336
9 16339
9 16359
9 16361
9 16362
9 16362
105 16789
105 16789
105 16790
105 16790
105 16792
105 16792
105 16792
105 16792
105 16792
105 16792
105 16792
105 16792
105 16792
105 16792
105 16792
105 16792
105 16793
105 16793
105 16793
105 16793
105 16793
105 16793
105 16793
105 16793
105 17349
105 17349
105 17352
105 17352
105 17352
105 17352
105 17352
105 17352
105 17352
105 17352
105 17352
105 17352
105 17353
105 17353
105 17353
105 17353
105 17353
105 17353
105 17353
105 17353
105 17353
105 17353
105 17355
105 17355
105 17355
105 17355
105 17355
105 17355
105 17355
105 17355
105 17355
105 17355
105 17356
105 17356
105 17356
105 17356
105 17356
105 17356
105 17356
105 17356
105 17514
105 17514
105 17516
105 17516
105 17517
105 17517
105 17517
105 17517
9 17823
9 17826
9 17826
9 17826
9 17826
9 17826
9 17826
9 17826
9 17828
9 17828
9 17828
9 17828
9 17828
9 17828
105 17971
105 17971
105 17974
105 17974
105 17974
105 17974
105 17974
105 17974
105 17974
105 17974
105 17974
105 17974
105 17975
105 17975
105 17975
105 17975
105 18231
105 18231
105 18234
105 18234
105 18234
105 18234
105 18234
105 18234
105 18234
105 18234
105 18236
105 18236
105 18236
105 18236
105 18236
105 18236
105 18236
105 18236
105 18236
105 18236
105 18236
105 18236
105 18237
105 18237
105 18237
105 18237
105 18237
105 18237
105 18237
105 18237
105 18237
105 18237
105 18336
105 18336
105 18339
105 18339
105 18339
105 18339
105 18557
105 18557
105 18558
105 18558
105 18575
105 18575
499 18745
499 18746
499 18749
107 18980
107 18983
107 18984
107 18984
105 19014
105 19014
105 19017
105 19017
105 19062
105 19062
105 19069
105 19069
105 19129
105 19129
105 19131
105 19131
105 19131
105 19131
107 19154
107 19157
9 19221
9 19224
9 19224
9 19224
9 19224
9 19224
9 19225
9 19225
9 19225
9 19225
9 19225
104 19317
104 19320
104 19323
104 19326
104 19328
104 19334
105 19839
105 19839
105 19842
105 19842
105 19842
105 19842
105 19842
105 19842
105 19842
105 19842
105 19846
105 19846
105 19849
105 19849
105 19852
105 19852
105 19855
105 19855
104 19934
104 19936
105 20127
105 20127
105 20130
105 20130
105 20130
105 20130
105 20130
105 20130
105 20130
105 20130
9 20171
9 20174
9 20174
9 20174
9 20174
9 20174
9 20174
9 20175
9 20175
9 20175
9 20175
107 20262
107 20265
107 20268
9 21215
9 21217
9 21217
9 21217
9 21217
9 21219
9 21219
9 21219
9 21219
9 21219
104 21286
104 21290
104 21290
104 21290
104 21290
104 21290
104 21290
104 21290
104 21292
104 21292
104 21292
104 21292
104 21292
112 21304
112 21307
112 21310
112 21314
112 21317
112 21320
112 21323
112 21326
112 21330
126 22355
126 22370
126 22383
104 22898
104 24008
104 24010
104 24012
104 24015
104 24018
104 24022
499 24665
104 24672
112 24697
105 25292
105 25292
105 25293
105 25293
105 25293
105 25293
104 25294
105 25295
105 25295
105 25295
105 25295
105 25295
105 25295
104 25298
104 25302
104 25305
104 25308
104 25632
104 25635
104 25638
9 25657
9 25658
9 25663
112 25793
112 25797
112 25797
112 25797
112 25797
112 25797
104 26137
104 26140
104 26140
104 26176
104 26179
104 26182
105 26390
105 26390
105 26393
105 26393
105 26396
105 26396
111 27097
111 27100
111 27100
111 27100
111 27100
111 27533
105 29374
105 29374
105 29377
105 29377
105 29550
105 29550
105 29553
105 29553
105 30023
105 30023
105 30026
105 30026
105 30026
105 30026
105 30026
105 30026
105 30026
105 30026
105 30026
105 30026
105 30439
105 30439
105 30442
105 30442
105 30442
105 30442
105 30442
105 30442
105 30442
105 30442
105 30442
105 30442
105 30444
105 30444
9 30581
9 30583
9 30583
9 30583
9 30584
9 30584
9 30584
9 30584
9 30584
9 30584
9 30584
9 30584
111 30691
111 30694
105 31173
105 31173
105 31176
105 31176
105 31176
105 31176
105 31176
105 31176
105 31176
105 31176
105 31176
105 31176
105 31176
105 31176
105 31178
105 31178
105 31178
105 31178
105 31178
105 31178
105 31178
105 31178
105 31178
105 31178
105 31178
105 31178
105 31179
105 31179
105 31179
105 31179
105 31179
105 31179
105 31179
105 31179
105 31179
105 31179
105 31179
105 31179
105 31179
105 31179
105 31181
105 31181
112 31595
112 31598
112 31598
112 31599
112 31599
112 31599
112 31599
112 31599
112 31788
112 31791
499 32483
499 32486
111 32528
111 32531
111 32534
111 32537
111 32538
104 33494
104 33497
9 33590
9 33592
9 33595
9 33598
9 33601
9 33605
9 33608
104 33778
104 33781
104 33783
104 33791
104 33793
104 33798
104 33801
104 33804
104 33806
104 33894
104 33897
104 33919
104 33932
104 33935
9 34164
9 34168
9 34171
9 34174
9 34177
9 34180
105 34182
105 34182
9 34184
105 34186
105 34186
105 34186
105 34186
105 34186
105 34186
105 34478
105 34478
105 34480
105 34480
105 34480
105 34480
105 34481
105 34481
105 34481
105 34481
105 34481
105 34481
105 34481
105 34481
105 34481
105 34481
105 34483
105 34483
105 34483
105 34483
105 34483
105 34483
105 34523
105 34523
105 34526
105 34526
105 34526
105 34526
105 34527
105 34527
105 34527
105 34527
105 34527
105 34527
105 34527
105 34527
104 34840
104 34843
104 34844
9 34994
9 34997
9 35000
9 35003
9 35006
9 35009
9 35012
9 35016
9 35019
9 35022
107 35247
107 35250
107 35253
107 35256
104 35266
104 35269
104 35270
126 35427
126 35430
126 35433
499 35504
499 35507
499 35510
104 35666
104 35669
104 35669
9 35684
9 35687
9 35688
9 35691
9 35696
9 35697
9 35700
105 35804
105 35804
105 35807
105 35807
105 35807
105 35807
105 35807
105 35807
105 35807
105 35807
105 35808
105 35808
105 35808
105 35808
105 35808
105 35808
499 35935
105 36455
105 36455
105 36458
105 36458
105 36458
105 36458
105 36459
105 36459
105 36459
105 36459
105 36459
105 36459
105 36597
105 36597
105 36600
105 36600
105 36600
105 36600
105 36600
105 36600
105 36600
105 36600
105 36602
105 36602
105 36602
105 36602
105 36602
105 36602
105 37090
105 37090
105 37092
105 37092
105 37092
105 37092
105 37092
105 37092
105 37094
105 37094
105 37094
105 37094
105 37094
105 37094
105 37094
105 37094
105 37094
105 37094
105 37094
105 37094
105 37094
105 37094
105 37222
105 37222
105 37223
105 37223
105 37225
105 37225
105 37225
105 37225
105 37225
105 37225
105 37225
105 37225
105 37225
105 37225
107 37307
107 37310
107 37313
107 37316
107 37318
107 37321
107 37324
9 37470
9 37472
9 37472
9 37472
9 37473
9 37473
9 37473
9 37473
9 37473
9 37473
9 37634
9 37637
9 37640
9 37643
9 37646
105 38286
105 38286
105 38289
105 38289
105 38289
105 38289
105 38289
105 38289
105 38290
105 38290
105 38290
105 38290
105 38290
105 38290
105 38290
105 38290
105 38290
105 38290
105 38290
105 38290
105 38290
105 38290
105 38290
105 38290
105 38291
105 38291
105 38291
105 38291
112 38480
112 38483
112 38486
112 38488
112 38493
112 38496
105 38552
105 38552
105 38555
105 38555
105 38555
105 38555
105 38555
105 38555
499 38904
9 39835
9 39838
9 39838
9 39838
9 39838
9 39838
499 40053
499 40056
499 40059
104 41202
104 41204
104 41205
104 41205
499 41467
499 41470
9 41528
9 41531
105 41565
105 41565
105 41568
105 41568
105 41568
105 41568
104 41780
104 41782
104 41782
9 41959
9 41961
9 41964
9 41967
9 41972
104 42528
104 42531
104 42534
111 42578
104 42635
104 42637
104 42640
111 42656
104 42741
104 42744
104 42744
126 42901
126 42918
105 43380
105 43380
105 43383
105 43383
105 43383
105 43383
105 43383
105 43383
105 43384
105 43384
105 43384
105 43384
105 43384
105 43384
105 43384
105 43384
105 43384
105 43384
105 43384
105 43384
111 43606
111 43607
105 43812
105 43812
9 44388
9 44390
9 44403
9 44406
9 44409
9 44413
105 44547
105 44547
105 44550
105 44550
105 44550
105 44550
105 44550
105 44550
105 44552
105 44552
105 44552
105 44552
9 45169
9 45171
499 45189
105 45245
105 45245
105 45459
105 45459
105 45461
105 45461
105 45464
105 45464
105 45467
105 45467
105 45470
105 45470
112 45913
112 45916
112 45919
112 45923
9 45956
9 45959
9 45962
9 45965
9 45969
9 45972
9 45975
111 46590
111 46593
111 46594
111 46597
112 49375
112 49378
112 49378
112 49379
112 49379
112 49379
112 49379
111 49613
111 49616
111 49617
112 49772
112 49775
112 49778
112 49781
126 50114
126 50117
126 50127
