106 699
86 1140
88 1615
89 1689
106 2910
86 3189
99 3530
138 3804
138 4292
106 4326
87 4662
87 4717
106 4974
87 5210
138 5449
90 5548
138 5770
87 5888
106 5992
106 6061
138 6277
87 6402
106 6416
106 6421
87 6885
87 6910
106 6935
96 7171
87 7257
88 7346
88 7353
106 7503
87 7564
87 7586
138 7746
138 7751
138 7754
138 7840
138 7846
86 7973
87 8251
87 8262
138 8325
138 8345
106 8436
138 9100
138 9102
88 9176
92 9207
88 9219
88 9230
90 9273
87 9422
87 9447
99 9590
87 9595
138 9641
138 9651
138 10101
138 10114
138 10135
138 10162
138 10285
138 10618
138 10641
86 10737
138 11014
138 11041
87 11102
87 11116
87 11140
106 11177
106 11187
138 11600
138 11961
106 11993
106 11997
138 12018
289 12440
289 12440
289 12440
289 12440
289 12440
289 12440
289 12440
289 12440
289 12440
