104 292
104 650
104 961
104 962
104 1044
104 1285
104 1525
104 1581
104 1807
104 2095
104 2254
104 2744
126 3203
110 3472
110 3475
110 3604
110 3820
110 3847
104 4279
104 4282
126 4343
104 4600
104 4603
104 4604
104 4971
104 4974
104 4976
110 5159
110 5542
110 5544
110 5838
110 5841
110 5842
110 6165
110 6168
110 6171
110 6866
110 6869
110 6870
110 6873
110 7488
110 7491
110 7493
110 7496
104 7935
104 7938
104 7941
104 7942
104 7945
104 8642
104 8643
104 8646
104 8649
104 8651
104 8653
104 8687
104 9140
104 9141
104 9144
104 9147
126 9161
126 10251
126 10396
104 10456
104 10457
104 10460
126 11280
126 12086
126 12086
110 13152
110 13156
110 13161
110 13162
110 13163
110 13163
110 13165
110 13165
110 13166
110 13166
110 13168
110 13168
126 13229
126 13229
126 14028
104 14277
110 14645
110 14646
104 15544
104 15546
104 15548
104 16113
104 16116
104 16118
104 16130
104 16133
104 16152
126 16256
126 17045
108 17290
108 17294
108 17296
108 17297
108 17297
108 17299
108 17299
108 17300
108 17300
108 17301
