104 287
104 663
104 957
104 958
104 1435
104 1517
104 1594
104 2016
104 2077
104 2108
104 2254
104 2873
105 3143
105 3143
105 3146
105 3146
104 3258
104 3261
104 3440
104 3461
126 3520
126 3523
104 3860
104 3886
104 4237
104 4239
104 4319
104 4434
104 4588
104 4593
105 4594
105 4594
105 4626
105 4626
105 4846
105 4846
105 4849
105 4849
105 4853
105 4853
105 4925
105 4925
105 5115
105 5115
105 5118
105 5118
9 5188
9 5193
9 5193
9 5193
105 5547
105 5547
105 5553
105 5553
105 5554
105 5554
105 5554
105 5554
105 5554
105 5554
105 5734
105 5734
105 5806
105 5806
105 5813
105 5813
9 5902
9 5905
9 5920
9 5923
105 6055
105 6055
