106 683
88 997
89 1125
86 1808
106 2934
106 3961
86 4250
138 4439
106 5046
106 5236
87 5389
97 5714
138 5747
88 5868
88 6084
106 6280
138 6443
106 6506
106 6729
106 7258
87 7596
87 7652
138 7693
88 7817
106 7840
106 8065
106 8148
88 8196
106 8232
138 8235
87 8257
106 8494
87 8521
87 8532
106 8771
106 9213
106 9314
88 9535
90 9589
106 9595
12 9766
87 9854
106 9888
12 9953
12 9956
106 10096
87 10212
87 10214
87 10224
13 10267
13 10272
106 10287
106 10899
106 11875
94 12348
87 12506
86 12579
138 12584
138 12650
87 13642
87 13700
87 13704
87 13790
12 14671
12 14674
12 14674
12 14676
12 14676
12 14676
13 14678
13 14681
13 14681
13 14683
13 14683
13 14683
12 14854
13 14861
87 15273
95 15601
87 15895
87 15897
138 16207
138 16234
138 16286
489 16311
489 16311
489 16311
489 16311
489 16311
489 16311
489 16311
489 16311
489 16311
489 16311
489 16311
489 16311
489 16311
489 16311
489 16311
489 16311
489 16311
489 16311
489 16311
489 16311
489 16311
489 16311
