104 290
104 666
104 978
104 978
104 1460
104 1531
104 1617
104 2033
104 2124
104 2177
104 2252
104 2498
105 3162
105 3162
105 3165
105 3165
104 3300
104 3348
104 3548
104 3551
126 3570
126 3573
104 3915
104 3967
104 4021
104 4234
104 4237
104 4630
104 4632
104 4642
104 4643
105 4793
105 4793
105 4818
105 4818
105 4836
105 4836
104 4862
126 4922
104 5454
104 5471
104 5471
104 5471
104 5471
104 5471
104 5563
105 5705
105 5705
104 5762
104 5887
104 5960
126 5977
104 6038
104 6039
104 6058
104 6060
104 6106
104 6107
104 6152
104 6408
104 6453
104 6588
104 6591
105 6730
105 6730
104 6772
104 6772
104 6869
126 6890
104 7004
104 7007
104 7010
104 7011
104 7214
104 7217
104 7218
126 7471
110 7630
110 7633
110 7633
110 7633
110 7784
110 7787
110 7931
110 7934
110 7937
104 7961
104 7961
104 7961
104 7961
104 7962
104 8053
104 8096
104 8176
104 8298
104 8299
104 8383
104 8383
104 8383
104 8383
104 8403
104 8436
104 8469
104 8545
104 8715
104 8717
104 8718
104 8718
104 8897
104 8967
104 8967
126 9048
126 9049
104 9071
104 9072
104 9137
104 9140
126 9299
104 9313
104 9314
104 9317
105 9858
105 9858
105 9878
105 9878
105 9921
105 9921
494 10259
494 10262
494 10262
494 10262
494 10262
104 10384
104 10387
104 10388
104 10391
494 10459
494 10780
494 10888
494 10890
494 10893
494 10982
494 10991
494 11255
494 11257
494 11445
494 11666
494 11669
494 12018
494 12021
494 12024
494 12524
494 12527
494 12528
494 12531
494 12642
494 12797
494 12987
494 12989
494 13233
494 13236
494 13669
494 13672
494 13672
494 13672
494 13769
494 13864
494 14178
494 14180
104 14281
104 14283
104 14283
494 14314
494 14599
494 14602
107 16176
107 16177
107 16177
107 16179
107 16179
107 16179
107 16179
107 16179
107 16179
107 16180
107 16328
107 16331
107 16333
107 16336
107 16471
107 16474
107 16475
107 16478
107 16481
107 17221
107 17224
107 17224
107 17224
107 17366
107 17368
107 17369
107 17369
107 17369
104 18599
107 19615
107 19618
107 19618
107 19618
105 19730
105 19730
105 19733
105 19733
105 19746
105 19746
105 19757
105 19757
112 19895
112 19897
112 19897
112 19898
112 19898
112 19898
112 19898
112 19918
112 19921
112 19922
112 21428
112 21430
112 21430
112 21431
112 21431
112 21519
112 21522
107 21525
107 21528
107 21528
107 21528
112 22308
112 22309
112 22312
112 22315
112 22650
112 22652
112 22654
112 22656
112 22659
112 22748
112 22751
112 22754
112 22757
112 22924
112 22927
112 23415
112 23417
112 23420
112 23619
