106 680
86 1100
88 1480
89 1680
86 2442
106 3536
138 3915
106 4400
138 4575
87 4589
87 5219
87 5255
106 5256
87 5268
99 5312
99 5322
106 5358
99 5373
138 5500
106 5648
97 5733
87 6127
87 6158
88 6699
106 7071
106 7189
88 7506
88 7540
88 8050
91 8071
90 8099
106 8114
106 8311
138 8588
106 9218
106 9559
106 9567
106 9570
106 9575
106 9589
138 9859
87 10361
87 10389
106 10435
87 10476
87 10490
86 10868
106 11145
106 11148
106 11151
88 11597
94 12063
106 12779
106 12783
106 12785
92 13115
88 14898
88 14916
