104 286
104 666
104 974
104 978
104 1449
104 1524
104 1604
104 2022
104 2108
104 2261
104 2732
104 3006
105 3133
105 3133
104 3241
104 3319
104 3466
104 3509
126 3527
126 3546
104 3703
104 3720
104 4031
104 4034
104 4247
105 4549
105 4549
105 4604
105 4604
104 4658
104 4698
105 4719
105 4719
104 4771
104 4781
104 4835
104 4889
126 5119
104 5122
9 5342
104 5667
104 5672
104 5672
104 5674
104 5674
104 5675
104 5677
105 5940
105 5940
105 5943
105 5943
105 5946
105 5946
104 6018
104 6021
104 6209
104 6215
104 6216
104 6216
104 6248
104 6339
104 6342
104 6345
104 6365
104 6428
105 6632
105 6632
105 6657
105 6657
104 6880
104 6945
104 6948
104 7040
104 7043
104 7044
104 7096
104 7097
104 7100
104 7103
104 7293
104 7296
9 7350
9 7354
104 7654
104 7660
104 7662
104 7662
104 7662
104 7663
104 7665
110 7675
110 7676
110 7679
104 7760
104 7796
104 7829
104 7862
104 7916
110 8032
110 8035
9 8179
9 8182
110 8271
110 8317
110 8320
110 8530
110 8828
110 8831
126 8832
110 8835
126 8872
126 8875
110 8949
110 8952
110 9090
110 9093
110 9096
110 9100
110 9153
104 9185
104 9186
104 9190
104 9193
104 9289
104 9388
104 9390
104 9415
104 9757
104 9760
104 9763
104 10292
104 10294
104 10297
126 10419
104 10598
110 10788
110 10791
126 10923
110 10935
110 10938
110 11083
104 11122
104 11128
104 11154
104 11321
104 11324
104 11327
104 11329
111 11451
111 11454
104 11463
105 11647
105 11647
105 11650
105 11650
111 11777
111 11981
111 11984
111 11987
110 12111
110 12114
9 12122
9 12127
9 12127
9 12129
111 12147
111 12268
111 12389
111 12391
104 12393
104 12399
104 12400
104 12400
104 12402
110 12830
110 12835
110 12837
110 12837
111 12905
111 12908
110 13132
110 13138
110 13138
110 13139
110 13139
104 13278
110 13408
110 13414
110 13414
110 13415
110 13417
111 13760
111 13946
110 14152
110 14161
110 14232
126 14251
126 14254
126 14258
110 14262
126 14343
111 14385
111 14388
110 14391
110 14397
110 14399
110 14695
110 14698
110 14701
110 14979
110 14984
110 14986
110 14986
110 14987
111 14998
111 15001
110 15023
126 15050
110 15118
126 15162
110 15163
110 15169
110 15233
110 15236
110 15323
110 15324
110 15431
110 15556
110 15559
110 15668
110 15949
110 15953
110 15956
111 16150
