104 286
104 653
104 964
104 967
104 1429
104 1501
104 1583
104 1982
104 2068
104 2083
104 2246
104 2536
104 2753
105 3147
105 3147
105 3150
105 3150
105 3487
105 3487
126 3526
126 3529
104 3659
104 3661
104 4030
104 4033
104 4073
104 4390
104 4433
105 4749
105 4749
105 4755
105 4755
105 4755
105 4755
105 4755
105 4755
105 4755
105 4755
105 4860
105 4860
105 4863
105 4863
9 5086
9 5087
9 5122
9 5123
105 5223
105 5223
105 5321
105 5321
104 5413
104 5419
104 5419
104 5419
9 5729
9 6044
9 6047
105 6144
105 6144
105 6150
105 6150
104 6212
104 6215
104 6216
104 6234
104 6360
104 6365
104 6552
126 6554
104 6556
104 6558
104 6558
104 7269
104 7272
104 7413
104 7417
104 7430
104 7457
104 7692
104 7696
104 7698
104 7872
126 8108
110 8459
110 8464
110 8514
110 8629
110 8634
110 8805
110 8809
110 8924
110 8927
110 9062
110 9067
110 9070
110 9176
110 9185
110 9516
110 9520
9 9689
110 9736
9 9736
110 9742
110 9742
110 9951
110 10027
110 10031
110 10031
110 10205
110 10211
110 10211
110 10211
110 10346
110 10351
110 10351
110 10352
110 10538
110 10542
110 10542
110 10679
110 10683
110 10820
110 10869
110 10991
110 10994
126 11074
110 11086
110 11229
110 11232
126 11319
110 11481
110 11485
110 11485
126 11653
110 11653
110 11659
110 11831
110 11835
110 11933
110 12016
110 12080
110 12337
110 12342
110 12578
110 12582
110 12583
110 12763
110 12768
110 12768
104 12773
104 12779
104 12779
104 12779
104 12779
104 12780
110 12904
110 12907
110 13171
110 13175
104 13217
104 13219
104 13222
110 13503
110 13744
110 13748
110 13748
104 13827
104 13828
104 13831
104 13834
110 13879
110 13885
110 13951
110 13958
110 14122
110 14193
110 14194
110 14289
110 14292
110 14417
110 14420
110 14423
110 14527
104 14575
104 14578
104 14581
110 14879
110 14884
104 14914
104 14915
104 14918
104 14921
110 15029
110 15033
110 15033
104 15202
104 15204
104 15207
104 15210
104 15213
110 15495
110 15500
110 15500
110 15616
110 15697
110 15701
110 15701
110 15701
110 15809
110 15811
110 15888
110 15893
110 16009
110 16012
110 16014
110 16202
110 16299
110 16523
110 16527
110 16529
110 16529
110 16617
110 16748
110 16752
110 16752
110 16892
110 16897
110 17011
110 17015
110 17128
110 17133
110 17259
110 17260
110 17263
110 17385
110 17388
110 17390
110 17462
110 17473
104 17487
110 17565
110 17567
110 17905
110 17909
110 17909
110 17909
110 17909
110 18144
110 18698
110 18702
110 18704
110 18704
110 18903
110 18907
110 18907
110 18908
110 18908
110 18908
110 18908
110 18910
110 19352
110 19356
110 19683
110 19687
110 19689
110 19689
110 19689
110 19690
110 19690
