104 287
104 672
104 960
104 960
104 1044
104 1419
104 1532
104 2036
104 2039
104 2105
104 2123
104 2320
105 2620
105 2620
126 3048
104 3152
104 3224
104 3348
104 3450
104 3610
126 3847
104 3849
126 4153
105 4198
105 4198
105 4204
105 4204
105 4207
105 4207
105 4211
105 4211
105 4519
105 4519
105 4523
105 4523
105 4797
105 4797
105 4823
105 4823
105 4879
105 4879
105 4934
105 4934
105 4996
105 4996
126 5023
105 5150
105 5150
105 5157
105 5157
105 5157
105 5157
105 5424
105 5424
105 5430
105 5430
105 5432
105 5432
105 5432
105 5432
105 5443
105 5443
105 5780
105 5780
105 5786
105 5786
105 5786
105 5786
105 6036
105 6036
105 6039
105 6039
105 6259
105 6259
105 6262
105 6262
105 6572
105 6572
105 6721
105 6721
105 6808
105 6808
105 7172
105 7172
105 7231
105 7231
104 7731
104 7787
104 7895
104 7980
104 7987
104 8033
104 8158
104 8285
104 8469
104 8507
104 8512
104 8514
104 8547
104 8731
104 8738
104 8738
104 8740
104 8819
104 9481
110 9575
110 9592
110 9598
110 9598
110 9599
110 9599
110 9601
104 9668
110 9762
110 9774
104 10002
104 10005
110 10099
110 10106
110 10106
110 10108
104 10208
104 10211
104 10366
104 10381
104 10417
110 11045
110 11050
110 11050
110 11052
110 11141
104 11201
104 11207
110 11235
104 11315
126 12150
110 12179
110 12186
110 12186
110 12188
110 12188
110 12317
110 12323
110 12323
110 12631
110 12735
110 12762
110 12785
126 12947
110 13192
110 13199
110 13199
110 13201
110 13217
105 13352
105 13352
105 13357
105 13357
105 13359
105 13359
105 13359
105 13359
105 13425
105 13425
105 13516
105 13516
105 13519
105 13519
105 13590
105 13590
105 13593
105 13593
110 13613
105 13654
105 13654
104 13666
104 13670
104 13915
104 13922
104 13997
104 14030
104 14063
104 14152
104 14159
