106 689
86 1190
88 1541
89 1647
86 2455
106 3513
138 3710
87 4288
138 4401
106 4547
106 5007
87 5084
87 5105
99 5144
138 5215
99 5215
106 5374
106 5377
87 5655
87 5667
87 5851
97 6010
106 6058
106 6146
138 6202
87 6227
87 6231
106 6244
88 6461
88 6464
88 6515
88 6529
106 6537
87 6665
138 6727
106 7008
87 7176
87 7189
87 7259
87 7286
106 7292
106 7402
106 7634
138 7876
91 7896
87 7970
90 8059
87 8103
87 8122
88 8476
106 8630
12 8712
106 8790
106 8911
13 9111
12 9261
138 9274
87 9436
13 9772
87 9852
87 9931
12 9996
87 10105
13 10259
138 10259
86 10329
106 10542
106 10546
87 10728
87 10786
106 10938
106 10941
106 11832
87 11839
12 12105
12 12112
13 12112
13 12119
289 13764
289 13764
289 13764
289 13764
289 13764
289 13764
289 13764
289 13764
289 13764
289 14082
289 14082
289 14082
289 14082
289 14082
289 14082
289 14082
289 14082
289 14082
289 14277
289 14277
289 14277
289 14277
289 14277
289 14277
289 14509
289 14509
289 14509
289 14509
289 14509
289 14509
289 14668
289 14668
289 14668
289 14668
289 14668
289 14668
289 14668
289 14668
289 14668
289 15188
289 15188
289 15188
289 15188
289 15188
289 15188
289 15188
289 15188
289 15188
88 15299
12 15715
13 15722
