104 302
104 664
104 974
104 977
104 1419
104 1495
104 1587
104 1995
104 2062
104 2252
104 2511
104 3078
105 3118
105 3118
105 3124
105 3124
104 3474
126 3496
104 3700
126 3809
104 3864
104 3866
104 4043
104 4149
126 4506
105 4748
105 4748
105 4749
105 4749
105 4821
105 4821
105 4827
105 4827
105 4827
105 4827
105 4829
105 4829
105 5013
105 5013
105 5079
105 5079
105 5145
105 5145
105 5256
105 5256
105 5259
105 5259
105 5260
105 5260
126 5299
105 5301
105 5301
105 5302
105 5302
104 5356
104 5415
104 5418
104 5441
104 5459
104 5799
104 5844
104 5847
104 5854
104 6042
104 6114
104 6239
104 6265
104 6291
104 6327
104 6579
104 6694
104 6697
104 6717
104 6719
126 6736
104 6750
104 6799
104 6835
104 6871
104 6928
104 6976
104 6978
104 7056
104 7057
104 7092
104 7145
104 7146
104 7244
104 7246
104 7578
104 7581
104 7703
104 7749
104 7826
104 7827
104 7829
104 7832
104 7837
126 7962
104 7975
104 7977
104 7978
104 7988
104 8020
110 8215
110 8269
110 8308
104 8332
104 8334
104 8355
104 8612
104 8615
104 8616
104 8638
104 8664
110 9041
104 9116
110 9153
104 9182
110 9196
110 9376
126 9383
110 9409
110 9686
110 9687
110 9801
110 9802
110 9805
110 9807
104 9884
104 9927
110 9978
110 9982
110 9984
104 10074
104 10077
104 10178
104 10179
104 10182
104 10184
104 10257
104 10292
104 10313
104 10381
104 10384
104 10398
104 10417
104 10431
104 10466
104 10587
104 10602
104 10623
110 11135
105 11149
105 11149
105 11156
105 11156
105 11158
105 11158
110 11163
105 11306
105 11306
105 11312
105 11312
105 11313
105 11313
105 11620
105 11620
105 11626
105 11626
105 11626
105 11626
105 11627
105 11627
105 11627
105 11627
105 11629
105 11629
105 11629
105 11629
105 11630
105 11630
105 11630
105 11630
105 11631
105 11631
9 11701
9 11704
9 11706
9 11708
9 11710
9 11713
9 11716
105 11962
105 11962
105 11970
105 11970
105 11971
105 11971
105 11971
105 11971
105 11973
105 11973
105 12495
105 12495
126 12498
105 12502
105 12502
105 12502
105 12502
105 12504
105 12504
105 12504
105 12504
105 12505
105 12505
105 12507
105 12507
105 12507
105 12507
105 12507
105 12507
105 12508
105 12508
105 12508
105 12508
105 12509
105 12509
105 12511
105 12511
126 12682
9 12725
9 12728
9 12730
105 12750
105 12750
105 12757
105 12757
105 12758
105 12758
105 12865
105 12865
105 12871
105 12871
105 12871
105 12871
105 12872
105 12872
105 12872
105 12872
105 12874
105 12874
499 12934
499 12937
105 13141
105 13141
105 13147
105 13147
105 13149
105 13149
104 13306
104 13309
104 13310
9 13417
9 13423
9 13423
9 13424
9 13424
9 13426
105 13434
105 13434
105 13439
105 13439
105 13441
105 13441
105 13441
105 13441
105 13442
105 13442
105 13706
105 13706
105 13721
105 13721
105 13727
105 13727
105 13727
105 13727
105 13729
105 13729
105 13730
105 13730
105 13730
105 13730
105 13732
105 13732
105 13732
105 13732
105 13733
105 13733
105 13757
105 13757
105 13763
105 13763
105 13854
105 13854
105 13860
105 13860
105 13861
105 13861
105 13861
105 13861
105 13894
105 13894
105 13901
105 13901
105 13920
105 13920
9 13941
9 13942
9 13945
105 14060
105 14060
105 14066
105 14066
105 14066
105 14066
105 14293
105 14293
105 14299
105 14299
105 14300
105 14300
105 14300
105 14300
9 14560
9 14561
9 14563
9 14567
9 14574
105 14575
105 14575
105 14582
105 14582
105 14582
105 14582
105 14584
105 14584
9 14769
9 14770
109 14785
9 14865
9 14871
9 14871
9 14872
9 14872
9 14874
9 14874
9 14875
9 14875
105 14877
105 14877
105 14885
105 14885
105 14885
105 14885
105 14886
105 14886
105 14886
105 14886
105 14887
105 14887
109 14988
105 15046
105 15046
105 15052
105 15052
105 15053
105 15053
105 15053
105 15053
105 15273
105 15273
105 15279
105 15279
105 15280
105 15280
105 15280
105 15280
105 15282
105 15282
105 15282
105 15282
105 15283
105 15283
105 15283
105 15283
105 15285
105 15285
105 15286
105 15286
105 15288
105 15288
105 15470
105 15470
105 15476
105 15476
105 15478
105 15478
105 15478
105 15478
105 15681
105 15681
105 15751
105 15751
105 15757
105 15757
105 15758
105 15758
105 15758
105 15758
105 15760
105 15760
105 15853
105 15853
