104 286
104 663
104 967
104 967
104 1080
104 1527
104 1579
104 2000
104 2053
104 2078
104 2269
104 2488
104 2808
104 2998
104 3063
104 3545
104 3581
105 3753
105 3753
105 3819
105 3819
126 3863
105 4008
105 4008
105 4047
105 4047
105 4126
105 4126
105 4580
105 4580
105 4582
105 4582
105 4654
105 4654
105 4662
105 4662
105 4662
105 4662
105 4911
105 4911
105 4913
105 4913
126 4938
126 5217
105 5564
105 5564
105 5571
105 5571
105 5571
105 5571
105 5573
105 5573
105 5574
105 5574
105 5574
105 5574
105 5616
105 5616
105 5866
105 5866
105 5920
105 5920
105 5931
105 5931
105 5950
105 5950
105 6051
105 6051
105 6066
105 6066
105 6121
105 6121
105 6275
105 6275
105 6441
105 6441
105 6490
105 6490
105 6497
105 6497
105 6595
105 6595
105 6598
105 6598
105 6619
105 6619
105 6657
105 6657
