106 685
86 1094
88 1564
89 1676
86 2963
106 3569
106 4197
138 4258
106 4878
87 4919
138 5022
106 5094
138 5495
138 5743
87 5753
106 5918
106 6021
138 6166
87 6229
87 6343
99 6540
87 6882
90 7111
88 7128
90 7140
88 7147
87 7228
138 7284
87 7289
87 7365
88 7413
138 7429
96 7470
88 7483
88 7504
87 7516
106 7803
87 7856
106 7971
106 8131
106 8135
106 8162
87 9115
87 9130
91 9368
87 9527
87 9544
86 9707
12 9731
15 9738
87 9852
138 9882
138 9919
138 9958
92 9981
138 9997
138 10036
87 10129
138 10184
138 10220
86 10245
86 10307
138 10407
87 10431
87 10499
87 10517
87 10524
87 10524
87 10530
87 10530
86 10548
138 10582
138 10651
138 10747
106 10768
106 10771
94 10855
87 10883
87 10890
87 10890
106 11312
138 11808
87 11812
87 11822
87 11824
87 11835
138 11851
138 11917
87 12044
87 12054
87 12056
87 12056
87 12061
87 12101
87 12207
289 13008
289 13008
289 13008
289 13008
289 13008
289 13008
289 13008
289 13008
289 13008
138 13235
138 13442
12 13792
12 13795
14 13799
14 13802
106 14136
106 14139
106 14141
106 14141
87 14172
87 14214
87 14222
87 14229
88 14439
87 14544
88 14730
93 15929
87 16550
289 16807
289 16807
289 16807
289 16807
289 16807
289 16807
289 16807
289 16807
289 16807
