104 287
104 673
104 985
104 988
104 1135
104 1532
104 1604
104 2023
104 2087
104 2248
104 2508
105 3224
105 3224
105 3225
105 3225
104 3241
104 3346
104 3460
104 3576
126 3627
126 3631
104 3854
104 3991
104 4138
104 4308
104 4429
126 4490
104 4538
104 4678
104 4679
104 4682
105 5003
105 5003
105 5098
105 5098
105 5242
105 5242
126 5291
104 5452
104 5455
104 5458
104 5487
104 5593
104 5596
104 5644
104 5772
104 5775
104 6005
105 6079
105 6079
126 6090
104 6275
104 6415
104 6457
104 6460
104 6460
104 6460
104 6460
104 6519
104 6732
104 6735
104 6804
104 6821
126 6898
104 6926
104 7063
104 7066
104 7105
104 7107
105 7352
105 7352
105 7355
105 7355
105 7355
105 7355
105 7355
105 7355
105 7504
105 7504
105 7506
105 7506
105 7634
105 7634
104 7708
105 7873
105 7873
105 7876
105 7876
105 7879
105 7879
105 7895
105 7895
105 7897
105 7897
105 7897
105 7897
105 8049
105 8049
105 8051
105 8051
105 8053
105 8053
105 8053
105 8053
126 8544
104 8623
126 8634
126 8695
105 8705
105 8705
105 8708
105 8708
105 8711
105 8711
105 8714
105 8714
104 8793
104 8796
104 8796
104 8796
104 8796
105 9104
105 9104
105 9105
105 9105
105 9108
105 9108
105 9112
105 9112
105 9115
105 9115
105 9328
105 9328
105 9331
105 9331
105 9334
105 9334
104 9489
105 9544
105 9544
105 9547
105 9547
105 9547
105 9547
104 9555
104 9667
104 9670
104 9670
104 9670
104 9670
104 9710
104 9711
105 9855
105 9855
104 9876
104 9877
104 9880
105 10028
105 10028
105 10029
105 10029
105 10031
105 10031
9 10114
9 10116
9 10121
9 10124
9 10126
9 10129
9 10132
9 10135
126 10179
126 10182
126 10185
105 10248
105 10248
105 10251
105 10251
105 10523
105 10523
105 10526
105 10526
105 10713
105 10713
105 10716
105 10716
105 10716
105 10716
105 10716
105 10716
105 10719
105 10719
105 10851
105 10851
104 10866
104 10869
104 10988
104 11151
104 11154
104 11157
105 11316
105 11316
105 11319
105 11319
105 11319
105 11319
105 11319
105 11319
105 11319
105 11319
105 11319
105 11319
105 11506
105 11506
105 11509
105 11509
105 11509
105 11509
105 11509
105 11509
105 11627
105 11627
105 11682
105 11682
107 12132
107 12135
107 12135
107 12135
107 12268
107 12271
107 12271
104 12446
104 12448
104 12452
107 12508
107 12511
107 12514
107 12779
107 12782
105 12877
105 12877
105 12879
105 12879
105 12879
105 12879
105 12881
105 12881
105 12881
105 12881
105 12881
105 12881
105 12881
105 12881
105 12881
105 12881
105 12881
105 12881
105 12881
105 12881
105 13176
105 13176
105 13311
105 13311
105 13314
105 13314
107 13314
107 13317
104 13371
104 13375
104 13375
104 13519
9 13653
9 13655
9 13657
9 13660
9 13665
9 13668
105 13835
105 13835
105 13838
105 13838
105 13838
105 13838
105 13838
105 13838
105 13838
105 13838
105 13838
105 13838
105 13840
105 13840
105 13840
105 13840
105 13840
105 13840
107 13972
107 13975
107 13978
104 14053
104 14054
104 14057
104 14060
104 14063
104 14361
126 14610
105 14728
105 14728
105 14731
105 14731
105 14731
105 14731
105 14732
105 14732
105 14732
105 14732
105 14732
105 14732
105 14732
105 14732
499 15302
499 15303
499 15306
499 15309
105 15352
105 15352
105 15354
105 15354
105 15354
105 15354
105 15355
105 15355
105 15355
105 15355
105 15355
105 15355
105 15355
105 15355
105 15430
105 15430
105 15432
105 15432
105 15433
105 15433
105 15433
105 15433
9 15530
9 15533
9 15533
9 15533
9 15533
9 15533
9 15533
9 15535
105 15653
105 15653
105 15656
105 15656
105 15656
105 15656
105 15658
105 15658
105 15658
105 15658
105 15658
105 15658
105 15915
105 15915
105 15918
105 15918
105 15918
105 15918
105 15918
105 15918
105 15918
105 15918
105 15918
105 15918
105 15918
105 15918
105 15918
105 15918
105 15918
105 15918
105 15920
105 15920
105 15920
105 15920
105 15920
105 15920
107 16325
107 16328
107 16337
105 16674
105 16674
105 16677
105 16677
105 16678
105 16678
105 16678
105 16678
105 16678
105 16678
105 16678
105 16678
105 16678
105 16678
105 16678
105 16678
105 16678
105 16678
105 16678
105 16678
105 16680
105 16680
9 16797
9 16800
9 16800
9 16800
9 16800
9 16800
9 16800
9 16800
9 16801
9 16801
9 16801
9 16801
9 16801
9 16803
9 16803
9 16803
9 16803
9 16803
9 16803
9 16803
9 16804
105 16957
105 16957
105 16960
105 16960
105 16960
105 16960
105 17209
105 17209
105 17212
105 17212
105 17212
105 17212
105 17212
105 17212
105 17212
105 17212
105 17212
105 17212
105 17212
105 17212
105 17212
105 17212
105 17214
105 17214
105 17214
105 17214
105 17214
105 17214
105 17214
105 17214
105 17214
105 17214
9 17288
9 17289
9 17289
9 17291
9 17291
9 17291
9 17291
9 17291
9 17292
105 17501
105 17501
105 17503
105 17503
105 17504
105 17504
105 17504
105 17504
105 17504
105 17504
105 17504
105 17504
105 17504
105 17504
105 17506
105 17506
105 17982
105 17982
105 17985
105 17985
105 17985
105 17985
105 17985
105 17985
105 17985
105 17985
105 17985
105 17985
105 17985
105 17985
105 17987
105 17987
105 17987
105 17987
9 17995
9 17996
9 17996
9 17997
9 17997
9 17997
9 17997
9 17997
9 17999
9 17999
9 17999
9 17999
9 17999
9 17999
9 17999
9 18000
9 18000
9 18000
9 18000
9 18000
9 18000
9 18002
105 18194
105 18194
105 18196
105 18196
105 18196
105 18196
105 18303
105 18303
105 18306
105 18306
105 18306
105 18306
105 18306
105 18306
105 18306
105 18306
105 18307
105 18307
105 18307
105 18307
105 18307
105 18307
105 18496
105 18496
105 18497
105 18497
105 18499
105 18499
105 18499
105 18499
105 18499
105 18499
105 18499
105 18499
105 18499
105 18499
105 18499
105 18499
105 18743
105 18743
105 18745
105 18745
105 18745
105 18745
105 18746
105 18746
105 18746
105 18746
105 18746
105 18746
105 18876
105 18876
105 18879
105 18879
105 18879
105 18879
105 19036
105 19036
105 19039
105 19039
105 19039
105 19039
105 19040
105 19040
105 19040
105 19040
105 19040
105 19040
105 19040
105 19040
105 19040
105 19040
105 19040
105 19040
105 19040
105 19040
105 19040
105 19040
105 19041
105 19041
105 19128
105 19128
105 19129
105 19129
9 19172
9 19175
9 19175
9 19175
9 19175
107 19403
107 19406
107 19409
9 19450
9 19454
9 19454
9 19454
9 19454
105 19489
105 19489
105 19492
105 19492
105 19492
105 19492
105 19493
105 19493
105 19493
105 19493
105 19709
105 19709
105 19712
105 19712
105 19712
105 19712
105 19712
105 19712
105 19714
105 19714
105 19842
105 19842
105 19845
105 19845
112 20265
112 20268
9 20280
9 20283
9 20286
9 20289
112 20291
9 20293
9 20296
9 20299
112 20401
112 20489
112 20492
105 20649
105 20649
105 20652
105 20652
105 20652
105 20652
105 20652
105 20652
105 20654
105 20654
105 20654
105 20654
105 20988
105 20988
105 20990
105 20990
105 20990
105 20990
105 20990
105 20990
105 20992
105 20992
105 20992
105 20992
105 20992
105 20992
105 20992
105 20992
105 20992
105 20992
9 21139
9 21142
9 21145
9 21148
9 21151
104 21412
104 21414
104 21417
9 21547
9 21550
9 21550
9 21550
105 21562
105 21562
105 21563
105 21563
105 21565
105 21565
105 21565
105 21565
499 21590
499 21674
105 21883
105 21883
105 21886
105 21886
105 21886
105 21886
105 21886
105 21886
105 21886
105 21886
105 21886
105 21886
105 21886
105 21886
105 21887
105 21887
105 22138
105 22138
105 22141
105 22141
105 22141
105 22141
105 22141
105 22141
105 22141
105 22141
105 22142
105 22142
105 22142
105 22142
105 22142
105 22142
105 22142
105 22142
105 22323
105 22323
105 22326
105 22326
105 22326
105 22326
