104 295
104 680
104 1014
104 1017
104 1460
104 1537
104 1606
104 2032
104 2097
104 2108
104 2297
104 2536
105 3146
105 3146
105 3149
105 3149
104 3284
104 3350
126 3539
126 3549
105 3612
105 3612
105 3615
105 3615
105 3903
105 3903
105 3907
105 3907
104 4053
104 4056
104 4226
104 4812
104 4814
104 4816
104 4872
104 4875
104 5013
104 5016
126 5106
104 5287
104 5305
104 5468
104 5471
104 5474
126 5976
104 6114
104 6117
104 6119
104 6121
104 6124
104 6126
104 6129
104 6239
104 6263
104 6275
104 6324
126 6605
110 6656
110 6659
110 6660
104 6817
110 7221
110 7223
110 7226
110 7229
110 7230
110 7233
104 7348
110 7350
110 7352
110 7355
110 7491
104 7811
104 7814
104 7817
110 8638
110 8639
