104 290
104 669
104 974
104 975
104 1065
104 1541
104 1589
104 2015
104 2082
104 2274
104 2507
104 2789
104 3291
104 3476
104 3539
126 3581
126 3740
104 3752
104 3951
105 3963
105 3963
105 3966
105 3966
104 4136
104 4221
104 4525
126 4618
104 4624
104 4729
104 4734
104 4734
126 4886
104 4901
104 4904
104 4994
104 4999
104 5193
104 5275
104 5367
104 5370
104 5488
104 5523
104 5661
104 5664
104 5664
104 5665
104 5930
104 5934
105 6452
105 6452
126 6589
105 6636
105 6636
105 6641
105 6641
105 6641
105 6641
105 6641
105 6641
105 6641
105 6641
105 6642
105 6642
105 6642
105 6642
105 6739
105 6739
105 6742
105 6742
105 6743
105 6743
105 6746
105 6746
105 7055
105 7055
105 7058
105 7058
105 7060
105 7060
105 7327
105 7327
105 7332
105 7332
126 7356
126 7431
105 7536
105 7536
105 7540
105 7540
105 7540
105 7540
105 7540
105 7540
105 7540
105 7540
105 7542
105 7542
105 7542
105 7542
105 7735
105 7735
105 7738
105 7738
105 7738
105 7738
105 7739
105 7739
105 7851
105 7851
105 7854
105 7854
105 7854
105 7854
105 7854
105 7854
105 7916
105 7916
105 8003
105 8003
126 8086
105 8187
105 8187
105 8191
105 8191
105 8191
105 8191
105 8191
105 8191
105 8191
105 8191
105 8270
105 8270
105 8316
105 8316
105 8423
105 8423
105 8647
105 8647
105 8650
105 8650
105 8650
105 8650
105 8652
105 8652
105 8652
105 8652
105 8787
105 8787
105 8791
105 8791
105 8791
105 8791
105 8793
105 8793
105 8793
105 8793
105 8793
105 8793
126 8885
105 8937
105 8937
105 8941
105 8941
105 9079
105 9079
105 9082
105 9082
105 9239
105 9239
105 9242
105 9242
105 9294
105 9294
