104 283
104 644
104 954
104 954
104 1401
104 1475
104 1862
104 1940
104 2046
104 2241
104 2480
104 3014
104 3017
104 3207
105 3307
105 3307
126 3379
104 3425
104 3441
126 3483
104 3666
104 3679
104 4000
126 4220
104 4302
104 4424
104 4427
104 4527
104 4529
104 4619
104 4622
104 5009
104 5012
104 5029
104 5262
104 5265
104 5268
110 5458
104 5490
110 5523
110 5618
104 5632
104 5632
104 5684
104 5741
104 5744
104 5858
104 5926
104 5986
104 5989
104 6052
104 6055
110 6261
110 6323
110 6415
110 6463
110 6466
110 6507
110 6587
110 6647
110 6650
110 6765
110 6873
110 7246
110 7249
110 7493
110 7496
110 7498
110 7498
110 7498
110 7594
110 7727
110 7790
110 7918
110 8045
110 8049
126 8050
