104 284
104 650
104 954
104 964
104 1429
104 1499
104 1586
104 1945
104 2005
104 2105
104 2241
104 2490
104 3053
104 3055
104 3254
104 3257
126 3529
126 3530
104 3644
104 3657
104 3741
104 3775
104 3958
104 3977
105 4316
105 4316
104 4443
104 4626
104 4812
104 4813
104 4817
104 4820
104 4902
104 5071
104 5140
104 5194
126 5339
104 5497
104 5500
104 5507
110 6130
110 6130
110 6132
110 6132
110 6133
110 6133
110 6135
110 6135
110 6156
110 6215
110 6317
110 6323
110 6410
110 6447
110 6604
110 6926
110 6929
110 7021
110 7083
110 7131
110 7259
110 7358
105 7379
105 7379
105 7381
105 7381
105 7384
105 7384
105 7388
105 7388
110 7396
110 7884
105 8098
105 8098
105 8099
105 8099
105 8102
105 8102
105 8105
105 8105
105 8106
105 8106
104 8317
104 8318
104 8321
104 8381
104 8478
104 8629
104 9157
104 9159
104 9162
110 9392
110 9395
104 9465
104 9467
104 9468
110 9474
104 9547
110 9559
104 9580
104 9792
110 9867
126 9956
110 10073
104 10176
110 10221
110 10447
110 10449
110 10452
104 10523
104 10525
104 10528
104 10530
104 10692
104 10693
110 10819
104 10903
104 10955
104 10958
104 10962
110 10968
110 10971
110 10973
104 11224
104 11450
104 11453
104 11455
104 11456
104 11459
104 11460
104 11463
110 11736
104 11763
110 11793
110 11795
105 11975
105 11975
110 11979
105 12119
105 12119
105 12121
105 12121
105 12124
105 12124
105 12125
105 12125
110 12362
110 12363
110 12366
110 12367
110 12595
110 12596
110 12599
110 12601
110 12853
110 12854
110 12855
110 12858
110 13061
110 13064
110 13066
110 13068
110 13070
110 13071
110 13736
110 13742
110 13742
494 14123
494 14129
494 14129
494 14134
494 14134
494 14136
494 14451
494 14452
494 14833
494 14834
494 14837
494 14838
494 14841
494 14843
494 14845
110 14878
110 14879
110 14882
110 14884
105 14906
105 14906
105 14908
105 14908
105 14910
105 14910
110 15254
110 15256
494 15269
110 15326
494 15328
104 15386
104 15389
110 15397
110 15399
110 15500
110 15503
110 15821
494 16556
494 16557
494 16560
494 16561
105 16587
105 16587
105 16593
105 16593
105 16595
105 16595
105 16595
105 16595
105 16595
105 16595
105 16596
105 16596
105 16598
105 16598
105 16598
105 16598
105 16599
105 16599
105 16599
105 16599
105 16600
105 16600
105 16600
105 16600
105 16602
105 16602
105 16602
105 16602
110 16722
110 16785
110 16788
110 16789
