106 692
86 1114
88 1569
89 1675
106 3124
86 3435
106 4165
138 4280
99 4592
106 4633
99 4806
87 4939
138 4971
99 5540
106 5564
138 5626
87 5663
87 5689
97 5972
106 6062
88 6153
88 6174
106 6192
87 6218
138 6345
87 6348
88 6686
90 6745
106 6858
106 6899
106 7251
87 7550
87 7562
87 7607
88 7691
88 7815
106 8155
106 8358
106 8475
106 8609
87 8657
86 8761
106 8956
106 9006
106 9398
106 9494
94 9689
106 9724
87 9744
106 9845
138 9957
138 9965
106 10061
138 10198
106 10250
87 10382
106 10589
106 10592
87 10721
87 10723
87 10724
138 10760
138 10800
95 11198
106 11279
87 11363
87 11366
138 11378
138 11410
138 11455
88 11621
106 11738
489 11954
489 11954
489 11954
489 11954
489 11954
489 11954
489 11954
489 11954
489 11954
489 11954
489 11954
489 11954
489 12138
489 12138
489 12138
489 12138
489 12138
489 12138
489 12138
489 12138
489 12138
489 12138
489 12138
489 12138
489 12138
489 12138
142 12185
142 12610
106 12882
98 12894
98 12992
106 13337
489 13347
489 13347
489 13347
489 13347
489 13347
489 13347
489 13347
489 13347
489 13347
489 13347
489 13347
489 13347
489 13347
489 13347
489 13347
489 13347
489 13347
489 13347
489 13347
489 13347
489 13347
489 13347
489 13347
489 13347
489 13347
489 13347
489 13347
489 13347
12 13878
13 13941
106 14179
12 14559
12 14562
13 14694
489 14925
489 14925
489 14925
489 14925
489 14925
489 14925
489 14925
489 14925
489 14925
489 14925
489 14925
489 14925
489 14925
489 14925
489 15138
489 15138
489 15138
489 15138
489 15138
489 15138
489 15138
489 15138
489 15138
489 15138
489 15138
489 15138
489 15138
489 15138
142 15211
489 15916
489 15916
489 15916
489 15916
489 15916
489 15916
489 15916
489 15916
489 15916
489 15916
489 15916
489 15916
489 15916
489 15916
489 16122
489 16122
489 16122
489 16122
489 16122
489 16122
489 16122
489 16122
489 16122
489 16122
489 16122
489 16122
489 16122
489 16122
289 16691
289 16691
289 16691
289 16691
289 16691
289 16691
289 16691
289 16691
289 16691
86 16906
13 16945
489 16977
489 16977
489 16977
489 16977
489 16977
489 16977
489 16977
489 16977
489 16977
489 16977
489 16977
489 16977
489 16977
489 16977
489 17103
489 17103
489 17103
489 17103
489 17103
489 17103
489 17103
489 17103
489 17103
489 17103
489 17103
489 17103
489 17103
489 17103
99 17119
106 17628
86 17904
489 18097
489 18097
489 18097
489 18097
489 18097
489 18097
489 18097
489 18097
489 18097
489 18097
489 18097
489 18097
489 18097
489 18097
489 18097
489 18097
489 18097
489 18097
489 18097
489 18097
489 18097
489 18097
489 18097
489 18097
489 18097
489 18097
489 18097
489 18097
142 18140
106 18627
87 18689
92 18798
138 18854
142 18876
106 18994
142 19232
