106 687
86 1079
88 1576
89 1646
106 2884
86 3550
106 4190
138 4305
106 4806
97 4826
88 5016
88 5021
87 5104
138 5115
106 5438
106 5523
106 6238
106 6471
106 7004
106 7083
106 7961
106 8047
88 8129
106 8281
106 8694
87 8819
87 8864
106 8954
106 9082
106 9339
106 9596
106 9681
106 9998
106 10009
87 10169
106 10277
106 10543
90 10711
88 10877
96 12803
12 12862
12 12865
12 12868
86 13099
13 13392
13 13403
13 13405
289 14117
289 14117
289 14117
289 14117
289 14117
289 14117
289 14117
289 14117
289 14117
