104 289
104 676
104 970
104 973
104 1095
104 1319
104 1534
104 1545
104 1611
104 2056
105 2566
105 2566
105 2569
105 2569
105 2603
105 2603
126 3274
105 3431
105 3431
105 3434
105 3434
105 3619
105 3619
105 3740
105 3740
105 3861
105 3861
105 4057
105 4057
105 4060
105 4060
126 4103
105 4264
105 4264
105 4397
105 4397
105 4401
105 4401
105 4404
105 4404
105 4407
105 4407
104 4684
104 4790
104 4794
105 4831
105 4831
105 4834
105 4834
104 5059
104 5063
104 5068
104 5071
104 5180
104 5183
104 5210
104 5215
104 5390
104 5393
105 5842
105 5842
105 5846
105 5846
105 5986
105 5986
105 5990
105 5990
105 5993
105 5993
105 6120
105 6120
105 6123
105 6123
105 6127
105 6127
105 6292
105 6292
9 6406
9 6420
9 6431
9 6433
105 6737
105 6737
105 6740
105 6740
105 6744
105 6744
105 6747
105 6747
104 6899
104 6910
104 6912
104 6912
104 6913
126 7136
126 7140
104 7227
104 7231
104 7236
104 7374
104 7591
104 7709
104 7713
104 7751
104 7891
104 8081
104 8083
104 8088
104 8092
9 8291
9 8294
104 8427
110 8694
110 8698
104 8816
104 8820
104 8823
110 9185
110 9454
110 9466
110 9466
110 9467
110 9467
110 9468
110 9936
110 9941
110 10102
110 10106
110 10109
110 10115
110 10401
110 10413
110 10414
110 10414
110 10416
110 10416
110 10712
110 10724
110 10724
104 10767
104 10778
104 10780
104 10780
104 10781
104 10895
104 10899
104 10961
104 10994
104 11121
104 11125
104 11226
104 11230
104 11234
110 11620
110 11632
110 11633
110 11633
110 11635
110 11963
110 11974
110 11974
110 11976
110 12257
110 12268
110 12268
110 12270
110 12270
110 12271
110 12475
110 12485
110 12487
110 12488
104 12520
104 12524
104 12527
104 12530
104 12534
110 12876
110 12887
110 12889
110 12889
110 12890
110 12890
110 12893
110 13120
110 13132
110 13338
110 13349
110 13935
110 13947
110 13947
110 13948
110 13948
110 13949
110 13951
110 13951
110 13951
110 14242
110 14253
110 14255
110 14255
110 14256
