104 287
104 644
104 947
104 947
104 1403
104 1803
104 1869
104 1948
104 2064
104 2290
104 2456
104 2522
104 2526
105 3059
105 3059
105 3152
105 3152
104 3191
104 3247
126 3308
104 3451
126 3468
104 3489
104 3700
104 3762
104 3942
104 4236
104 4262
104 4318
104 4420
104 4423
104 4482
104 4525
104 4614
104 4624
104 4656
104 4747
104 4822
104 5007
104 5050
104 5219
104 5222
104 5397
104 5573
104 5632
104 5645
104 5682
104 5731
104 5884
104 5887
126 6038
110 6395
110 6398
110 6399
110 6443
110 6516
110 6617
110 6657
110 6689
110 6693
110 6781
110 6821
110 6955
110 6958
110 7106
110 7109
110 7171
110 7227
110 7321
110 7403
104 7567
104 7571
104 7571
104 7571
110 7586
110 7706
104 7715
104 7718
104 7721
104 7751
104 7791
104 7932
104 7935
104 8117
104 8119
104 8266
104 8317
104 8319
104 8328
104 8340
110 8628
110 8703
110 8705
110 9075
110 9078
104 9151
104 9154
104 9159
110 9165
110 9166
110 9250
110 9252
110 9415
110 9418
110 9559
110 9641
110 9763
110 9766
110 9771
110 9857
110 9860
126 9884
110 9958
110 10077
110 10080
110 10495
110 10498
110 10500
110 10503
110 10558
110 10561
110 10637
110 10642
110 10768
110 10770
110 10868
110 10870
110 10919
110 10993
110 10996
110 11049
110 11148
110 11151
104 11197
104 11201
104 11201
104 11203
110 11212
104 11279
104 11280
