104 289
104 508
104 1065
104 1066
104 1070
104 1550
104 1606
104 2038
104 2097
104 2206
104 2317
104 2827
105 3123
105 3123
105 3190
105 3190
104 3234
104 3335
126 3526
104 3588
104 3591
126 3602
104 4239
104 4322
104 4325
126 4555
104 4584
104 4587
104 4590
104 4640
104 4735
104 4918
104 4921
104 4924
104 4927
104 5541
104 5544
104 5547
104 5570
104 5599
126 5708
105 5904
105 5904
105 5907
105 5907
105 5910
105 5910
104 6065
104 6068
104 6071
104 6074
104 6077
104 6081
104 6356
104 6519
104 6522
104 6524
104 6527
104 6543
104 6548
105 6562
105 6562
105 6566
105 6566
104 6739
104 6742
104 6745
104 6952
104 6988
104 6991
104 6995
104 7139
104 7142
104 7146
104 7149
104 7152
104 7155
110 7971
110 7974
110 7977
110 7980
110 7984
110 7987
110 7990
110 8003
110 8110
110 8166
104 8222
126 8257
126 8269
110 8528
110 8531
110 8574
110 8577
104 8773
104 8776
110 8949
110 8952
110 8955
110 9234
110 9238
110 9241
110 9244
110 9297
104 9490
104 9523
110 9523
110 9526
110 9529
110 9533
110 9536
110 9539
104 9556
110 9635
110 9638
108 10123
108 10127
108 10130
108 10133
110 10201
110 10204
110 10207
110 10210
110 10213
110 10361
110 10558
110 10692
107 11703
107 11715
107 11716
107 11716
107 11718
107 11718
107 11719
107 11719
107 11721
107 11721
107 11722
107 11722
104 11774
104 11786
104 11786
104 11787
104 11787
104 11789
104 11789
104 11790
104 11791
107 12209
107 12212
107 12216
107 12360
107 12363
107 12367
107 12370
107 12373
107 12548
107 12551
107 12639
107 12803
107 12822
107 12842
107 12846
107 12866
107 12957
107 12977
110 13051
107 13051
110 13054
110 13057
110 13166
110 13194
107 13232
110 13306
110 13374
110 13375
110 13379
110 13382
110 13447
110 13495
110 13525
110 13561
110 13614
110 13664
