104 286
104 664
104 962
104 965
104 1046
104 1508
104 1579
104 1767
104 2046
104 2114
104 2267
104 2586
104 2986
104 3076
104 3263
104 3302
104 3458
104 3589
126 3598
126 3599
105 3858
105 3858
105 3926
105 3926
104 3982
104 4095
104 4165
104 4421
104 4510
104 4597
104 4598
104 4791
104 4797
104 4799
104 4799
105 4944
105 4944
105 4997
105 4997
9 5172
126 5351
104 5361
104 5416
104 5422
104 5423
104 5461
104 5526
104 5671
104 5710
104 5716
104 5716
104 5717
104 5861
104 5874
105 6101
105 6101
105 6169
105 6169
105 6236
105 6236
105 6300
105 6300
104 6402
105 6408
105 6408
104 6408
104 6866
104 6866
104 6867
104 6867
104 6869
104 6869
104 6870
104 6893
110 7152
110 7158
104 7227
110 7296
110 7299
9 7315
9 7317
104 7368
110 7580
110 7692
110 7699
104 7770
110 7776
104 7781
104 7784
104 7798
110 7822
104 7897
110 7990
110 7996
110 8074
110 8153
110 8158
110 8412
110 8749
110 8753
110 8753
110 8754
110 8754
110 8826
110 8888
110 8894
110 8921
105 8937
105 8937
105 8973
105 8973
110 9096
110 9101
110 9175
110 9182
110 9349
110 9355
110 9356
110 9385
110 9463
110 9529
110 9617
110 9622
110 9622
110 9702
110 9707
104 9867
104 9873
104 9873
104 10002
104 10008
108 10863
108 10869
108 10974
108 10979
108 11024
110 11153
108 11218
108 11221
110 11308
110 11315
110 11315
110 11381
110 11387
110 11541
110 11547
110 11592
110 11599
110 11599
110 11648
110 11714
110 11823
110 11845
110 11851
110 11852
110 11852
110 11920
110 12041
110 12046
110 12048
110 12094
110 12189
110 12195
110 12259
110 12267
110 12285
104 12429
126 12437
126 12445
110 12493
110 12498
110 12498
110 12500
110 12637
110 12642
110 12789
110 12795
110 12878
110 12886
110 12887
110 12887
110 12936
110 13021
110 13106
110 13113
110 13198
110 13689
110 13695
110 13696
110 13696
110 13698
110 13698
110 13870
110 13939
110 13990
110 14101
110 14216
110 14298
110 14304
110 14305
110 14335
110 14341
110 14458
110 14465
110 14465
110 14489
110 14557
110 14607
