104 287
104 672
104 984
104 987
104 1471
104 1544
104 1625
104 2051
104 2128
104 2161
104 2277
104 2501
104 2742
105 3159
105 3159
104 3243
104 3299
104 3469
104 3505
126 3559
126 3563
104 3867
104 3921
104 4159
104 4263
105 4425
105 4425
104 4449
104 4452
105 4667
105 4667
105 4729
105 4729
105 4731
105 4731
105 4731
105 4731
105 4813
105 4813
105 4816
105 4816
105 5000
105 5000
105 5070
105 5070
105 5174
105 5174
9 5284
9 5286
105 5299
105 5299
105 5373
105 5373
105 5376
105 5376
105 5376
105 5376
105 5377
105 5377
105 5377
105 5377
9 5592
9 5595
9 5597
9 5620
104 5711
105 5781
105 5781
105 5784
105 5784
9 5834
9 5837
105 5934
105 5934
126 6015
105 6098
105 6098
105 6101
105 6101
105 6101
105 6101
105 6101
105 6101
9 6116
105 6271
105 6271
105 6274
105 6274
105 6274
105 6274
105 6418
105 6418
105 6421
105 6421
105 6421
105 6421
105 6628
105 6628
105 6631
105 6631
105 6631
105 6631
105 6631
105 6631
105 6713
105 6713
105 6716
105 6716
105 6825
105 6825
105 6828
105 6828
9 6891
9 6893
104 7073
105 7158
105 7158
105 7159
105 7159
105 7160
105 7160
105 7160
105 7160
105 7160
105 7160
105 7160
105 7160
105 7160
105 7160
105 7160
105 7160
9 7176
9 7178
9 7178
104 7198
104 7266
105 7339
105 7339
104 7358
104 7361
9 7544
9 7547
104 7577
105 7648
105 7648
105 7651
105 7651
105 7653
105 7653
104 7716
104 7718
104 7762
9 8048
9 8051
105 8053
105 8053
105 8056
105 8056
104 8258
9 8425
9 8427
104 8427
105 8531
105 8531
105 8532
105 8532
105 8683
105 8683
105 8686
105 8686
105 8716
105 8716
105 8824
105 8824
105 8827
105 8827
105 8974
105 8974
105 9032
105 9032
105 9035
105 9035
105 9036
105 9036
105 9036
105 9036
105 9036
105 9036
9 9068
9 9068
9 9068
105 9153
105 9153
105 9279
105 9279
105 9282
105 9282
105 9282
105 9282
105 9284
105 9284
105 9284
105 9284
105 9330
105 9330
105 9331
105 9331
105 9485
105 9485
105 9488
105 9488
105 9488
105 9488
110 9673
110 9677
110 9772
9 9833
9 9836
9 9839
110 9853
105 9998
105 9998
105 10000
105 10000
105 10006
105 10006
110 10041
9 10162
9 10187
9 10317
9 10319
104 10346
104 10349
110 10388
110 10391
9 10453
9 10455
104 10457
104 10460
104 10506
104 10533
126 10553
104 10591
104 10630
104 10751
110 11024
110 11066
110 11112
105 11152
105 11152
110 11194
110 11248
105 11280
105 11280
110 11309
105 11414
105 11414
110 11415
105 11499
105 11499
105 11502
105 11502
105 11502
105 11502
9 11513
105 11623
105 11623
9 11671
110 11761
110 11764
110 11803
9 11850
9 11852
9 11975
9 11978
104 12304
104 12307
104 12307
104 12330
126 12547
126 12626
110 13025
110 13028
110 13030
9 13085
9 13087
110 13175
110 13178
9 13303
9 13306
126 13346
104 13386
126 13425
110 13581
110 13584
126 13806
110 14006
110 14008
110 14008
110 14010
126 14188
126 14224
110 14253
110 14256
110 14256
110 14256
110 14374
110 14377
104 14875
