104 287
104 677
104 981
104 984
104 1072
104 1528
104 1576
104 2000
104 2058
104 2190
104 2317
104 2543
104 2803
104 3009
105 3183
105 3183
104 3648
104 3651
126 3693
126 3913
104 3936
104 3939
104 3941
105 4027
105 4027
104 4072
104 4354
104 4514
104 4550
104 4551
104 4554
126 4782
104 4787
104 4961
104 4964
104 4967
104 4968
104 4971
104 5046
104 5079
126 5269
104 5269
104 5311
104 5341
104 5363
104 5405
104 5593
104 5596
104 5713
104 5714
104 5718
104 5720
104 5726
104 5805
104 5808
104 5848
104 6018
104 6045
104 6203
104 6359
110 6610
110 6613
110 6615
110 6618
110 6741
110 6742
110 6782
110 6834
110 7008
110 7011
110 7014
110 7017
110 7791
110 7791
110 7794
110 7797
110 7800
110 7803
110 8038
110 8040
110 8043
110 8163
110 8166
110 8169
110 8425
110 8428
110 8431
110 8433
110 8436
110 8439
110 8508
110 8698
110 8701
110 8769
110 8793
110 9234
110 9235
110 9376
110 9379
110 9382
110 9385
110 9401
110 9419
110 9422
110 9473
110 9545
104 9874
104 9877
104 9880
104 9883
110 9907
110 9910
104 9955
104 9958
104 9960
104 10061
104 10064
104 10195
104 10307
104 10310
126 10605
126 10608
110 10893
110 10896
110 10899
110 10922
110 10925
110 11010
110 11166
110 11167
110 11239
110 11544
110 11547
110 11550
110 11630
110 11633
110 11635
110 11638
108 12419
108 12425
108 12425
108 12426
108 12427
105 12478
105 12478
105 12481
105 12481
105 12484
105 12484
105 12486
105 12486
105 12489
105 12489
108 12514
105 12642
105 12642
105 12645
105 12645
110 12668
110 12671
110 12674
110 12677
110 12920
110 12922
110 12925
110 12929
110 12939
110 12989
110 13081
110 13084
110 13185
110 13188
110 13212
110 13332
110 13335
110 13338
