104 289
104 683
104 965
104 967
104 1450
104 1532
104 1600
104 2035
104 2100
104 2258
104 2491
105 3136
105 3136
105 3163
105 3163
104 3243
104 3294
104 3390
126 3540
126 3543
105 3608
105 3608
105 3611
105 3611
104 4049
104 4053
104 4316
104 4319
126 4356
105 4712
105 4712
105 4716
105 4716
105 4716
105 4716
105 4716
105 4716
105 4716
105 4716
105 4716
105 4716
105 4718
105 4718
9 4826
9 4826
9 4826
9 4826
105 5089
105 5089
105 5092
105 5092
9 5306
9 5309
9 5312
104 5321
104 5325
104 5325
104 5487
104 5491
104 5491
104 5494
104 5688
104 5842
104 5943
104 5946
104 5999
104 6002
104 6002
104 6195
104 6198
104 6198
104 6398
104 6402
104 6572
104 6576
104 6583
104 6641
104 6644
104 6644
104 6825
105 7254
105 7254
105 7258
105 7258
105 7418
105 7418
105 7421
105 7421
105 7421
105 7421
105 7555
105 7555
105 7558
105 7558
105 7558
105 7558
105 7558
105 7558
105 7906
105 7906
105 7909
105 7909
105 8109
105 8109
105 8112
105 8112
105 8112
105 8112
105 8113
105 8113
105 8113
105 8113
105 8113
105 8113
105 8486
105 8486
105 8489
105 8489
105 8489
105 8489
105 8489
105 8489
105 8776
105 8776
105 8780
105 8780
105 8780
105 8780
105 8780
105 8780
105 8781
105 8781
105 8781
105 8781
105 8781
105 8781
108 9547
108 9550
108 9550
108 9550
108 9551
108 9551
108 9551
108 9553
108 9553
108 9553
108 9556
105 9777
105 9777
105 9780
105 9780
105 9780
105 9780
105 9782
105 9782
108 9890
105 9897
105 9897
108 10005
105 10120
105 10120
105 10123
105 10123
105 10124
105 10124
105 10124
105 10124
105 10124
105 10124
105 10124
105 10124
105 10126
105 10126
105 10126
105 10126
108 10231
108 10599
108 10889
105 10979
105 10979
105 10982
105 10982
105 10984
105 10984
105 10984
105 10984
105 10984
105 10984
105 10984
105 10984
105 10985
105 10985
105 10985
105 10985
105 10985
105 10985
105 10985
105 10985
105 10987
105 10987
105 10987
105 10987
105 10987
105 10987
108 11077
105 11310
105 11310
105 11313
105 11313
105 11313
105 11313
105 11315
105 11315
105 11315
105 11315
108 11365
108 11541
105 11706
105 11706
105 11709
105 11709
105 11711
105 11711
105 11711
105 11711
108 11827
9 11884
9 11887
105 12007
105 12007
105 12010
105 12010
105 12010
105 12010
105 12010
105 12010
105 12011
105 12011
105 12011
105 12011
108 12104
108 12409
108 12412
9 12484
9 12487
