104 286
104 449
104 620
104 1335
104 1401
104 1507
104 1891
104 2015
104 2114
104 2305
104 2539
104 2947
105 3147
105 3147
105 3216
105 3216
104 3291
104 3332
126 3412
126 3415
104 3505
104 3821
104 3900
104 3926
104 3991
104 4331
104 4334
104 4420
104 4489
104 4489
105 4683
105 4683
105 4686
105 4686
104 4781
104 5020
104 5039
126 5059
104 5203
104 5207
104 5213
104 5261
104 5426
104 5652
104 5655
104 5658
104 5851
126 5858
126 5924
104 5967
104 5970
104 6049
104 6052
104 6055
104 6058
110 6683
110 6687
110 6687
110 6689
110 6689
110 6752
105 6950
105 6950
105 6956
105 6956
105 6956
105 6956
105 6957
105 6957
110 6985
104 7483
104 7485
104 7489
104 7490
110 7600
110 7603
110 7763
110 7768
104 7807
126 8434
110 8448
110 8454
110 8455
110 8455
104 8646
104 8649
104 8895
104 8898
104 8901
110 9113
110 9114
110 9316
110 9320
110 9323
110 9326
105 9374
105 9374
105 9379
105 9379
105 9468
105 9468
105 9474
105 9474
105 9475
105 9475
110 9664
110 9668
110 9801
110 9936
110 10051
110 10059
110 10060
110 10060
110 10120
110 10125
110 10263
110 10269
110 10270
110 10270
110 10526
110 10532
110 10653
110 10660
110 10660
110 10724
110 10731
110 10731
105 10841
105 10841
105 10847
105 10847
110 10878
110 10885
110 10886
110 10886
110 11042
110 11047
110 11134
110 11141
110 11141
110 11263
110 11386
110 11391
110 11393
105 11441
105 11441
105 11449
105 11449
105 11449
105 11449
105 11604
105 11604
105 11610
105 11610
105 11611
105 11611
104 11711
104 11714
