106 692
86 1103
88 1587
89 1686
86 3055
106 3575
138 3638
106 4175
138 4268
87 4823
106 4954
138 4977
87 5355
138 5377
106 5642
106 5799
87 5918
138 5928
87 5954
106 5963
106 5973
138 6060
138 6082
96 6404
99 6445
99 6487
88 6509
87 6621
87 6723
138 6768
87 6808
138 6859
138 6892
87 6922
88 7004
88 7010
99 7120
106 7464
90 7536
90 7559
88 7930
88 7954
87 7983
87 7990
87 7991
87 8008
87 8063
87 8073
138 8199
138 8204
86 8238
138 8250
86 8355
12 8542
92 8572
106 8662
87 8796
87 8807
87 8808
87 8938
15 8957
87 8977
87 8987
87 9064
87 9068
87 9077
106 9259
106 9275
106 9471
106 9475
106 9475
106 9475
106 9475
12 9891
15 9898
138 10562
138 10571
87 10699
87 10810
87 10817
94 10867
88 11037
88 11086
87 11337
138 11393
106 11506
106 11516
87 11610
87 11619
87 11625
87 11652
87 11669
87 11689
138 11877
87 12205
138 12268
87 12272
87 12789
87 12794
86 12813
87 12832
87 12890
87 12901
106 12999
106 13002
106 13011
106 13045
106 13064
87 13114
87 13124
12 13206
12 13209
12 13210
14 13216
14 13217
14 13237
138 13251
93 13404
87 13912
87 13966
87 13990
87 13997
138 14190
138 14265
87 14454
87 14476
289 15326
289 15326
289 15326
289 15326
289 15326
289 15326
289 15326
289 15326
289 15326
289 16167
289 16167
289 16167
289 16167
289 16167
289 16167
289 16167
289 16167
289 16167
88 16689
86 16738
87 17039
87 17124
87 17128
