104 762
104 879
104 971
105 1829
105 1829
105 1834
105 1834
105 1845
105 1845
105 2079
105 2079
105 2338
105 2338
105 2587
105 2587
126 2907
104 2958
104 3238
104 3461
104 3702
104 3705
105 4015
105 4015
105 4018
105 4018
104 4154
126 4179
126 4204
104 4391
104 4394
104 4397
104 4411
104 4604
104 4672
104 4675
104 4679
104 4945
104 4948
126 5004
104 5397
104 5400
104 5403
104 5416
104 5449
104 5460
104 5482
104 5493
104 5524
104 5527
104 5530
104 5533
104 5582
104 5703
104 5852
104 5914
104 6009
104 6168
104 6241
104 6245
104 6247
104 6362
104 6363
104 6366
104 6628
110 7194
110 7197
110 7200
110 7203
110 7240
110 7485
110 7488
110 7571
110 7574
104 7829
104 7832
110 7850
110 7938
110 8027
110 8056
110 8189
110 8203
110 8356
110 8395
110 8497
110 8500
110 8592
110 8618
104 8718
104 8782
110 8857
110 8859
110 9208
110 9211
104 9274
104 9275
104 9278
104 9281
104 9284
104 9330
104 9333
104 9336
104 9377
104 9418
104 9550
104 9601
104 10091
110 10197
110 10204
110 10204
110 10206
110 10206
110 10207
110 10207
110 10209
110 10399
110 10405
110 10406
110 10511
110 10514
110 10515
104 10532
104 10535
104 10538
104 10541
110 10569
110 10570
104 10625
104 10758
104 10761
104 10764
110 11077
110 11434
110 11437
110 11440
110 11442
110 11499
110 11533
110 11533
110 11533
110 11601
110 11604
110 11653
110 12040
110 12041
110 12044
110 12194
110 12197
110 12200
110 12202
110 12558
110 12801
110 12807
110 12808
110 12819
110 12826
