106 709
86 1201
88 1596
89 1643
106 2917
86 3584
96 3773
106 4306
106 5166
106 5337
106 6824
97 9558
88 10525
88 10548
90 10554
138 10637
88 11129
106 11345
87 11470
106 11581
106 11584
106 11727
106 11729
88 11901
88 11918
87 12029
106 12373
86 12697
106 13029
106 13032
92 13104
86 13154
12 13403
16 13410
106 13421
106 14033
106 14047
87 14447
106 14577
106 14594
106 14611
87 15145
12 15300
16 15308
88 15562
88 15816
106 15828
106 16025
106 16162
106 16164
106 16167
12 17494
16 17501
106 17921
