106 709
86 1143
88 1604
89 1731
106 2900
86 3658
138 3736
87 4262
138 4332
106 4431
99 4494
87 4790
96 5139
106 5229
87 5412
87 5728
106 5816
87 5956
106 6342
138 6491
87 6760
87 6954
138 6975
138 7011
106 7031
138 7143
106 7188
106 7269
88 7438
88 7443
106 7446
88 7473
88 7473
88 7512
90 7567
90 7571
87 7652
87 7655
138 7837
87 7845
138 7871
138 7915
87 7927
106 8082
138 9437
138 9505
87 9586
87 9759
87 9761
91 9844
138 9862
138 9895
86 9897
138 9915
87 9927
87 10166
87 10176
106 10464
87 11160
87 11161
87 11173
87 11174
87 11222
94 11359
138 11460
138 11520
138 11696
138 11716
87 12050
87 12054
138 12107
138 12163
106 12184
106 12187
106 12190
138 12195
289 12440
289 12440
289 12440
289 12440
289 12440
289 12440
289 12440
289 12440
289 12440
87 12527
87 12527
87 12531
87 12538
87 12597
86 12893
87 13005
87 13005
87 13007
87 13011
87 13019
87 13029
138 13393
138 13411
106 13854
106 13857
106 13860
87 14055
87 14056
87 14057
138 15957
138 16081
106 16631
