104 289
104 689
104 978
104 978
104 1453
104 1544
104 1607
104 2046
104 2111
104 2136
104 2262
104 2518
105 3167
105 3167
105 3170
105 3170
104 3261
104 3307
104 3552
104 3555
126 3555
126 3556
104 3895
104 4027
104 4086
104 4250
104 4253
104 4666
104 4668
104 4678
104 4679
104 4866
105 4903
105 4903
105 4906
105 4906
104 4917
126 4918
104 5156
104 5157
104 5259
104 5443
104 5445
104 5469
104 5518
104 5667
104 5710
126 5727
104 5766
104 5882
104 5924
104 6241
104 6290
104 6291
104 6314
104 6316
110 6755
110 6756
110 6758
110 6758
110 6758
110 6926
110 7063
110 7066
104 7280
104 7282
110 7902
110 7905
110 7908
110 7911
104 8000
104 8001
104 8004
104 8011
104 8014
104 8030
104 8033
110 8236
110 8239
110 8449
110 8452
104 8770
110 8835
110 8838
110 8839
110 9454
104 9504
104 9507
110 9681
110 9684
110 9684
110 9684
110 9686
104 9723
494 10186
494 10189
494 10189
494 10189
494 10249
110 10300
494 10324
494 10393
