104 284
104 664
104 961
104 971
104 1040
104 1520
104 1596
104 1993
104 2074
104 2080
104 2261
104 2480
104 3172
104 3178
104 3234
104 3317
104 3506
126 3514
104 3553
126 3586
105 3825
105 3825
104 3995
104 4047
104 4116
104 4315
105 4592
105 4592
105 4620
105 4620
105 4626
105 4626
105 4762
105 4762
105 4768
105 4768
105 4770
105 4770
105 4770
105 4770
105 4793
105 4793
105 4862
105 4862
104 4945
9 5071
104 5118
9 5211
9 5214
9 5278
9 5281
9 5294
9 5297
104 5371
104 5377
104 5379
105 5452
105 5452
104 5528
104 5753
104 5825
105 5956
105 5956
105 5959
105 5959
105 5961
105 5961
105 5964
105 5964
104 6018
104 6024
104 6025
126 6045
105 6113
105 6113
105 6115
105 6115
105 6363
105 6363
105 6369
105 6369
9 6375
9 6377
105 6410
105 6410
9 6433
104 6434
104 6440
104 6509
104 6568
104 6749
9 6755
9 6758
104 6807
104 6812
104 6812
104 6814
104 6834
104 6936
104 6942
104 6975
9 7252
9 7255
110 7649
110 7656
110 7656
110 7658
110 7658
110 7659
110 7799
110 7804
110 7866
110 7881
110 7971
110 8020
110 8348
105 8482
105 8482
105 8488
105 8488
105 8488
105 8488
105 8489
105 8489
105 8489
105 8489
105 8491
105 8491
110 8592
110 8608
9 8739
9 8745
9 8746
9 8746
9 8747
9 8747
9 8749
9 8749
9 8750
105 8784
105 8784
105 8790
105 8790
105 8859
105 8859
105 8907
105 8907
105 8934
105 8934
105 8977
105 8977
105 9075
105 9075
105 9081
105 9081
9 9231
9 9234
105 9245
105 9245
105 9251
105 9251
105 9318
105 9318
105 9346
105 9346
105 9351
105 9351
105 9353
105 9353
9 9375
9 9378
9 9379
105 9406
105 9406
105 9412
105 9412
105 9455
105 9455
105 9528
105 9528
105 9534
105 9534
105 9572
105 9572
104 9606
104 9757
104 9763
104 9765
104 9789
104 9821
104 9894
104 9939
104 9945
104 10067
104 10100
110 10322
110 10454
110 10460
110 10462
110 10462
110 10577
110 10666
110 10672
110 10764
110 10770
110 10817
110 10898
110 10904
110 11070
110 11078
110 11078
104 11125
104 11174
104 11177
110 11246
110 11252
110 11253
104 11337
110 11419
110 11494
110 11964
110 11970
110 11970
110 11972
110 12013
110 12104
110 12113
110 12283
110 12288
110 12290
110 12379
110 12386
110 12655
110 12661
