104 292
104 662
104 984
104 984
104 1456
104 1538
104 1619
104 2033
104 2106
104 2113
104 2248
104 2501
104 2773
105 3123
105 3123
104 3251
104 3291
104 3503
104 3506
126 3552
126 3555
104 3844
104 3958
104 3959
104 4191
104 4393
104 4475
104 4489
104 4610
104 4620
104 4623
104 4637
104 4780
126 4798
105 4873
105 4873
104 5052
104 5242
104 5243
104 5305
104 5371
104 5397
104 5432
104 5636
126 5652
104 5829
104 5831
104 6022
104 6025
104 6028
104 6080
104 6083
104 6094
104 6096
104 6119
104 6628
104 6630
104 6812
104 6812
104 6812
104 6812
104 6812
104 6812
104 6814
104 6910
104 6913
104 7018
104 7060
104 7082
104 7164
105 7240
105 7240
104 7308
104 7309
104 7403
104 7404
104 7405
104 7407
104 7427
104 7548
104 7551
104 7621
104 7712
104 7791
104 7794
104 7908
104 7909
104 8020
104 8092
104 8317
104 8319
104 8321
104 8596
107 8635
107 8636
104 8689
107 8967
107 8970
107 9032
107 9088
107 9095
107 9235
107 9238
107 9317
105 9367
105 9367
105 9390
105 9390
107 9422
107 9423
107 9429
105 9471
105 9471
105 9472
105 9472
105 9475
105 9475
107 9701
107 9811
104 9842
107 9885
107 9888
104 9890
107 9890
104 9893
104 9900
105 9910
105 9910
105 9916
105 9916
107 10048
107 10293
107 10296
107 10418
107 10419
107 10422
107 10514
105 10516
105 10516
107 10517
105 10519
105 10519
105 10519
105 10519
105 10519
105 10519
105 10654
105 10654
105 10657
105 10657
105 10657
105 10657
104 10944
104 11220
105 11237
105 11237
105 11240
105 11240
105 11240
105 11240
105 11240
105 11240
105 11240
105 11240
105 11240
105 11240
107 11377
107 11378
107 11378
107 11380
105 11390
105 11390
105 11508
105 11508
107 11516
105 11639
105 11639
105 11641
105 11641
107 11646
107 11649
105 11705
105 11705
107 11778
107 11781
107 11842
107 11898
107 12056
107 12058
107 12060
107 12142
105 12150
105 12150
105 12151
105 12151
105 12151
105 12151
105 12152
105 12152
105 12152
105 12152
107 12217
107 12220
107 12478
107 12479
107 12482
105 12566
105 12566
105 12567
105 12567
105 12567
105 12567
105 12567
105 12567
105 12568
105 12568
105 12568
105 12568
105 12568
105 12568
105 12568
105 12568
105 12674
105 12674
107 12704
107 12705
107 12815
9 13080
9 13083
9 13083
9 13083
9 13083
9 13083
9 13083
9 13085
9 13085
9 13085
9 13085
9 13085
9 13086
9 13086
105 13278
105 13278
105 13280
105 13280
105 13281
105 13281
105 13281
105 13281
105 13281
105 13281
105 13281
105 13281
105 13281
105 13281
105 13281
105 13281
105 13281
105 13281
105 13281
105 13281
105 13362
105 13362
107 13418
105 13461
105 13461
107 13501
107 13942
107 13945
107 13945
107 14012
105 14198
105 14198
105 14201
105 14201
105 14201
105 14201
105 14201
105 14201
105 14201
105 14201
105 14201
105 14201
105 14201
105 14201
105 14202
105 14202
105 14202
105 14202
105 14202
105 14202
105 14224
105 14224
107 14230
107 14231
107 14335
107 14499
105 14512
105 14512
105 14513
105 14513
107 14613
105 14682
105 14682
9 14940
9 14943
9 14943
9 14943
9 14943
107 15069
107 15072
107 15073
107 15073
107 15073
104 15089
107 15292
107 15396
107 15459
105 15508
105 15508
105 15509
105 15509
107 15645
107 15646
107 15878
107 15881
107 15971
107 16089
107 16186
107 16256
107 16340
105 16514
105 16514
105 16815
105 16815
105 16818
105 16818
105 16818
105 16818
105 16818
105 16818
107 16842
107 16845
107 17123
107 17126
105 17270
105 17270
105 17273
105 17273
105 17274
105 17274
105 17274
105 17274
105 17274
105 17274
105 17274
105 17274
105 17274
105 17274
105 17274
105 17274
104 17552
104 17555
104 17556
105 17676
105 17676
126 18034
107 18057
107 18059
107 18061
107 18290
107 18292
107 18292
107 18424
107 18426
107 18429
107 18472
105 18551
105 18551
9 18588
9 18590
9 18590
9 18590
9 18590
9 18592
104 18606
107 18689
107 18692
107 18692
9 18773
9 18775
9 18776
104 18825
104 18827
104 18829
104 18832
9 19025
9 19028
9 19031
105 19032
105 19032
107 19160
105 19196
105 19196
105 19199
105 19199
105 19199
105 19199
105 19321
105 19321
105 19324
105 19324
105 19325
105 19325
105 19417
105 19417
105 19481
105 19481
105 19484
105 19484
107 19533
105 19581
105 19581
105 19583
105 19583
9 19661
9 19664
9 19664
9 19664
105 19689
105 19689
105 19691
105 19691
105 19692
105 19692
107 19723
105 19809
105 19809
105 19810
105 19810
105 19846
105 19846
105 19849
105 19849
105 19946
105 19946
107 20082
107 20208
107 20212
105 20337
105 20337
105 20340
105 20340
107 20353
107 20356
105 20412
105 20412
107 20474
105 20483
105 20483
105 20485
105 20485
107 20552
105 20605
105 20605
9 20666
9 20669
9 20669
107 20745
105 20769
105 20769
105 20798
105 20798
105 20903
105 20903
105 20906
105 20906
105 20909
105 20909
105 20992
105 20992
107 21043
107 21126
105 21315
105 21315
105 21317
105 21317
105 21433
105 21433
107 21453
107 21456
107 21571
107 21572
107 21663
107 21764
105 21775
105 21775
105 21778
105 21778
105 21780
105 21780
107 21867
105 21892
105 21892
105 21895
105 21895
107 21911
107 22031
107 22126
105 22247
105 22247
107 22279
107 22282
107 22386
105 22397
105 22397
105 22458
105 22458
107 22505
