104 284
104 644
104 952
104 957
104 1413
104 1495
104 1560
104 1996
104 2077
104 2251
104 2483
104 2717
105 3118
105 3118
105 3121
105 3121
104 3375
126 3520
126 3523
104 3716
104 3941
104 3941
104 3944
104 3945
104 4279
105 4516
105 4516
126 4628
104 4639
104 4640
104 4642
104 4679
105 4944
105 4944
104 4958
104 4960
104 5043
104 5174
105 5340
105 5340
126 5443
105 5481
105 5481
105 5483
105 5483
105 5485
105 5485
105 5488
105 5488
104 5566
104 5567
104 5636
126 5649
104 5664
105 5709
105 5709
105 5933
105 5933
105 5934
105 5934
105 5937
105 5937
126 5957
105 6045
105 6045
105 6046
105 6046
105 6161
105 6161
105 6280
105 6280
105 6282
105 6282
104 6287
104 6372
104 6373
105 6497
105 6497
105 6498
105 6498
126 6565
105 6599
105 6599
105 6602
105 6602
105 6606
105 6606
105 6648
105 6648
105 6786
105 6786
126 6867
105 6875
105 6875
105 6878
105 6878
104 6945
104 6946
104 6948
110 7702
110 7706
110 7706
110 7708
110 7709
110 7764
110 7766
110 7767
105 7785
105 7785
105 7915
105 7915
105 7944
105 7944
105 7946
105 7946
105 7948
105 7948
105 7951
105 7951
105 7952
105 7952
105 7955
105 7955
105 8005
105 8005
105 8007
105 8007
105 8010
105 8010
105 8509
105 8509
105 8511
105 8511
105 8514
105 8514
105 8515
105 8515
105 8518
105 8518
105 8610
105 8610
105 8891
105 8891
105 8896
105 8896
105 8896
105 8896
105 8898
105 8898
105 8898
105 8898
104 9189
104 9192
104 9193
104 9195
104 9198
104 9199
104 9202
104 9215
104 9304
104 9306
104 9317
104 9452
104 9454
104 9457
104 9586
104 9589
104 9667
104 9792
104 9817
104 9887
104 9916
104 9942
104 9945
104 10018
104 10019
104 10032
104 10083
104 10166
110 10868
110 10869
110 10872
110 10873
110 10876
110 10879
110 10880
104 10941
104 10944
104 10945
104 10948
104 10949
104 10951
104 10954
104 10955
104 10969
104 11066
126 11133
104 11134
104 11378
104 11380
104 11383
104 11384
110 11580
110 11802
110 11803
110 11894
110 11895
110 12045
110 12046
110 12048
110 12051
110 12189
110 12192
110 12193
110 12195
110 12198
110 12268
110 12392
110 12393
110 12395
110 12460
110 12461
110 12549
110 12664
110 12694
110 12696
110 12699
105 12722
105 12722
104 12844
104 12847
104 12848
104 12901
104 12903
104 12906
104 13071
104 13109
104 13120
110 13189
110 13198
110 13502
110 13503
110 13506
110 13507
110 13510
110 13512
110 13898
110 13900
110 13902
110 13903
110 14000
110 14001
110 14004
110 14006
110 14396
110 14496
110 14498
110 14501
110 14502
110 14505
110 14506
110 14509
494 14571
494 14576
494 14578
494 14578
110 14610
110 14666
110 14730
110 14732
105 14735
105 14735
110 14886
110 14889
110 15006
110 15009
110 15010
110 15156
110 15157
110 15160
110 15203
110 15413
110 15416
110 15418
110 15419
126 15505
110 15577
110 15579
110 15582
110 15644
110 15645
104 15757
104 15760
110 15870
110 15873
494 15934
494 15935
110 16093
110 16130
110 16160
110 16162
126 16212
110 16372
110 16373
110 16376
110 16425
126 16583
126 16585
110 16586
110 16610
110 16702
110 16705
110 16825
110 16850
110 16979
110 16982
110 16984
110 16985
110 16988
104 17107
110 17159
110 17161
110 17164
110 17165
110 17168
104 17296
104 17329
110 17355
110 17358
104 17415
104 17417
104 17418
104 17421
104 17423
104 17613
104 17614
104 17615
104 17618
104 17624
104 17669
104 17670
104 17738
104 18249
107 18400
107 18406
107 18407
107 18407
107 18408
107 18408
107 18410
107 18410
107 18411
107 18411
107 18643
107 18644
107 18647
107 18765
107 18767
107 18770
110 18818
110 18819
110 18821
110 18823
110 19013
110 19015
110 19018
110 19019
110 19022
110 19157
110 19316
110 19319
110 19320
110 19735
110 19736
110 19739
110 19742
104 19757
104 19759
104 19760
104 19762
104 19765
104 19767
104 19769
499 19823
499 19825
499 19907
110 20128
110 20130
110 20133
110 20135
110 20139
499 20190
104 20857
104 20859
104 20861
107 20881
107 20883
107 20886
107 20942
107 20943
110 20951
110 20952
110 20955
110 20957
110 20961
110 20964
110 20964
104 20994
104 20997
107 21356
107 21358
107 21433
107 21434
107 21437
104 21440
104 21442
104 21443
107 21810
107 21811
107 21814
107 21816
110 21964
110 21966
110 21969
110 21970
110 21977
110 22125
110 22274
110 22275
110 22278
107 23156
107 23161
107 23163
107 23163
107 23164
107 23164
107 23166
107 23166
104 23167
104 23167
110 23201
104 23202
104 23252
110 23290
110 23291
110 23294
110 23296
110 23299
104 23388
107 23609
110 23722
110 23725
110 23726
110 23925
110 23926
110 23929
110 23935
110 24072
110 24075
111 24538
111 24615
105 24700
105 24700
105 24702
105 24702
105 24705
105 24705
105 24706
105 24706
105 24707
105 24707
105 24710
105 24710
111 24823
110 24955
110 24957
110 25023
110 25033
111 25086
110 25145
110 25242
110 25245
110 25530
110 25531
110 26026
