106 689
86 1122
88 1601
89 1705
106 2890
96 3713
86 3734
106 4352
106 5004
138 5026
90 5151
106 5772
87 5830
88 5952
97 5973
88 5981
106 6209
106 6560
106 6611
106 6652
87 6668
106 6740
106 6788
88 7681
106 7683
88 8390
106 8410
106 8629
87 8768
90 8943
106 8970
106 9141
98 9167
106 10058
106 10250
106 10411
86 12156
106 12572
106 12988
12 13033
88 13118
16 13144
106 13245
91 13269
99 13496
99 13866
99 13893
99 13903
99 13976
504 14131
99 14199
99 14378
106 14568
106 14751
106 14997
289 15573
289 15573
289 15573
289 15573
289 15573
289 15573
289 15573
289 15573
289 15573
99 15834
106 16190
106 16210
106 16254
106 16331
106 16400
106 16475
94 17175
87 17867
94 17905
99 19909
99 19980
99 20035
99 20229
99 20490
99 20542
824 24773
824 24884
87 24992
86 25117
824 25326
99 25393
824 25946
12 27739
12 27745
16 27746
16 27752
289 28097
289 28097
289 28097
289 28097
289 28097
289 28097
