104 284
104 686
104 957
104 960
104 1286
104 1371
104 1923
105 2370
105 2370
105 2371
105 2371
105 2374
105 2374
104 2706
104 2739
104 2755
104 2772
126 2905
104 2988
104 3225
104 3461
104 3480
104 3702
126 3704
104 3798
104 3896
104 3978
104 4031
126 4089
104 4116
104 4161
104 4227
104 4790
104 4791
105 4876
105 4876
105 4877
105 4877
105 4952
105 4952
105 5201
105 5201
104 5262
104 5265
104 5266
105 5322
105 5322
105 5324
105 5324
104 5403
126 5452
105 5479
105 5479
104 5714
104 5716
104 5767
104 6061
104 6064
105 6267
105 6267
105 6268
105 6268
104 6284
104 6286
104 6288
104 6290
105 6327
105 6327
126 6598
104 6613
105 6767
105 6767
104 6772
105 6837
105 6837
104 6919
104 6920
104 7102
104 7103
105 7188
105 7188
105 7191
105 7191
104 7309
104 7342
104 7388
104 7434
104 7436
104 7439
126 7473
105 7859
105 7859
105 7864
105 7864
105 7866
105 7866
105 7867
105 7867
105 7867
105 7867
105 7869
105 7869
126 8655
110 8684
110 8690
110 8691
110 8691
110 8693
110 8693
110 8694
110 8694
110 8695
110 8695
110 8697
110 8839
110 8842
110 8844
110 8923
104 8959
104 9000
104 9002
104 9005
105 9566
105 9566
105 9569
105 9569
105 9570
105 9570
105 9654
105 9654
105 9773
105 9773
105 9774
105 9774
105 9779
105 9779
105 9979
105 9979
105 9982
105 9982
105 9983
105 9983
105 10126
105 10126
105 10129
105 10129
105 10130
105 10130
110 10450
110 10452
110 10453
110 10534
110 10568
105 10752
105 10752
105 10753
105 10753
105 10756
105 10756
110 10873
110 10935
105 11005
105 11005
110 11047
105 11060
105 11060
104 11083
104 11129
105 11130
105 11130
104 11256
104 11257
104 11381
104 11498
104 11515
104 11622
104 11761
104 11816
104 11987
126 12019
104 12046
104 12071
104 12104
104 12192
126 12250
104 12256
104 12392
104 12420
104 12510
104 12587
104 12662
104 12695
126 12882
104 12967
110 12985
110 13087
104 13205
110 13241
110 13300
110 13302
110 13305
110 13532
110 13533
110 13772
110 13775
110 13777
110 13885
110 13964
110 13967
110 14086
110 14089
110 14090
105 14165
105 14165
110 14168
110 14171
110 14373
110 14374
110 14377
105 14389
105 14389
105 14392
105 14392
110 14755
110 14758
110 14760
110 14924
110 14927
110 14928
110 15041
110 15043
110 15046
110 15048
110 15154
110 15156
110 15857
110 15860
110 15861
110 15864
110 15865
104 16163
110 16166
104 16167
110 16168
110 16170
104 16170
104 16172
110 16421
110 16422
110 16530
110 16536
110 17030
110 17031
110 17034
110 17036
110 17240
110 17243
110 17244
110 17247
110 17250
110 17254
110 17256
110 17400
110 17401
110 17407
110 17617
110 17619
110 17621
110 17623
110 17765
110 17768
110 18082
110 18085
110 18086
110 18089
110 18091
110 18094
110 18184
110 18191
110 18403
110 18531
110 18533
110 18613
110 18664
110 18885
110 18887
110 18890
104 18914
110 19169
110 19176
104 19235
104 19236
104 19238
110 19356
110 19357
110 19360
110 19599
110 19601
105 19697
105 19697
105 19698
105 19698
110 19712
110 19714
