104 295
104 653
104 1017
104 1020
104 1275
104 1357
104 2007
105 2502
105 2502
105 2505
105 2505
104 2762
104 2765
104 3012
104 3181
126 3196
104 3214
104 3258
104 3582
104 3585
104 3726
104 3957
126 4212
104 4332
104 4335
104 4643
104 4646
104 4666
126 4746
104 4806
104 4856
104 5176
105 5227
105 5227
105 5230
105 5230
105 5233
105 5233
104 5344
104 5347
104 5409
104 5533
104 5537
104 5540
104 5770
104 5773
104 5777
104 5780
105 5983
105 5983
105 5986
105 5986
104 6054
104 6144
104 6152
126 6215
105 6421
105 6421
105 6727
105 6727
105 6731
105 6731
105 6734
105 6734
105 6737
105 6737
105 6740
105 6740
105 6744
105 6744
9 6922
9 6925
9 6928
9 6947
104 6982
104 6985
104 6988
126 7016
126 7123
9 7158
105 7182
105 7182
105 7185
105 7185
105 7189
105 7189
105 7192
105 7192
105 7195
105 7195
104 7299
105 7588
105 7588
105 7592
105 7592
105 7595
105 7595
105 7598
105 7598
105 7602
105 7602
105 7605
105 7605
105 7610
105 7610
105 7612
105 7612
105 7615
105 7615
104 7685
104 7688
104 7690
104 7830
104 7905
104 7908
104 7911
9 7914
9 7918
9 7921
9 7933
104 7960
104 8153
104 8155
