104 293
104 662
104 951
104 954
104 1442
104 1512
104 1587
104 2013
104 2114
104 2162
104 2233
104 2488
105 3104
105 3104
105 3106
105 3106
104 3207
104 3253
104 3443
104 3471
126 3534
126 3552
104 3885
104 3968
104 4017
104 4338
104 4400
104 4528
104 4531
104 4658
104 4676
104 4735
104 4767
126 4800
104 4945
105 5317
105 5317
104 5456
104 5560
104 5561
105 5587
105 5587
105 5589
105 5589
104 5684
105 5758
105 5758
105 5761
105 5761
104 5783
104 5785
104 5786
104 5952
104 5954
126 5967
104 6296
104 6297
104 6300
104 6388
104 6389
104 6509
104 6510
104 6513
104 6514
104 6856
110 6877
110 6879
110 6882
110 6883
110 6955
110 6958
110 7072
110 7073
110 7229
110 7270
110 7273
110 7275
110 7350
110 7459
105 7512
105 7512
105 7513
105 7513
105 7588
105 7588
105 7589
105 7589
105 7654
105 7654
110 7753
110 7794
110 7931
110 7970
110 8025
110 8063
110 8122
110 8124
110 8127
110 8128
110 8131
110 8161
