104 284
104 664
104 951
104 954
104 1034
104 1502
104 1593
104 1980
104 2071
104 2093
104 2233
104 2710
104 3038
104 3045
104 3231
104 3286
126 3487
126 3562
105 3686
105 3686
104 3830
105 3909
105 3909
104 3918
104 3951
104 4152
104 4326
104 4511
105 4594
105 4594
105 4597
105 4597
104 4682
104 4774
104 4776
104 4786
104 4991
104 5095
104 5361
104 5363
126 5370
9 5381
104 5432
104 5435
104 5479
105 5534
105 5534
104 5566
104 5569
104 5684
104 5736
9 5797
104 5870
104 5872
105 6072
105 6072
104 6119
104 6336
9 6339
105 6341
105 6341
9 6342
105 6344
105 6344
104 6355
104 6356
104 6477
104 6478
104 6533
104 6601
104 6602
104 6704
104 6706
104 6817
104 6820
104 6955
104 6958
104 7066
104 7067
104 7070
104 7151
104 7177
104 7305
104 7306
104 7308
104 7515
104 7525
104 7554
110 7816
110 7819
110 7822
110 7823
104 7947
104 7950
104 7960
110 8035
110 8038
104 8051
104 8117
104 8272
104 8479
110 8521
110 8524
110 8527
110 8530
110 8533
110 8541
104 8661
110 8762
110 8763
110 9021
110 9022
110 9024
110 9024
110 9136
110 9455
110 9506
110 9509
110 9512
110 9530
110 9533
110 9536
110 9545
110 9634
110 9653
110 9719
110 9739
110 9742
110 9753
110 9804
110 9843
110 9846
110 9906
110 9907
110 9910
110 9948
110 10047
110 10050
110 10135
110 10168
