104 286
104 667
104 958
104 961
104 1442
104 1524
104 1607
104 2019
104 2091
104 2133
104 2244
104 2484
105 3110
105 3110
105 3113
105 3113
105 3113
105 3113
105 3403
105 3403
126 3539
126 3542
105 3641
105 3641
105 3714
105 3714
105 3789
105 3789
105 3851
105 3851
105 4087
105 4087
105 4156
105 4156
105 4289
105 4289
105 4305
105 4305
105 4546
105 4546
105 4549
105 4549
126 4837
105 5020
105 5020
105 5128
105 5128
105 5139
105 5139
126 5207
104 5212
104 5213
104 5413
104 5416
104 5602
104 5667
104 5857
104 5858
104 5861
104 5864
104 6119
104 6225
104 6408
104 6438
104 6589
104 6592
104 6595
104 6666
104 6709
104 6762
104 6801
104 6825
104 7129
104 7132
104 7251
104 7273
104 7559
104 7564
104 7698
104 7701
110 7784
110 7957
110 8154
110 8220
110 8408
110 8410
110 8551
110 8554
110 8557
110 9039
110 9042
110 9042
110 9222
110 9274
110 9398
110 9401
110 9507
110 9510
110 9620
110 9622
110 9727
110 9729
