106 685
86 1125
88 1605
89 1732
106 2849
86 3656
106 4316
138 4336
106 4883
99 4962
138 5127
87 5161
99 5477
90 5557
99 5622
87 5700
106 5983
138 5992
106 6321
106 6324
106 6713
106 6723
87 6765
106 7106
87 7243
95 7599
106 8188
106 8332
142 8432
106 8458
138 8873
86 9204
88 9636
88 9660
91 9671
138 9721
87 9732
88 9901
88 9924
138 9937
138 9939
138 9965
142 10589
87 10679
87 10693
87 10694
88 10980
87 11369
87 11372
87 11376
138 11513
138 11520
138 11545
138 11560
88 11565
106 11856
138 11995
106 11997
86 12003
138 12025
138 12036
87 12109
96 12136
86 12173
138 12196
87 12249
87 12341
87 12347
87 12349
87 12355
138 12472
138 12488
138 12604
138 12610
138 12620
106 12728
106 12773
138 12832
106 12987
106 13056
106 13058
106 13059
