104 289
104 649
104 971
104 978
104 1440
104 1511
104 1881
104 2005
104 2074
104 2272
104 2507
104 2811
104 3106
104 3215
104 3241
126 3508
126 3520
104 3548
105 3674
105 3674
104 3768
105 3822
105 3822
105 4086
105 4086
104 4207
104 4214
104 4480
104 4488
104 4527
104 4541
104 4548
104 4550
104 4606
104 4650
104 4833
104 5019
104 5026
104 5341
104 5348
104 5348
104 5350
104 5350
104 5445
104 5452
104 5544
104 5610
104 5766
126 5800
104 5836
104 5867
104 5942
104 5992
104 5998
104 5999
104 5999
104 6028
104 6229
104 6232
104 6284
104 6573
104 6579
104 6581
105 6733
105 6733
104 6748
104 6755
104 6756
104 6756
104 6758
104 6758
104 6763
105 6767
105 6767
104 6786
104 6794
104 6795
104 6829
104 7070
104 7074
104 7267
104 7417
104 7421
104 7426
110 7719
110 7725
110 7727
110 7727
110 7728
110 7809
110 7814
110 8177
110 8184
126 8306
110 8328
110 8334
110 8336
110 8336
104 8380
104 8384
9 8470
9 8475
9 8477
9 8486
110 8763
110 8770
110 8836
110 8844
104 8881
104 8888
104 8888
104 8890
104 8940
104 8982
110 9189
110 9195
110 9196
110 9372
110 9378
110 9379
110 9503
110 9510
110 9510
110 9729
110 9735
110 9736
110 9736
110 9738
110 9876
110 9883
110 9884
110 9884
110 9886
110 10051
110 10057
110 10059
110 10059
110 10224
110 10231
110 10233
110 10233
110 10437
110 10444
110 10444
110 10446
110 10817
110 10824
110 10824
110 10826
110 10826
110 10827
110 10827
110 10905
110 11207
110 11213
110 11527
110 11534
110 11534
110 11535
110 11962
110 11967
110 11969
110 11969
110 11970
110 11970
110 11972
110 12134
110 12460
110 12465
110 12467
110 12467
110 12468
110 12468
110 12470
110 12470
110 12471
104 12651
104 12658
104 12658
104 12659
104 12659
104 12661
110 12667
110 12673
110 12674
110 12674
110 12675
