106 700
86 1182
88 1592
89 1671
86 2519
106 3589
138 3724
106 4577
138 4656
99 4664
87 4681
106 4993
106 5196
88 5203
87 5307
87 5317
138 5532
106 5546
106 5848
91 6244
88 6276
88 6308
87 6326
87 6433
106 6634
106 6968
106 7092
106 7094
106 7244
106 7247
87 7455
96 7850
88 7914
12 8054
106 8377
106 8394
90 8637
13 9005
12 9399
138 9577
13 9678
106 9973
106 9976
106 9979
86 10035
106 10140
87 10663
12 10950
106 11397
106 11486
13 13261
106 13342
106 13345
86 14273
88 14306
12 14925
12 14928
13 15004
13 15007
