104 292
104 682
104 977
104 980
104 1083
104 1555
104 1610
104 2042
104 2120
104 2268
104 2503
104 3218
105 3236
105 3236
105 3239
105 3239
104 3336
104 3469
104 3539
126 3550
126 3638
104 3903
104 3962
104 4069
104 4345
104 4397
104 4587
104 4666
104 4669
104 4692
105 4739
105 4739
126 4813
104 4833
104 5078
104 5363
104 5395
104 5397
104 5399
104 5402
104 5477
104 5478
104 5481
126 5681
105 5720
105 5720
105 5721
105 5721
104 5851
104 5857
104 5929
104 5942
104 6062
104 6064
104 6065
104 6300
104 6301
104 6304
104 6476
104 6477
104 6480
104 6703
104 6706
104 6707
104 6709
105 6844
105 6844
105 6845
105 6845
104 6869
105 6910
105 6910
110 7863
110 7865
110 7868
110 7869
110 7872
105 7895
105 7895
105 7896
105 7896
105 7897
105 7897
126 8051
110 8125
110 8128
110 8130
110 8135
126 8142
126 8149
110 8462
110 8465
110 8467
110 8469
110 8697
110 8700
110 8701
104 8784
104 8786
104 8793
104 8839
110 8849
110 8858
104 8859
104 8884
126 8909
126 9179
110 9254
104 9318
104 9320
104 9321
104 9652
104 9654
104 9655
110 9712
110 9715
110 9716
104 9805
104 9806
104 9808
104 9811
104 9863
104 9864
104 9867
104 9976
104 9979
104 10123
105 10894
105 10894
105 10896
105 10896
105 10897
105 10897
105 10900
105 10900
107 10985
107 10991
107 10991
107 10991
107 10992
107 10992
107 10992
105 11106
105 11106
105 11107
105 11107
105 11110
105 11110
105 11128
105 11128
107 11195
107 11408
107 11410
104 11481
104 11482
104 11485
104 11486
104 11502
107 11606
107 11607
107 11610
107 11806
104 11826
104 11827
104 11829
104 11832
104 11833
107 11945
107 12165
107 12227
107 12332
107 12334
107 12475
107 12476
107 12681
107 12684
107 12685
107 12688
107 12859
107 13318
107 13321
107 13323
107 13326
107 13327
107 13460
107 13462
107 13464
107 13537
107 13539
107 13540
104 13657
104 13658
104 13660
104 13663
104 13664
104 13667
107 13681
107 13683
107 13686
110 13696
110 13698
110 13700
