104 762
104 869
104 964
105 1847
105 1847
105 1851
105 1851
105 1854
105 1854
105 2093
105 2093
105 2335
105 2335
105 2574
105 2574
126 2911
104 3114
104 3241
104 3452
104 3642
104 3711
105 4070
105 4070
105 4072
105 4072
126 4113
104 4125
104 4166
104 4240
104 4266
104 4269
104 4273
104 4273
126 4368
104 4438
104 4602
104 4731
104 5014
104 5089
104 5093
104 5128
104 5131
104 5223
104 5344
104 5348
104 5449
104 5453
104 5951
104 5954
104 5958
104 6010
126 6648
110 6736
110 6742
110 6742
110 6743
110 6743
110 6847
110 6874
110 6952
110 7355
110 7414
110 7466
110 7528
110 7579
110 7638
104 7660
110 7663
110 7695
110 7944
110 7947
110 7951
110 8034
110 8242
110 8295
110 8328
110 8570
110 8573
110 8712
110 9138
110 9527
110 9531
110 9652
104 9820
104 9823
110 9861
110 9864
110 10214
110 10218
110 10221
110 10267
110 10386
110 10719
110 10723
110 10726
110 10729
110 10987
