104 289
104 669
104 991
104 991
104 1449
104 1547
104 1610
104 2019
104 2091
104 2129
104 2246
104 2553
104 2732
105 3114
105 3114
105 3117
105 3117
126 3523
126 3526
104 3539
104 3581
104 3946
104 3948
104 3949
104 3949
104 4331
104 4390
126 4669
104 4670
104 4673
104 4685
104 4718
104 4812
104 4814
126 5174
104 5187
104 5235
126 5519
104 5579
104 5582
105 5633
105 5633
105 5635
105 5635
105 5638
105 5638
105 5640
105 5640
105 5656
105 5656
126 5793
104 5799
104 5802
104 6071
104 6258
104 6261
104 6281
104 6283
104 6286
105 6510
105 6510
105 6513
105 6513
104 6524
104 6526
104 6529
104 6532
104 6707
104 6771
104 6772
104 6824
104 6890
104 6896
104 7037
9 7330
9 7333
9 7333
9 7333
9 7370
9 7374
105 7581
105 7581
105 7584
105 7584
105 7584
105 7584
105 7584
105 7584
105 7585
105 7585
105 7585
105 7585
105 7585
105 7585
105 7687
105 7687
105 7690
105 7690
105 7690
105 7690
126 7735
105 7739
105 7739
105 7929
105 7929
105 7932
105 7932
105 7932
105 7932
105 7932
105 7932
105 7932
105 7932
105 7932
105 7932
105 7935
105 7935
105 7981
105 7981
9 8034
9 8034
105 8076
105 8076
105 8198
105 8198
105 8201
105 8201
105 8299
105 8299
105 8414
105 8414
105 8450
105 8450
105 8555
105 8555
105 8665
105 8665
105 8668
105 8668
