106 680
86 1165
88 1598
89 1652
86 2498
106 3484
138 3688
87 4353
106 4643
138 4754
99 4932
87 5193
106 5199
138 5350
88 5640
88 5677
87 5719
87 5787
138 5799
97 5887
88 5889
87 5947
106 5990
106 6176
106 6218
99 6371
87 6419
106 6455
87 6456
87 6485
106 6530
87 6841
87 7544
92 7607
106 8194
12 8415
12 8418
13 8422
13 8425
12 8483
138 8495
106 8789
106 8861
106 8990
13 8994
88 9028
106 9066
106 9116
88 9170
106 9177
86 9396
90 9649
12 10145
106 10230
13 10352
106 10413
106 10599
106 10826
106 11152
