104 283
104 656
104 961
104 1394
104 1481
104 1548
104 1655
104 2127
104 2180
104 2354
104 2360
104 2599
104 3172
104 3176
105 3254
105 3254
104 3529
104 3612
126 3650
126 3655
104 3860
104 3860
104 3864
104 3897
104 4704
104 4706
104 4708
126 4915
104 5412
104 5436
104 5478
104 5517
104 5576
104 5628
104 5654
104 5685
104 5720
104 5760
104 5766
126 5915
105 5956
105 5956
105 5993
105 5993
105 6030
105 6030
105 6287
105 6287
105 6288
105 6288
105 6304
105 6304
105 6704
105 6704
105 6707
105 6707
126 6870
110 7076
110 7079
110 7082
110 7419
110 7456
110 7457
110 7460
110 7505
110 7652
110 7721
110 7819
110 7920
110 8046
110 8130
110 8226
104 8315
104 8317
110 8367
104 8613
104 8661
104 8979
104 8982
104 9339
104 9340
104 9343
104 9346
104 9349
104 9385
126 9485
104 9605
104 9608
104 9609
110 10008
110 10046
110 10120
110 10123
110 10129
110 10238
126 10311
110 10385
110 10427
110 10516
110 10565
110 10621
110 10644
110 10714
104 10781
110 10843
110 10852
110 10855
110 10941
110 11312
110 11315
110 11318
110 11373
110 11435
110 11495
110 11530
110 11613
110 11766
110 11784
110 11810
