88 512
106 801
86 1210
88 1588
89 1688
86 3129
106 3608
138 3736
106 4227
138 4352
87 4397
106 4692
99 4694
87 4894
138 5275
106 5364
87 5381
87 5462
99 5612
99 5667
106 5724
99 5820
87 5874
88 6466
88 6486
138 6513
87 6611
87 6633
106 6704
106 6786
106 6824
106 6976
90 7259
90 7296
96 7455
88 7616
88 7638
87 7697
87 7726
87 7738
87 7776
138 7779
138 7792
86 7838
138 7884
138 7895
91 8363
138 8393
138 8397
138 8398
138 8399
87 8445
87 8502
87 8508
87 8572
87 8580
87 8671
138 8762
106 8766
138 8773
87 8778
87 8800
138 8807
106 8899
106 8901
138 9099
138 9101
87 9143
87 9150
87 9154
87 9154
106 9166
106 9169
87 9189
87 9197
87 9209
87 9247
138 9620
87 9636
87 9643
87 9675
87 9706
87 9720
87 9729
138 9740
87 9773
87 9965
87 9968
87 9983
87 9983
87 9988
87 10002
138 10130
88 10384
87 10506
87 10512
87 10514
87 10520
87 10520
87 10537
138 10562
94 10563
138 10582
138 10584
106 10733
106 10738
87 11184
87 11187
87 11188
87 11192
87 11204
138 11279
138 11315
138 11366
106 11463
106 11466
106 11469
106 11472
92 11517
86 11563
106 11709
106 11712
138 11781
138 11876
88 12045
88 12055
87 12229
87 12230
87 12232
138 12356
138 12379
138 12456
87 12488
87 12493
87 12496
87 12498
87 12531
87 12540
87 12807
138 13004
138 13344
88 13768
88 13850
87 13915
87 13951
87 13966
87 13969
138 14205
138 14238
138 14249
138 14289
138 14301
99 14586
87 14789
87 14794
87 14795
87 14804
87 15048
87 15048
289 16370
289 16373
289 16379
289 16381
289 16394
289 16399
289 16401
289 16405
289 16430
289 16431
289 16435
289 16436
289 16437
289 16441
289 16447
289 16449
289 16455
138 16462
289 16465
289 16481
289 16483
289 16491
289 16500
289 16504
289 16509
289 16514
289 16521
289 16521
289 16530
289 16537
289 16547
289 16552
289 16553
289 16558
289 16562
289 16567
138 16573
289 16576
289 16587
289 16592
289 16595
289 16598
289 16602
289 16606
289 16618
289 16630
289 16639
289 16641
289 16646
138 16649
289 16665
289 16667
289 16671
289 16682
289 16691
289 16701
138 16705
289 16707
289 16709
289 16709
289 16709
289 16710
289 16717
289 16725
289 16731
289 16744
289 16748
289 16752
289 16756
289 16758
289 16759
289 16759
289 16765
289 16768
289 16818
289 16823
289 16828
289 16829
289 16848
289 16851
289 16855
289 16937
289 16939
289 16953
289 16954
289 16955
289 16956
289 16957
289 16957
289 16958
289 16959
289 16964
289 16965
289 16965
289 16966
289 17025
289 17026
289 17026
289 17030
289 17036
289 17039
289 17047
289 17050
289 17054
289 17054
289 17054
289 17054
289 17054
289 17054
289 17054
289 17054
289 17054
289 17057
289 17064
289 17064
289 17067
289 17076
289 17078
289 17116
289 17150
289 17155
289 17155
289 17157
289 17157
289 17209
289 17209
289 17216
289 17218
289 17221
289 17224
289 17228
289 17236
289 17243
289 17250
289 17286
289 17313
289 17317
289 17317
289 17321
289 17328
289 17336
289 17336
289 17342
289 17344
289 17346
289 17347
289 17372
289 17374
289 17383
289 17396
289 17400
289 17407
289 17443
289 17482
289 17491
289 17493
289 17497
289 17502
289 17519
289 17520
289 17524
289 17524
289 17525
289 17541
289 17546
289 17551
289 17551
289 17560
289 17564
289 17578
289 17585
289 17596
289 17602
289 17602
289 17606
289 17621
289 17623
289 17634
289 17636
289 17638
289 17639
289 17644
289 17656
289 17665
289 17670
289 17671
289 17672
289 17680
289 17700
289 17706
289 17709
289 17712
289 17720
289 17723
86 17731
289 17741
289 17749
289 17752
289 17752
289 17756
289 17773
289 17777
289 17785
289 17809
289 17829
289 17835
289 17836
289 17843
289 17856
289 17856
289 17858
289 17860
289 17876
289 17880
289 17891
289 17899
289 17920
289 17936
