104 286
104 667
104 964
104 964
104 1436
104 1509
104 1600
104 2020
104 2091
104 2116
104 2248
104 2510
104 2726
104 3018
104 3240
105 3392
105 3392
104 3470
104 3474
126 3526
126 3529
105 4043
105 4043
105 4231
105 4231
105 4235
105 4235
126 4328
105 4472
105 4472
105 4476
105 4476
105 4659
105 4659
105 4663
105 4663
105 4663
105 4663
105 4664
105 4664
105 4664
105 4664
105 5148
105 5148
105 5152
105 5152
126 5223
105 5229
105 5229
105 5543
105 5543
105 5545
105 5545
105 5547
105 5547
105 5717
105 5717
105 5720
105 5720
105 5721
105 5721
105 5721
105 5721
105 5881
105 5881
105 5884
105 5884
105 6000
105 6000
105 6003
105 6003
105 6005
105 6005
105 6281
105 6281
105 6287
105 6287
105 6287
105 6287
105 6287
105 6287
105 6347
105 6347
105 6753
105 6753
105 6756
105 6756
105 6756
105 6756
105 6756
105 6756
105 6757
105 6757
105 6757
105 6757
105 6757
105 6757
105 6970
105 6970
