104 284
104 653
104 955
104 957
104 1032
104 1485
104 1574
104 1953
104 2023
104 2232
104 2480
104 3017
104 3047
104 3208
104 3253
104 3440
126 3452
104 3500
126 3540
104 3715
104 3913
104 3998
104 4191
104 4250
126 4251
104 4417
104 4420
104 4423
104 4463
104 4544
104 4547
104 4586
104 4801
104 4904
104 5050
104 5144
104 5229
104 5246
104 5249
104 5252
104 5543
110 5835
110 5870
110 6329
110 6332
110 6332
110 6332
110 6451
110 6454
110 6546
110 6548
110 6756
110 6807
110 6958
110 6962
110 6965
110 6967
110 6969
110 6972
110 7434
110 7437
110 7512
110 7518
110 7521
104 7545
104 7548
110 7685
104 7709
104 7768
104 7771
104 7939
104 7942
104 7945
104 7964
104 7981
104 7984
104 8011
104 8023
104 8030
104 8232
104 8235
104 8237
104 8246
104 8248
104 8319
110 8634
110 8657
110 8681
110 8704
110 8707
110 8747
110 8789
110 8792
110 8811
110 8921
110 8966
110 8969
110 9176
110 9179
110 9216
110 9349
110 9350
110 9350
110 9352
110 9352
110 9903
110 9905
110 9905
110 9906
104 9926
104 9929
104 9932
110 9981
110 9984
110 10040
110 10108
110 10110
110 10228
110 10231
110 10231
110 10346
110 10351
110 10352
110 10552
110 10555
110 10688
110 10689
110 10689
110 10690
104 10702
110 10914
110 10916
110 10919
110 11229
110 11232
110 11232
110 11232
110 11468
110 11471
110 11471
110 11471
110 11635
110 11638
110 11638
110 11993
110 11996
