104 292
104 654
104 957
104 960
104 1268
104 1364
104 1889
105 2340
105 2340
105 2343
105 2343
105 2361
105 2361
104 2729
104 2776
126 2867
104 2975
126 3676
110 3948
110 3954
110 3955
110 4011
104 4067
104 4155
110 4197
104 4393
104 4496
104 4535
104 4652
104 4780
104 4781
104 4784
104 4842
104 5072
104 5387
104 5390
104 5392
104 5396
104 5399
104 5400
104 5449
104 5495
104 6287
104 6334
104 6356
104 6419
104 6470
104 6510
104 6559
104 6607
104 6670
104 6673
126 6763
104 6854
104 6856
104 6858
104 7118
104 7139
104 7205
104 7365
104 7371
104 7372
104 7372
104 7391
104 7532
104 7534
104 7536
104 7660
126 7660
104 7705
110 8053
110 8056
110 8058
110 8061
110 8156
110 8158
104 8276
110 8343
110 8344
110 8346
110 8348
104 8394
104 8570
104 9200
104 9203
104 9205
104 9438
104 9444
104 9444
104 9444
104 9445
104 9467
104 9468
108 9590
108 9595
108 9596
108 9596
108 9596
108 9596
108 9597
104 9655
104 9657
104 10089
104 10094
104 10096
104 10096
104 10096
104 10096
104 10163
108 10201
108 10202
104 10267
104 10348
104 10349
104 10352
108 10655
108 10658
104 10775
104 10778
104 10780
104 10828
104 11079
104 11080
104 11083
104 11085
104 11088
104 11113
104 11119
110 11308
110 11309
110 11311
110 11707
110 11712
110 11714
110 11714
104 11823
104 11829
104 11829
104 11830
104 11830
104 11830
104 11830
104 11832
110 12049
110 12144
110 12147
110 12215
110 12218
110 12219
110 12419
110 12425
110 12425
110 12426
110 12743
110 12746
110 12747
110 12799
110 12802
