104 286
104 676
104 965
104 967
104 1452
104 1530
104 1613
104 2035
104 2114
104 2285
104 2493
105 3139
105 3139
105 3141
105 3141
104 3221
104 3258
104 3451
104 3493
126 3545
126 3547
104 3964
104 3965
104 4005
104 4105
104 4406
104 4685
104 4688
104 4760
104 4774
104 4796
104 4823
126 4863
104 4924
104 5055
105 5247
105 5247
105 5250
105 5250
104 5300
105 5332
105 5332
104 5420
126 5694
104 5723
104 5789
105 5970
105 5970
105 5971
105 5971
105 5976
105 5976
105 6022
105 6022
104 6045
104 6048
105 6069
105 6069
126 6123
104 6144
104 6147
104 6169
104 6209
104 6234
104 6277
104 6307
104 6499
104 6559
104 6560
104 6738
104 6740
104 6789
104 6854
104 6880
104 6938
104 6995
104 6998
104 7047
104 7092
104 7115
126 7152
104 7169
105 7346
105 7346
105 7352
105 7352
105 7515
105 7515
105 7520
105 7520
105 7522
105 7522
105 7522
105 7522
104 7595
104 7601
104 7701
104 7754
104 7772
104 7886
104 8050
104 8053
104 8096
104 8141
104 8229
104 8232
104 8427
104 8475
104 8478
104 8645
104 8676
104 8905
104 8908
104 8911
104 8915
104 9398
104 9467
104 9470
105 9528
105 9528
105 9536
105 9536
105 9536
105 9536
105 9537
105 9537
105 9537
105 9537
105 9538
105 9538
105 9538
105 9538
105 9540
105 9540
105 9645
105 9645
105 9646
105 9646
105 9769
105 9769
105 9772
105 9772
105 9774
105 9774
105 9777
105 9777
9 9801
9 9804
9 9808
9 9811
9 9814
9 9817
9 9820
105 9990
105 9990
105 9993
105 9993
105 9996
105 9996
107 10419
107 10422
107 10425
107 10429
107 10552
107 10638
107 10641
107 10750
105 11053
105 11053
105 11058
105 11058
105 11060
105 11060
105 11060
105 11060
105 11061
105 11061
105 11061
105 11061
105 11063
105 11063
107 11096
107 11102
107 11102
107 11103
107 11103
105 11241
105 11241
105 11247
105 11247
105 11247
105 11247
105 11248
105 11248
105 11248
105 11248
105 11515
105 11515
105 11522
105 11522
105 11522
105 11522
105 11523
105 11523
105 11523
105 11523
105 11525
105 11525
105 11525
105 11525
105 11526
105 11526
104 11529
104 11537
104 11540
105 11882
105 11882
105 11889
105 11889
105 11889
105 11889
105 11890
105 11890
9 11890
9 11896
9 11896
105 11997
105 11997
105 12101
105 12101
105 12104
105 12104
105 12157
105 12157
105 12242
105 12242
105 12245
105 12245
105 12247
105 12247
9 12358
9 12363
9 12363
105 12376
105 12376
105 12381
105 12381
105 12381
105 12381
105 12481
105 12481
105 12484
105 12484
9 12536
9 12542
9 12543
9 12543
9 12545
105 12550
105 12550
105 12553
105 12553
9 12553
105 12797
105 12797
105 12803
105 12803
105 12805
105 12805
105 12805
105 12805
105 12806
105 12806
105 12806
105 12806
105 12807
105 12807
105 12888
105 12888
105 12894
105 12894
105 12894
105 12894
105 13107
105 13107
105 13113
105 13113
105 13113
105 13113
105 13114
105 13114
105 13114
105 13114
105 13115
105 13115
105 13115
105 13115
105 13179
105 13179
105 13221
105 13221
105 13267
105 13267
105 13297
105 13297
105 13300
105 13300
105 13327
105 13327
105 13330
105 13330
105 13608
105 13608
105 13615
105 13615
105 13615
105 13615
105 13616
105 13616
105 13616
105 13616
104 13902
