104 286
104 646
104 964
104 984
104 1145
104 1509
104 1581
104 1979
104 2051
104 2284
104 2740
105 3123
105 3123
105 3162
105 3162
104 3225
104 3287
126 3475
104 3503
104 3522
126 3572
104 3777
105 3936
105 3936
105 4296
105 4296
105 4345
105 4345
105 4438
105 4438
126 4587
104 4629
104 4632
104 4634
105 4663
105 4663
105 4666
105 4666
104 4853
104 4856
104 5081
104 5485
104 5561
104 5564
104 5564
104 5566
104 5566
126 5652
104 5711
104 5744
104 5756
104 5813
104 5842
104 5900
104 5927
104 5973
104 5998
104 6169
126 6238
104 6316
104 6359
104 6373
104 6418
104 6428
104 6533
104 6566
104 6569
105 6893
105 6893
105 6894
105 6894
105 6896
105 6896
105 6979
105 6979
105 6981
105 6981
104 6985
104 7039
104 7076
104 7079
104 7082
105 7443
105 7443
105 7445
105 7445
105 7445
105 7445
105 7445
105 7445
105 7445
105 7445
105 7506
105 7506
105 7556
105 7556
105 7559
105 7559
105 7559
105 7559
105 7559
105 7559
105 7787
105 7787
105 7789
105 7789
105 7789
105 7789
105 7789
105 7789
105 7941
105 7941
105 7944
105 7944
105 8079
105 8079
105 8080
105 8080
105 8082
105 8082
105 8082
105 8082
126 8253
105 8257
105 8257
105 8260
105 8260
105 8260
105 8260
105 8262
105 8262
105 8262
105 8262
105 8262
105 8262
110 8710
110 8713
110 8713
110 8713
110 9039
110 9045
110 9048
110 9048
110 9048
110 9048
110 9048
110 9178
110 9320
110 9322
110 9326
110 9329
110 9332
110 9550
110 9555
110 9555
110 9555
110 9769
110 9772
105 9861
105 9861
105 10035
105 10035
105 10038
105 10038
105 10038
105 10038
105 10038
105 10038
105 10163
105 10163
105 10166
105 10166
105 10166
105 10166
