104 286
104 644
104 961
104 1351
104 1439
104 1525
104 1636
104 1973
104 2006
104 2039
104 2065
104 2133
104 2352
104 2867
104 2930
104 3068
104 3169
104 3369
104 3445
104 3532
126 3586
126 3589
104 3653
105 3878
105 3878
105 3981
105 3981
104 4011
126 4470
104 4547
104 4550
104 4552
104 4624
104 4624
104 4626
104 4626
104 4626
104 5085
104 5251
104 5251
104 5251
104 5432
104 5432
104 5433
104 5433
104 5433
105 5911
105 5911
105 5914
105 5914
110 6346
110 6669
110 6672
110 6674
110 6767
110 6769
110 6772
110 6971
110 6974
110 6977
110 7501
110 7504
110 7506
110 7509
110 7581
110 7764
110 7767
110 7827
110 7830
110 7833
104 7885
104 7886
104 7886
104 7886
104 7888
110 7891
104 8082
110 8387
110 8389
110 8733
110 8746
110 8872
110 8875
110 8878
110 9025
110 9028
110 9029
110 9032
110 9035
110 9038
110 9168
110 9169
110 9173
105 9812
105 9812
105 9815
105 9815
105 9818
105 9818
105 9819
105 9819
105 9825
105 9825
105 9826
105 9826
105 9859
105 9859
105 10094
105 10094
110 10133
105 10156
105 10156
110 10192
105 10352
105 10352
105 10353
105 10353
105 10356
105 10356
105 10359
105 10359
105 10552
105 10552
105 10553
105 10553
110 10600
110 10680
110 10754
110 10850
110 10938
110 10941
110 11108
105 11552
105 11552
105 11555
105 11555
105 11558
105 11558
110 11600
110 11603
110 11606
110 11766
110 11769
105 11945
105 11945
110 11992
110 11995
110 12097
110 12100
110 12203
110 12331
110 12428
110 12431
110 12524
126 12535
126 12538
126 12548
110 12605
110 12696
110 12778
105 12918
105 12918
110 12949
110 13132
110 13135
110 13182
110 13266
110 13365
110 13454
105 13565
105 13565
110 13611
110 13614
105 13671
105 13671
105 13674
105 13674
110 13719
110 13794
110 13798
105 13884
105 13884
105 13888
105 13888
105 13891
105 13891
105 13894
105 13894
110 13918
105 14066
105 14066
110 14571
110 14574
110 14577
110 14580
110 14583
110 14586
105 14689
105 14689
105 14692
105 14692
110 14731
110 14734
105 15191
105 15191
105 15194
105 15194
105 15195
105 15195
105 15198
105 15198
105 15201
105 15201
110 15239
110 15242
110 15245
110 15248
105 15575
105 15575
105 15578
105 15578
110 15622
110 15623
110 15626
110 15743
110 15744
110 15848
110 15851
105 16004
105 16004
105 16006
105 16006
110 16050
