104 286
104 670
104 957
104 958
104 1416
104 1489
104 1571
104 1889
104 1922
104 2003
104 2066
104 2254
104 2495
105 3270
105 3270
105 3333
105 3333
105 3352
105 3352
105 3399
105 3399
126 3513
126 3516
105 3614
105 3614
105 3617
105 3617
105 4185
105 4185
105 4189
105 4189
105 4189
105 4189
105 4346
105 4346
105 4349
105 4349
105 4575
105 4575
105 4580
105 4580
105 4680
105 4680
105 4683
105 4683
105 4685
105 4685
105 4867
105 4867
105 4870
105 4870
105 4872
105 4872
105 4872
105 4872
105 5073
105 5073
105 5102
105 5102
105 5245
105 5245
105 5459
105 5459
105 5633
105 5633
105 5636
105 5636
105 5638
105 5638
105 5638
105 5638
105 5685
105 5685
105 5820
105 5820
105 5825
105 5825
