104 289
104 692
104 985
104 988
104 1082
104 1517
104 1642
104 1992
104 2077
104 2124
104 2280
104 2510
104 3009
105 3211
105 3211
104 3271
104 3345
104 3565
126 3603
126 3606
105 3625
105 3625
104 3749
104 3972
104 4213
104 4483
104 4491
105 4621
105 4621
105 4734
105 4734
105 4736
105 4736
105 4739
105 4739
105 4742
105 4742
105 4770
105 4770
105 4794
105 4794
104 4862
105 4911
105 4911
105 4944
105 4944
104 5295
105 5629
105 5629
105 5629
105 5629
105 5807
105 5807
105 5810
105 5810
105 5813
105 5813
105 5816
105 5816
105 5819
105 5819
105 5822
105 5822
105 5825
105 5825
105 5925
105 5925
105 5927
105 5927
126 5948
104 5982
104 5985
105 6229
105 6229
105 6235
105 6235
105 6235
105 6235
105 6236
105 6236
105 6236
105 6236
105 6242
105 6242
105 6287
105 6287
104 6313
104 6316
105 6351
105 6351
104 6703
104 6726
104 7008
104 7011
104 7014
104 7017
104 7020
104 7031
104 7247
104 7250
104 7436
104 7588
104 7591
104 7595
110 7797
110 7875
110 7885
110 7996
104 8015
110 8052
110 8104
110 8243
110 8246
110 8249
110 8361
110 8364
104 8430
104 8433
104 8438
104 8439
110 8488
110 8491
110 8494
104 8679
104 8681
104 8684
104 9175
104 9182
104 9182
104 9183
104 9183
104 9185
104 9185
104 9186
104 9278
104 9457
104 9460
104 9462
104 9487
104 9488
104 9491
104 9494
104 9871
104 9874
104 9890
104 9894
110 10093
110 10095
110 10099
110 10689
110 10830
110 10833
110 10836
110 10837
110 11003
110 11006
110 11106
110 11109
110 11112
104 11116
104 11118
104 11121
110 11308
110 11309
110 11443
110 11446
110 11449
110 11452
110 11599
110 11602
110 11782
110 11783
110 11786
110 11789
110 11792
110 11944
110 12093
110 12095
110 12098
104 12166
104 12169
110 12353
110 12356
110 12359
110 12792
110 12795
110 12796
110 12889
110 12891
110 12894
110 12897
110 12900
110 12995
110 12998
110 13001
110 13002
110 13005
110 13008
110 13093
110 13094
110 13097
110 13100
110 13479
110 13484
110 13486
110 13486
110 13487
110 13487
110 13489
110 13489
110 13490
110 13526
110 13651
110 13679
110 13794
110 13795
110 13816
110 13929
110 13991
110 13993
110 14116
110 14193
126 14391
110 14426
110 14429
110 14432
110 14435
110 14472
110 14475
110 14537
110 14622
110 14623
110 14627
