104 303
104 672
104 955
104 958
104 1478
104 1521
104 1609
104 2023
104 2104
104 2236
104 2475
105 3139
105 3139
105 3141
105 3141
104 3234
104 3273
104 3454
104 3507
126 3543
126 3545
104 3692
104 4031
104 4033
104 4184
126 4344
104 4393
104 4491
104 4493
104 4702
104 4705
104 4708
104 4711
104 5166
104 5169
104 5171
104 5179
110 5714
110 5717
110 5720
110 5829
110 5857
110 5911
104 5946
104 5949
104 6658
104 6661
104 6666
104 6667
104 6670
104 6761
104 6763
104 6766
104 6883
104 6886
104 7364
110 7404
110 7409
110 7708
110 7712
110 7712
110 8002
110 8006
110 8006
110 8006
110 8006
104 8082
104 8289
110 8540
110 8543
110 8783
110 8788
110 8788
110 8788
110 9016
110 9021
110 9021
110 9021
110 9215
110 9218
110 9784
110 9787
110 9787
110 9787
110 9788
110 9788
110 9788
110 9788
110 10322
110 10326
110 10326
110 10326
110 10326
110 10328
110 10328
110 10328
110 10328
110 10572
110 10577
110 10577
110 10577
110 10830
110 10834
110 10834
110 10834
110 10836
110 10836
110 11085
110 11088
110 11088
110 11088
