106 673
86 1084
88 1540
89 1633
86 2987
106 3491
138 3628
106 4198
138 4215
87 4216
106 4857
87 4911
138 5038
106 5497
138 5694
106 5730
87 5874
106 5963
106 6080
138 6245
90 6371
90 6442
106 6543
138 6545
88 6743
88 6760
87 6805
88 6850
106 6900
87 6953
138 6970
138 7003
106 7014
138 7118
138 7125
88 7180
106 7263
138 7382
96 7503
106 7677
87 7680
87 7689
87 7694
138 7705
87 7780
106 7798
86 7896
138 8100
138 8127
86 8148
138 8215
106 8351
87 8352
87 8361
138 8369
138 8400
138 8462
106 8754
106 8849
106 9038
