104 286
104 652
104 958
104 961
104 1043
104 1498
104 1584
104 1999
104 2075
104 2259
104 2739
105 3126
105 3126
105 3162
105 3162
104 3434
104 3499
126 3532
104 3564
126 3570
104 3661
104 3713
104 3788
104 4244
104 4273
104 4374
126 4477
104 4590
104 4607
104 4613
104 4614
104 4614
105 4941
105 4941
104 5177
105 5240
105 5240
126 5249
105 5260
105 5260
104 5333
104 5338
104 5340
104 5340
104 5346
104 5363
105 5636
105 5636
105 5638
105 5638
126 5643
104 5910
104 5916
104 5917
104 5917
104 5918
104 6025
104 6028
104 6198
104 6201
126 6235
104 6286
104 6370
104 6373
104 6376
104 6417
104 6419
104 6480
104 6575
104 6578
104 6687
105 7034
105 7034
105 7040
105 7040
105 7041
105 7041
105 7041
105 7041
105 7042
105 7042
104 7044
104 7063
104 7115
104 7118
104 7159
104 7162
104 7184
104 7187
104 7426
104 7428
104 7431
104 7516
104 7518
104 7564
104 7567
104 7772
104 7775
104 7778
126 7896
104 7919
104 7921
104 8203
104 8237
104 8245
104 8245
104 8246
104 8246
104 8248
104 8248
104 8276
104 8279
104 8322
104 8325
104 8358
105 8719
105 8719
105 8725
105 8725
105 8725
105 8725
105 8881
105 8881
105 8886
105 8886
105 9035
105 9035
105 9040
105 9040
105 9042
105 9042
105 9042
105 9042
105 9220
105 9220
105 9223
105 9223
105 9371
105 9371
105 9374
105 9374
105 9377
105 9377
105 9386
105 9386
105 9489
105 9489
105 9596
105 9596
105 9599
105 9599
105 9656
105 9656
105 9662
105 9662
105 9664
105 9664
105 9664
105 9664
105 9665
105 9665
9 9676
9 9676
9 9676
9 9677
9 9677
9 9679
9 9680
9 9680
105 9826
105 9826
105 9832
105 9832
105 9834
105 9834
105 9834
105 9834
105 10067
105 10067
105 10072
105 10072
105 10072
105 10072
105 10074
105 10074
104 10153
104 10159
104 10159
104 10161
104 10161
126 10225
105 10385
105 10385
9 10386
105 10389
105 10389
105 10392
105 10392
9 10393
9 10393
9 10394
9 10394
9 10396
9 10396
9 10397
126 10506
104 10533
104 10535
105 10547
105 10547
105 10552
105 10552
105 10553
105 10553
105 10555
105 10555
105 10555
105 10555
105 10556
105 10556
104 10661
104 10664
105 10907
105 10907
105 10915
105 10915
105 10915
105 10915
105 10915
105 10915
105 10916
105 10916
105 10917
105 10917
104 11057
104 11060
104 11063
104 11066
104 11069
105 11093
105 11093
105 11097
105 11097
105 11099
105 11099
105 11099
105 11099
105 11100
105 11100
104 11276
104 11279
105 11367
105 11367
105 11372
105 11372
105 11643
105 11643
105 11649
105 11649
105 11650
105 11650
105 11650
105 11650
105 11652
105 11652
105 11698
105 11698
105 11700
105 11700
9 11740
9 11743
9 11749
9 11750
9 11750
9 11752
104 11791
104 11796
104 11799
104 11802
104 11804
104 11806
126 11829
126 12040
105 12140
105 12140
105 12145
105 12145
105 12145
105 12145
105 12147
105 12147
105 12147
105 12147
105 12148
105 12148
105 12148
105 12148
105 12158
105 12158
105 12164
105 12164
9 12350
9 12358
9 12358
9 12359
9 12359
9 12361
9 12361
9 12362
9 12362
105 12363
9 12363
105 12363
9 12365
9 12365
9 12366
9 12366
9 12368
105 12368
9 12368
105 12368
9 12369
9 12369
9 12371
9 12371
104 12943
104 12949
104 12950
104 12950
104 12950
104 12952
104 12953
104 12953
105 12953
105 12953
104 12955
104 12955
105 12959
105 12959
105 12960
105 12960
105 12961
105 12961
105 12961
105 12961
105 12961
105 12961
105 12963
105 12963
105 12964
105 12964
105 12964
105 12964
105 12966
105 12966
105 12966
105 12966
105 12967
105 12967
105 12969
105 12969
105 12969
105 12969
105 12969
105 12969
105 12970
105 12970
104 13022
104 13028
104 13029
104 13029
104 13031
104 13032
104 13198
104 13201
104 13204
104 13206
104 13209
105 13432
105 13432
105 13438
105 13438
9 13443
9 13449
9 13449
9 13450
9 13450
9 13591
105 13596
105 13596
9 13598
105 13602
105 13602
105 13603
105 13603
105 13603
9 13603
105 13603
105 13605
105 13605
105 13605
105 13605
105 13606
105 13606
105 13606
105 13606
105 13637
105 13637
105 13639
105 13639
105 13691
105 13691
105 13907
105 13907
105 13935
105 13935
105 13940
105 13940
105 13940
105 13940
105 13942
105 13942
105 13942
105 13942
105 13943
105 13943
105 13943
105 13943
105 13945
105 13945
105 13945
105 13945
105 13946
105 13946
105 13946
105 13946
105 14001
105 14001
105 14042
105 14042
105 14045
105 14045
104 14083
104 14086
104 14089
104 14097
105 14297
105 14297
105 14303
105 14303
105 14304
105 14304
105 14304
105 14304
105 14306
105 14306
105 14307
105 14307
105 14307
105 14307
105 14307
105 14307
105 14309
105 14309
105 14309
105 14309
105 14487
105 14487
105 14493
105 14493
105 14493
105 14493
105 14494
105 14494
105 14494
105 14494
105 14496
105 14496
105 14497
105 14497
105 14512
105 14512
105 14515
105 14515
105 14556
105 14556
105 14559
105 14559
105 14562
105 14562
104 14645
105 14697
105 14697
105 14703
105 14703
105 14705
105 14705
105 14705
105 14705
105 14705
105 14705
105 14706
105 14706
105 14823
105 14823
105 14883
105 14883
105 14889
105 14889
105 14890
105 14890
105 14890
105 14890
105 14892
105 14892
105 14892
105 14892
105 14893
105 14893
105 14893
105 14893
105 14895
105 14895
105 14895
105 14895
105 14896
105 14896
105 14896
105 14896
105 14898
105 14898
105 14898
105 14898
104 14991
9 14995
104 14997
104 14999
104 14999
9 15000
9 15002
9 15002
9 15003
9 15003
9 15005
9 15005
9 15006
105 15236
105 15236
105 15263
105 15263
105 15303
105 15303
105 15309
105 15309
105 15311
105 15311
105 15311
105 15311
105 15312
105 15312
9 15342
9 15349
105 15357
9 15357
105 15357
9 15359
9 15359
9 15359
9 15360
9 15362
9 15362
9 15362
9 15363
9 15363
9 15365
9 15365
9 15366
9 15368
9 15368
105 15373
105 15373
105 15387
105 15387
105 15574
105 15574
105 15613
105 15613
105 15617
105 15617
105 15619
105 15619
105 15619
105 15619
105 15620
105 15620
105 15620
105 15620
105 15622
105 15622
105 15623
105 15623
105 15623
105 15623
105 15642
105 15642
9 15661
9 15667
9 15667
9 15670
105 15702
105 15702
105 15705
105 15705
105 15799
105 15799
105 15845
105 15845
105 15868
105 15868
105 15898
105 15898
105 16015
105 16015
105 16038
105 16038
105 16061
105 16061
105 16066
105 16066
105 16068
105 16068
105 16068
105 16068
105 16069
105 16069
105 16071
105 16071
105 16071
105 16071
105 16072
105 16072
105 16072
105 16072
105 16072
105 16072
105 16074
105 16074
105 16075
105 16075
105 16075
105 16075
105 16075
105 16075
105 16148
105 16148
105 16282
105 16282
105 16288
105 16288
105 16288
105 16288
105 16289
105 16289
105 16291
105 16291
105 16291
105 16291
105 16292
105 16292
105 16354
105 16354
105 16360
105 16360
105 16360
105 16360
105 16361
105 16361
105 16361
105 16361
105 16363
105 16363
105 16363
105 16363
105 16364
105 16364
105 16366
105 16366
105 16435
105 16435
105 16439
105 16439
105 16705
105 16705
105 16711
105 16711
105 16711
105 16711
105 16713
105 16713
105 16714
105 16714
105 16714
105 16714
105 16716
105 16716
105 16754
105 16754
105 16759
105 16759
104 16762
104 16765
104 16768
104 16771
9 16938
9 16944
9 16944
9 16945
9 16947
9 16947
9 16948
9 16948
9 16950
9 16950
9 17019
9 17024
9 17026
9 17026
9 17027
9 17027
9 17029
9 17029
9 17030
105 17061
105 17061
105 17067
105 17067
105 17068
105 17068
105 17068
105 17068
105 17070
105 17070
105 17186
105 17186
105 17191
105 17191
105 17192
105 17192
105 17192
105 17192
105 17193
105 17193
105 17424
105 17424
105 17430
105 17430
105 17431
105 17431
105 17431
105 17431
105 17432
105 17432
105 17432
105 17432
105 17434
105 17434
105 17434
105 17434
105 17435
105 17435
105 17435
105 17435
105 17691
105 17691
105 17801
105 17801
105 17807
105 17807
105 17807
105 17807
105 17808
105 17808
105 17808
105 17808
105 17810
105 17810
105 17811
105 17811
105 17811
105 17811
105 17812
105 17812
105 17812
105 17812
105 17814
105 17814
105 17814
105 17814
105 17815
105 17815
105 17815
105 17815
105 17817
105 17817
105 17817
105 17817
105 17817
105 17817
105 17818
105 17818
105 17820
105 17820
105 17820
105 17820
9 17839
9 17845
9 17845
9 17853
9 17865
9 17872
9 17878
9 17891
9 17964
9 17972
9 17973
9 17974
9 17974
9 17974
9 17976
9 17977
9 17977
105 18064
105 18064
9 18172
9 18176
9 18177
9 18177
105 18256
105 18256
105 18262
105 18262
105 18263
105 18263
105 18264
105 18264
105 18264
105 18264
105 18266
105 18266
105 18266
105 18266
105 18267
105 18267
105 18267
105 18267
105 18269
105 18269
105 18312
105 18312
105 18411
105 18411
105 18417
105 18417
105 18418
105 18418
105 18418
105 18418
105 18420
105 18420
105 18420
105 18420
105 18421
105 18421
105 18421
105 18421
105 18423
105 18423
105 18480
105 18480
105 18525
105 18525
105 18531
105 18531
105 18532
105 18532
105 18534
105 18534
105 18534
105 18534
105 18686
105 18686
105 18692
105 18692
105 18692
105 18692
105 18693
105 18693
105 18695
105 18695
105 18695
105 18695
105 18695
105 18695
105 18696
105 18696
105 18698
105 18698
105 18698
105 18698
105 18699
105 18699
9 18739
9 18746
9 18746
9 18747
105 18749
105 18749
9 18749
105 18754
105 18754
9 18770
9 18778
9 18778
9 18779
9 18779
9 18780
9 18780
9 18782
105 18783
105 18783
9 18881
105 18886
105 18886
9 18887
9 18888
9 18888
9 18890
9 18890
9 18891
105 18891
105 18891
9 18891
105 18893
105 18893
105 18986
105 18986
9 19024
9 19024
9 19025
9 19025
9 19025
9 19027
105 19256
105 19256
105 19262
105 19262
105 19263
105 19263
105 19263
105 19263
105 19265
105 19265
105 19265
105 19265
105 19266
105 19266
105 19266
105 19266
105 19268
105 19268
105 19308
105 19308
