106 692
86 1115
88 1599
89 1696
106 2881
86 3577
106 4126
138 4302
106 4621
97 4940
138 5006
87 5017
88 5190
88 5221
138 5747
87 5758
87 5765
106 5826
87 6282
87 6312
87 6354
106 6392
106 6552
106 6621
99 6655
138 6792
106 6802
87 6856
87 6898
106 7230
88 7660
106 7774
88 7868
92 7881
138 7983
87 7984
106 8029
12 8067
12 8070
88 8083
138 8246
106 8530
13 8930
106 8948
90 8966
87 9055
138 9255
13 9261
106 9399
86 9428
106 9462
12 9944
106 10031
13 10103
106 10244
87 10299
87 10382
106 10612
106 10617
106 11001
106 11004
