104 283
104 693
104 978
104 981
104 1443
104 1534
104 1603
104 2026
104 2095
104 2265
104 2514
104 2753
104 3028
104 3225
104 3291
104 3481
104 3484
126 3530
126 3533
104 3720
104 3723
104 3998
104 4178
104 4182
126 4348
104 4440
104 4463
104 4509
104 4512
104 4512
104 4514
105 4745
105 4745
105 4790
105 4790
105 5125
105 5125
105 5129
105 5129
105 5272
105 5272
105 5322
105 5322
105 5325
105 5325
105 5327
105 5327
105 5327
105 5327
104 5520
104 5523
104 5523
104 5523
104 5652
105 6114
105 6114
105 6118
105 6118
104 6124
105 6305
105 6305
105 6318
105 6318
105 6323
105 6323
105 6323
105 6323
105 6439
105 6439
105 6737
105 6737
105 6740
105 6740
105 6742
105 6742
105 6742
105 6742
105 6848
105 6848
105 7008
105 7008
105 7012
105 7012
105 7012
105 7012
126 7230
105 7291
105 7291
105 7294
105 7294
105 7294
105 7294
105 7296
105 7296
105 7296
105 7296
126 7302
110 7495
110 7498
110 7571
110 7574
105 7726
105 7726
105 7729
105 7729
110 7771
105 7808
105 7808
126 7810
110 7853
105 7913
105 7913
110 7960
105 8069
105 8069
105 8072
105 8072
110 8114
105 8211
105 8211
105 8303
105 8303
105 8306
105 8306
105 8306
105 8306
105 8306
105 8306
105 8437
105 8437
105 8442
105 8442
126 8446
105 8574
105 8574
105 8578
105 8578
105 8578
105 8578
105 8722
105 8722
105 8727
105 8727
105 8727
105 8727
105 8856
105 8856
105 8860
105 8860
105 8957
105 8957
105 8960
105 8960
105 8960
105 8960
105 8960
105 8960
105 9062
105 9062
105 9065
105 9065
105 9065
105 9065
104 9127
104 9130
104 9133
104 9162
104 9163
110 9411
110 9503
110 9687
105 9695
105 9695
110 10069
110 10072
110 10072
110 10072
105 10573
105 10573
105 10578
105 10578
105 10578
105 10578
105 10578
105 10578
126 10864
105 10925
105 10925
105 10929
105 10929
105 10929
105 10929
105 10929
105 10929
110 10968
110 10971
110 10973
105 11005
105 11005
110 11047
105 11120
105 11120
105 11123
105 11123
105 11125
105 11125
