106 692
86 1118
88 1598
89 1767
86 2693
106 3395
106 4310
138 4974
97 5011
106 5101
138 5174
106 5193
99 5306
99 5407
99 5426
99 5548
99 5590
87 5829
88 5856
88 5908
87 5939
138 6027
99 6043
138 6237
91 6242
98 6322
88 6539
106 6667
87 6780
87 6804
106 6874
106 7038
87 7091
106 7257
87 7264
88 7602
87 7877
87 7882
12 8036
13 8043
96 8119
106 8168
106 8292
106 8340
106 8352
98 8450
87 9091
12 9099
13 9106
106 9282
87 9306
87 9327
106 9392
87 9451
106 9482
106 9526
106 9831
12 11091
87 11100
13 11218
12 12506
12 12509
12 12509
12 12509
12 12509
13 12513
13 12516
13 12516
13 12516
13 12516
