106 683
86 1247
88 1443
89 1728
90 1794
86 2509
106 2955
86 3521
138 4551
106 4868
87 5117
97 5396
138 5511
88 5570
87 5669
106 6175
138 6219
106 6279
87 6292
87 6318
106 6345
106 6484
88 6875
87 6926
106 7249
106 7509
106 7884
87 7893
138 7915
88 7945
87 7965
138 7965
12 8891
106 9021
106 9074
106 9077
88 9083
13 9186
88 9256
87 9612
106 9795
87 9829
91 10106
87 10249
87 10266
86 10499
87 10607
87 10661
106 10855
106 10857
504 10919
106 11364
106 11626
106 11674
106 11734
90 11750
106 12021
106 12023
106 12026
87 12077
87 12110
87 13037
289 14483
289 14483
289 14483
289 14483
289 14483
289 14483
289 14483
289 14483
289 14483
