106 672
86 999
88 1537
89 1654
106 3166
86 3605
106 4169
138 4247
106 4593
87 4948
106 5012
97 5051
138 5099
99 5148
99 5188
106 5357
99 5425
106 5751
90 5908
138 5971
106 6111
87 6291
87 6298
88 6459
138 6595
88 6684
106 7117
106 7258
90 7285
106 7377
106 7473
90 7596
106 7663
106 7774
106 7834
90 7897
106 8042
88 8106
88 8126
106 8197
87 8294
106 8399
106 8594
88 8677
106 8692
87 8761
138 8769
106 8771
106 9062
106 9199
94 9278
87 9427
106 9449
106 9724
106 9857
106 10012
106 10132
87 10206
106 10529
