104 287
104 659
104 967
104 967
104 1422
104 1504
104 1577
104 1993
104 2066
104 2261
104 2500
104 2729
104 2949
104 2970
104 3470
126 3609
105 3801
105 3801
104 3834
104 3837
126 3881
104 3923
105 3932
105 3932
104 3941
104 4246
104 4506
104 4509
104 4563
126 4598
104 4717
104 4721
104 4721
104 4899
104 4902
104 4904
126 4944
104 5169
104 5171
104 5171
104 5475
104 5478
104 5479
104 5606
104 5609
104 5613
104 5616
126 5820
105 5902
105 5902
105 6032
105 6032
105 6036
105 6036
105 6102
105 6102
105 6107
105 6107
105 6160
105 6160
105 6164
105 6164
105 6239
105 6239
105 6242
105 6242
105 6415
105 6415
105 6419
105 6419
105 6419
105 6419
105 6419
105 6419
105 6421
105 6421
105 6421
105 6421
105 6554
105 6554
105 6557
105 6557
105 6559
105 6559
105 6559
105 6559
104 6655
104 6660
104 6896
104 6899
104 6900
104 6916
104 6919
104 6975
104 7128
104 7130
104 7130
104 7153
104 7186
104 7219
104 7274
104 7279
104 7279
104 7279
104 7303
104 7470
104 7475
104 7475
104 7476
104 7545
104 7603
104 7960
104 7962
104 7965
104 7968
110 8027
110 8030
110 8030
110 8032
110 8032
104 8187
110 8419
110 8423
110 8423
104 8809
104 8813
104 8813
104 8813
104 8813
104 8815
104 8815
104 9049
104 9054
110 9070
110 9073
104 9235
104 9236
104 9239
104 9242
104 9245
104 9248
110 9461
110 9480
126 9658
110 9660
110 9664
110 9664
104 9806
104 9809
110 9851
110 9856
110 9856
110 9988
110 9991
494 10694
494 10697
494 10697
494 10697
494 10786
494 11080
494 11083
494 11084
494 11084
494 11084
494 11225
494 11228
494 11228
494 11458
494 11461
494 11461
494 11463
494 11769
494 11772
110 11891
110 12188
110 12190
110 12190
110 12192
110 12192
110 12192
110 12192
110 12193
110 12193
110 13214
110 13218
110 13218
110 13218
110 13220
110 13220
110 13220
110 13220
110 13561
110 13565
110 13565
110 13565
110 13565
110 13567
110 13567
110 13775
110 13780
110 13780
110 14131
110 14134
110 14135
110 14135
110 14135
110 14135
110 14137
110 14137
110 14137
110 14553
110 14555
110 14555
110 14557
110 14557
110 14557
110 14558
110 14558
110 14914
110 14917
110 15020
110 15023
110 15023
110 15143
110 15146
110 15147
126 15371
126 15374
126 15377
110 16146
110 16150
110 16150
110 16150
110 16150
110 16152
110 16152
110 16152
110 16152
110 16153
110 16153
110 16153
110 16155
110 16155
110 16155
110 16155
110 16156
110 16273
110 16366
110 16369
110 16489
110 16491
110 16493
