106 710
86 1110
88 1578
89 1677
86 3051
106 3566
138 3648
87 4210
106 4213
138 4268
106 5007
87 5056
87 5081
106 5099
138 5194
138 5205
87 5860
87 5865
138 5894
138 5906
138 5948
106 6082
106 6118
106 6121
87 6210
106 6212
106 6242
106 6316
87 6402
87 6408
99 6551
87 6615
87 6617
99 6664
87 7172
87 7186
88 7221
88 7239
90 7297
90 7310
99 7470
96 7513
88 7539
88 7564
88 7572
87 7664
138 7738
106 7744
138 7765
138 7768
106 7774
106 7811
138 7825
138 7868
87 8127
92 8454
86 8486
87 8541
87 8723
138 8723
138 8730
87 8746
138 8750
87 8766
86 8859
87 8944
87 8952
138 9467
138 9473
87 9641
87 9681
87 9695
87 9698
87 9698
87 9708
87 9740
87 9760
87 9762
106 9936
106 9939
106 9949
106 9955
106 9969
87 9973
106 9985
87 10263
87 10269
87 10280
12 10295
138 10349
138 10365
138 10366
138 10762
138 10766
138 10767
88 10872
88 10900
86 11044
14 11230
138 11456
138 11485
138 11491
138 11519
138 11742
138 11754
12 11761
94 11768
87 11888
87 12079
138 12087
87 12128
87 12143
106 12268
106 12279
106 12288
87 12306
87 12307
138 12330
138 12351
12 12423
138 12431
138 12441
138 12452
138 12456
99 12846
98 12856
87 12944
87 12974
87 13013
87 13015
87 13107
138 13257
138 13296
138 13328
87 13355
87 13367
12 13468
14 13475
98 13688
99 13704
106 13995
106 13998
106 14027
106 14307
106 14310
87 14358
87 14389
87 14397
87 14475
87 14482
87 14486
87 14509
87 14532
87 14581
87 14585
87 14587
87 14654
87 14660
12 15355
12 15359
14 15362
14 15366
87 15629
87 15641
87 15645
87 16104
87 16120
87 16127
87 16146
88 16372
87 16452
138 16501
138 16521
138 16538
87 16561
87 16613
87 16625
87 16697
87 16701
87 16703
88 16877
98 16916
87 17108
86 17128
99 17129
98 17149
138 17188
138 17207
87 17238
87 17310
87 17326
289 17442
289 17443
138 17466
289 17482
289 17482
87 17532
87 17544
138 17563
289 17688
289 17688
289 17688
289 17691
289 17742
289 17753
289 17793
289 17797
289 17798
289 17799
138 17815
289 17838
289 17841
289 17846
289 17858
289 17868
289 17869
289 17882
289 17883
289 17896
289 17904
289 17905
289 17909
289 17912
289 17912
289 17919
289 17925
289 17931
289 17959
289 17976
289 17977
289 17981
289 18009
289 18010
289 18012
289 18012
289 18025
289 18029
289 18032
289 18042
289 18046
289 18055
289 18072
289 18111
289 18123
12 18125
289 18130
14 18132
289 18151
289 18157
289 18162
289 18191
289 18191
289 18198
289 18200
289 18209
289 18228
289 18231
289 18231
289 18254
289 18263
289 18264
289 18268
289 18270
289 18271
289 18271
289 18272
289 18310
289 18310
289 18320
289 18323
289 18339
289 18340
289 18341
289 18341
289 18350
289 18355
289 18369
289 18375
289 18392
289 18394
289 18395
289 18397
289 18411
289 18413
289 18431
289 18432
289 18437
289 18446
289 18468
289 18470
289 18471
289 18473
289 18476
289 18491
93 18497
289 18546
289 18546
289 18550
289 18563
289 18564
289 18647
289 18649
289 18650
87 18701
87 18702
87 18706
289 18837
289 18839
289 18869
289 18871
289 18873
289 18874
289 18900
289 18900
289 18936
289 18937
289 18942
289 18945
289 18946
289 18949
289 18950
289 18950
289 18950
289 18955
289 18963
289 18978
289 18985
289 18995
289 18997
289 19004
289 19005
289 19016
289 19025
289 19037
289 19037
289 19045
289 19047
289 19056
289 19066
12 19112
12 19116
12 19116
14 19119
14 19123
14 19123
289 19126
289 19126
289 19150
289 19151
289 19153
289 19153
289 19154
289 19154
289 19155
289 19163
289 19169
289 19171
289 19187
289 19199
289 19212
289 19213
289 19216
289 19223
289 19235
289 19239
289 19253
289 19253
289 19258
289 19303
289 19313
289 19320
289 19325
289 19327
289 19328
289 19330
289 19333
289 19334
289 19340
289 19393
289 19398
289 19409
289 19418
289 19426
289 19439
289 19468
289 19478
289 19510
289 19511
289 19528
289 19582
87 19641
87 19649
87 19674
87 20362
87 20368
87 20550
87 20643
87 20655
87 20712
12 21017
12 21021
12 21021
12 21021
12 21021
12 21022
87 21173
87 21201
87 21246
87 21252
87 21336
87 21546
87 21547
138 21730
138 21824
87 21884
87 21890
87 22037
87 22052
87 22341
99 22497
87 22509
12 22560
12 22564
12 22564
14 22804
14 22811
14 22812
14 22813
14 22815
14 22824
14 22827
14 22828
14 22836
87 22857
87 22867
86 22875
824 23468
150 23495
87 24036
12 24270
88 24370
88 24387
14 24501
98 24828
86 24947
87 25015
138 25229
138 25267
138 25309
87 25343
99 25383
98 25397
138 25430
138 25635
87 25768
138 25829
88 26289
88 26318
99 26459
99 26495
99 26507
99 26542
138 26604
138 26776
138 26787
138 26847
138 26872
87 26905
138 26956
87 27248
87 27251
87 27289
87 27366
87 27371
99 27387
87 27389
98 27427
99 27438
98 27460
87 27535
87 27653
87 27668
87 27672
138 27852
138 27941
86 27944
88 27963
88 28004
87 28215
87 28400
87 28412
87 28422
87 28450
87 28541
87 28549
87 28561
87 28597
87 28598
87 28611
87 28679
95 28797
138 28838
138 28880
138 28937
138 28995
99 29168
98 29188
87 29529
87 29556
87 29571
87 29610
87 29614
87 29635
87 29639
87 29647
87 29651
87 29654
87 29684
12 29915
12 29983
12 29987
12 29987
12 29987
87 30075
14 30082
138 30097
14 30106
14 30122
14 30126
14 30130
138 30146
138 30208
99 30229
99 30264
138 30279
99 30279
138 30302
138 30350
138 30350
88 30439
87 30448
87 30623
87 30649
87 30659
87 30677
87 30804
87 30815
87 30823
138 31092
138 31178
87 31420
87 31421
87 31422
98 31907
99 31951
138 32023
824 32064
138 32070
87 32339
87 32344
87 32596
87 32600
87 32624
87 32629
98 32848
98 32862
98 32873
98 32880
98 32908
98 32938
87 32982
98 33210
99 33224
138 33293
138 33355
87 33541
87 33545
12 33770
12 33773
12 33774
14 33777
14 33780
14 33781
98 34168
99 34170
138 34538
87 34600
87 34608
87 34638
99 34930
289 35233
289 35233
289 35233
289 35233
289 35233
289 35233
289 35233
289 35233
289 35233
99 35326
98 35350
86 35410
138 35516
87 35590
87 35685
138 35687
87 35709
289 36116
289 36118
289 36124
289 36124
289 36132
289 36132
289 36138
289 36138
289 36139
289 36143
289 36150
289 36154
289 36159
289 36160
289 36163
289 36164
289 36186
289 36188
289 36197
289 36209
289 36221
289 36222
289 36222
289 36223
289 36227
289 36228
289 36230
289 36231
289 36232
289 36238
289 36255
289 36263
289 36263
289 36264
289 36264
289 36266
87 36448
87 36450
99 36630
99 36667
99 36836
98 37419
99 37427
99 37447
98 37608
138 37797
138 38531
87 38573
99 38685
98 38688
289 39035
289 39035
289 39036
289 39037
289 39038
289 39039
289 39040
289 39041
289 39041
289 39041
289 39041
289 39045
289 39045
289 39046
289 39046
289 39047
289 39049
289 39049
289 39050
289 39050
138 39097
87 39647
138 39719
289 39973
289 39975
289 39982
289 39986
289 39987
289 39987
289 39987
289 39989
289 39996
289 39998
289 40000
289 40001
289 40001
289 40002
289 40004
289 40005
289 40006
289 40007
138 40022
289 40109
289 40109
289 40114
289 40123
289 40127
289 40127
289 40129
289 40129
289 40129
289 40132
289 40133
289 40135
289 40137
289 40137
289 40138
289 40139
289 40143
289 40145
289 40147
289 40147
289 40200
289 40217
289 40218
289 40219
289 40219
289 40223
289 40224
289 40226
289 40228
289 40229
289 40234
289 40237
289 40237
289 40237
289 40238
289 40239
289 40243
289 40246
289 40881
289 40881
289 40881
289 40881
289 40881
289 40881
289 40881
289 40881
289 40881
289 40963
289 40964
289 40966
289 40968
86 40975
289 40984
289 40988
87 41161
87 42251
138 42414
138 42417
289 42840
289 42840
289 42840
289 42840
289 42840
289 42840
289 42840
289 42840
289 42840
289 43411
289 43414
289 43415
289 43416
289 43477
289 43477
289 43482
289 43483
289 43484
289 43486
289 43487
289 43487
289 43488
289 43489
289 43489
289 43491
289 43531
289 43536
289 43552
289 43568
289 43573
289 43576
289 43689
289 43689
289 43690
289 43692
289 43693
289 43693
289 43694
289 43702
12 43793
12 43796
12 43797
12 43797
12 43797
12 43799
12 43799
12 43799
12 43799
12 43799
14 43944
14 43947
14 43948
14 43948
14 43948
14 43950
14 43950
14 43950
14 43950
14 43950
106 44301
106 44304
106 44307
106 44311
289 44325
289 44326
289 44326
289 44327
289 44327
289 44329
289 44329
289 44329
289 44329
289 44332
289 44332
289 44333
289 44333
289 44334
289 44869
289 44869
289 44869
289 44869
289 44869
289 44869
289 44869
289 44869
289 44869
86 45229
87 45306
87 45323
98 45391
12 45422
12 45427
14 45453
14 45458
289 45638
289 45640
289 45643
289 45644
289 45649
289 45651
289 45653
289 45656
12 45893
12 45893
12 45893
12 45894
14 45900
14 45900
14 45900
14 45901
12 46490
12 46493
12 46495
12 46495
14 46513
14 46542
14 46548
14 46550
12 46562
12 46565
12 46567
14 46841
14 46844
14 46846
12 47043
12 47046
12 47046
12 47047
12 47047
86 47146
87 47163
138 47349
87 47872
138 47912
99 47968
99 48029
289 48142
289 48145
289 48148
289 48150
289 48151
289 48155
289 48158
289 48158
289 48163
289 48167
289 48571
289 48571
289 48571
289 48571
289 48571
289 48571
289 48903
289 48903
289 48903
289 48903
289 48903
289 48903
99 49376
99 49399
289 49644
289 49644
289 49644
289 49644
289 49644
289 49644
289 49644
289 49644
289 49644
289 49644
289 49644
289 49644
289 49644
289 49644
289 49644
289 49644
289 49644
289 49644
289 49644
289 49644
289 49644
12 49826
12 49828
12 49828
12 49828
12 49830
12 49830
12 49830
12 49830
12 49831
12 49831
12 49831
12 49833
12 49833
14 49987
14 49989
14 49989
14 49989
87 49990
14 49990
14 49992
14 49992
14 49993
14 49997
14 49998
14 50011
14 50019
138 50223
138 50244
138 50362
289 50390
289 50392
289 50397
289 50399
289 50400
289 50403
289 50407
289 50408
289 50413
289 50413
289 50671
289 50671
289 50671
289 50671
289 50671
289 50671
289 50671
289 50671
289 50671
289 50671
289 50671
289 50671
289 50671
289 50671
289 50671
289 50963
289 50966
289 50983
289 51003
289 51004
289 51006
289 51018
289 51021
289 51026
289 51027
289 51027
87 51032
289 51032
87 51035
289 51037
289 51039
289 51042
138 51172
138 51184
88 51429
289 51509
289 51509
289 51509
289 51509
289 51509
289 51509
289 51680
289 51680
289 51680
289 51680
289 51680
289 51680
289 51680
289 51680
289 51680
12 51851
12 51855
14 51858
138 51860
138 51861
14 51966
289 52018
289 52020
289 52027
289 52028
289 52029
289 52029
289 52030
289 52030
289 52032
289 52033
289 52033
289 52033
289 52035
289 52037
289 52128
289 52129
289 52131
289 52132
289 52135
289 52136
289 52136
289 52141
289 52142
289 52142
289 52143
289 52144
89 52387
138 52793
138 52795
289 54534
289 54534
289 54534
289 54534
289 54534
289 54534
12 54582
12 54586
12 54586
12 54586
12 54586
12 54587
12 54587
12 54587
12 54587
12 54589
12 54589
12 54589
12 54589
12 54590
12 54596
14 54779
14 54780
14 54780
14 54780
14 54785
138 55176
138 55206
138 55214
92 55268
94 55272
138 55605
87 55611
138 55614
92 55656
87 56175
289 56265
289 56270
289 56273
289 56273
289 56274
289 56279
289 56326
289 56326
289 56351
289 56368
289 56387
289 56396
289 56399
142 56428
289 56540
289 56543
289 56571
289 56574
289 56574
289 56577
289 56601
289 56604
289 56604
289 56607
138 56747
138 56784
142 57144
138 57530
138 57584
138 57650
87 58164
138 58252
289 58690
289 58691
289 58837
289 58839
289 58897
289 58905
289 58914
289 58914
289 58918
289 58949
289 58965
289 58976
289 58978
289 58984
289 58984
289 58986
289 58988
289 59003
289 59003
289 59003
289 59003
289 59003
289 59003
289 59003
289 59003
289 59003
289 59050
289 59053
289 59056
289 59059
289 59059
289 59061
289 59062
289 59063
289 59063
289 59066
289 59066
289 59115
289 59117
289 59120
289 59121
289 59122
289 59122
289 59123
289 59143
289 59163
289 59206
289 59208
289 59214
289 59216
289 59217
289 59220
289 59220
289 59222
289 59227
289 59228
289 59231
289 59234
289 59236
289 59238
289 59364
289 59366
289 59428
289 59433
289 59433
106 59439
106 59441
106 59444
106 59447
289 59449
289 59455
106 59590
106 59593
138 59655
12 59782
12 59787
12 59787
12 59787
12 59788
12 59788
12 59788
12 59788
12 59788
12 59789
12 59789
12 59789
12 59789
12 59791
12 59791
12 59792
12 59792
12 59792
12 59792
12 59794
12 59794
12 59794
14 59868
14 59884
14 59886
14 59887
14 59887
14 59889
14 59889
14 59890
14 59891
14 59891
14 59891
14 59894
14 59895
14 59895
14 59897
14 59916
14 59930
14 59931
14 59932
14 59933
14 59938
14 59939
87 60326
87 60332
289 60633
289 60637
289 60638
289 60638
289 60659
289 60660
289 60663
289 60667
89 60857
138 61371
138 61482
138 61541
138 62008
87 62065
87 62080
289 62197
289 62197
289 62197
289 62197
289 62198
289 62198
289 62198
289 62198
289 62198
289 62198
289 62199
289 62199
289 62200
289 62200
289 62201
289 62201
289 62201
289 62201
289 62258
289 62260
289 62261
289 62263
289 62264
289 62266
289 62267
289 62268
289 62276
138 62399
289 62654
289 62654
289 62654
289 62654
289 62654
289 62654
289 62654
289 62654
289 62654
99 62824
99 62843
87 62868
99 62924
94 63027
289 63160
289 63160
289 63160
289 63160
289 63160
289 63160
289 63160
289 63160
289 63160
88 63301
138 63511
138 63562
289 63843
289 63846
289 63846
289 63847
289 63848
289 63849
289 63849
289 63850
289 63851
289 63851
289 63852
289 63853
289 63853
289 63853
289 63854
289 63855
289 63855
289 63855
87 64066
87 64161
87 64172
289 64417
289 64417
289 64417
289 64417
289 64417
289 64417
289 64417
289 64417
289 64417
289 64417
289 64417
289 64417
289 64417
289 64417
289 64417
289 64417
289 64417
289 64417
99 64642
289 64755
289 64755
289 64765
289 64765
289 64766
289 64768
289 64769
289 64770
289 64770
289 64770
289 64792
289 64795
289 64801
289 64801
289 64814
289 64814
289 64816
289 64817
289 64817
289 64819
289 64852
289 64861
289 65976
289 65976
289 65979
289 65984
289 65992
289 65997
289 65999
289 66001
289 66004
289 66007
289 66009
289 66010
289 66013
289 66052
289 66067
289 66070
138 66096
289 66109
289 66110
289 66115
289 66117
289 66119
289 66123
289 66243
289 66246
289 66248
289 66248
289 66250
289 66250
289 66259
289 66260
289 66260
289 66260
289 66261
289 66262
289 66262
289 66264
289 66266
289 66267
289 66322
289 66326
289 66333
289 66358
289 66359
289 66359
289 66361
289 66361
289 66361
289 66362
289 66363
289 66364
289 66365
289 66366
289 66368
289 66368
289 66368
289 66369
289 66370
289 66370
289 66374
289 66375
289 66375
289 66382
289 66387
289 66387
289 66387
289 66388
289 66389
289 66390
87 66652
289 66816
289 66817
289 66819
289 66820
289 66820
289 66821
289 66821
289 66823
289 66824
289 66824
289 66824
289 66825
289 66825
289 66825
289 66826
289 66826
289 66830
289 66830
289 66830
289 66830
289 66830
289 66830
289 66831
289 66831
289 66834
289 66837
138 67289
12 67663
12 67666
12 67666
12 67668
12 67668
12 67668
12 67668
12 67669
12 67669
12 67669
12 67670
12 67670
12 67670
14 67853
14 67859
14 67860
14 67861
289 68090
289 68091
289 68094
289 68098
289 68102
289 68105
289 68108
289 68110
289 68114
289 68115
289 68118
289 68119
289 68121
289 68121
289 68124
289 68124
289 68129
289 68129
289 68129
289 68132
289 68133
289 68136
289 68145
289 68181
289 68193
289 68201
289 68203
289 68207
289 68208
289 68209
289 68210
289 68210
289 68211
289 68212
289 68212
289 68212
289 68213
289 68213
289 68213
289 68214
289 68218
289 68219
289 68223
289 68224
289 68228
289 68235
289 68244
289 68264
289 68274
289 68275
289 68275
289 68276
289 68277
289 68279
289 68281
289 68281
289 68282
289 68283
289 68285
289 68286
289 68292
289 68324
289 68324
289 68326
289 68332
289 68343
289 68349
289 68353
289 68353
289 68354
289 68355
289 68355
289 68360
289 68360
289 68361
289 68361
289 68362
289 68362
289 68362
289 68363
289 68363
289 68363
289 68364
289 68365
289 68365
289 68365
289 68406
289 68409
289 68410
289 68421
289 68423
289 68427
289 68427
289 68429
289 68430
289 68431
289 68437
289 68439
289 68441
289 68444
289 68445
289 68447
289 68448
289 68451
289 68459
289 68464
289 68465
289 68467
289 68468
289 68470
289 68479
289 68485
289 68487
289 68491
138 68494
289 68494
289 68495
289 68501
289 68503
289 68508
289 68509
289 68513
289 68513
289 68519
289 68519
289 68525
289 68528
289 68530
289 68530
289 68536
289 68537
289 68538
289 68539
289 68545
289 68546
289 68548
289 68549
87 68806
142 68947
289 69277
289 69278
289 69278
289 69281
289 69281
289 69281
289 69282
289 69283
289 69284
289 69285
289 69286
289 69286
289 69287
289 69287
289 69288
289 69289
289 69290
289 69290
289 69292
289 69295
289 69299
138 69511
87 69518
138 69997
289 70576
289 70577
289 70578
289 70578
289 70579
289 70580
289 70580
289 70580
289 70580
289 70581
289 70581
289 70581
289 70581
289 70582
289 70582
289 70582
289 70582
289 70582
289 70583
289 70583
289 70584
289 70584
289 70586
289 70586
289 70587
87 70671
106 70699
106 70702
106 70705
106 70709
106 70712
106 70715
289 70765
289 70765
289 70765
289 70765
289 70765
289 70765
150 70771
150 70774
150 70776
99 71006
289 71034
289 71034
289 71035
289 71035
289 71035
289 71035
289 71035
289 71036
289 71036
289 71037
289 71038
289 71039
289 71040
289 71040
289 71041
289 71041
289 71041
99 71041
289 71041
289 71043
289 71043
289 71046
289 71048
289 71049
289 71053
289 71054
289 71059
99 71075
289 71091
289 71092
289 71092
289 71092
289 71093
289 71093
289 71093
289 71094
289 71096
289 71098
289 71149
289 71150
289 71151
289 71151
289 71151
289 71152
289 71152
289 71152
289 71152
289 71152
289 71152
289 71153
289 71153
289 71153
289 71154
289 71154
12 71164
12 71167
12 71167
12 71167
12 71168
12 71168
12 71168
12 71168
12 71170
12 71170
12 71170
12 71170
12 71171
12 71171
12 71171
12 71173
14 71260
14 71263
14 71266
14 71266
14 71271
138 71279
14 71279
14 71282
14 71286
14 71287
14 71289
14 71289
14 71297
14 71297
289 71320
289 71320
289 71320
289 71320
289 71320
289 71320
289 71320
289 71320
289 71320
14 71350
14 71363
12 71406
12 71409
12 71409
12 71410
12 71410
12 71410
12 71410
12 71412
12 71412
14 71419
14 71425
14 71425
14 71467
289 71475
289 71480
289 71483
289 71488
289 71494
289 71496
289 71498
289 71501
289 71502
289 71503
289 71508
289 71510
289 71510
289 71516
289 71517
289 71517
138 72042
14 72072
14 72080
14 72085
14 72089
14 72097
14 72214
289 72267
289 72269
289 72269
289 72270
289 72285
289 72290
289 72339
138 72358
289 72358
289 72359
289 72359
289 72364
289 72364
289 72367
289 72686
289 72689
289 72689
289 72690
289 72693
289 72695
289 72695
289 72695
289 72695
289 72696
289 72696
289 72697
289 72697
289 72698
289 72698
289 72698
289 72699
289 72700
289 72700
289 72702
289 72702
289 72702
289 72704
289 72705
289 72706
289 72706
12 73038
12 73041
12 73043
12 73043
12 73043
12 73043
12 73044
12 73051
12 73054
12 73054
12 73055
12 73055
12 73057
14 73114
14 73114
14 73114
14 73114
14 73115
14 73117
14 73117
14 73118
14 73118
14 73120
14 73130
14 73133
14 73160
138 73398
138 73584
99 73799
12 74030
12 74033
12 74033
12 74033
12 74034
12 74036
12 74039
12 74047
12 74050
289 74090
289 74091
289 74093
289 74093
289 74093
289 74096
289 74103
289 74106
289 74107
289 74111
289 74111
289 74112
289 74112
289 74113
289 74122
289 74122
289 74123
289 74124
289 74137
289 74142
289 74144
289 74145
289 74145
289 74145
289 74145
289 74145
289 74145
289 74145
289 74145
289 74145
289 74145
289 74145
289 74146
289 74147
289 74149
289 74158
289 74159
289 74159
289 74174
138 74476
289 74570
289 74572
289 74593
289 74594
289 74599
289 74600
12 74610
12 74613
12 74613
12 74613
12 74614
12 74614
14 74617
14 74620
14 74620
14 74620
14 74621
14 74621
824 74882
14 74929
14 74945
14 74949
14 75150
14 75187
14 75192
14 75198
14 75200
289 75311
289 75313
289 75314
289 75318
824 75397
824 75460
12 75641
12 75644
12 75645
12 75645
12 75646
12 75646
12 75646
12 75646
12 75646
14 75648
12 75648
12 75648
12 75648
14 75652
14 75653
14 75653
14 75653
14 75653
14 75655
14 75655
14 75819
14 75829
289 75864
289 75865
289 75865
289 75865
289 75865
289 75866
289 75867
289 75867
289 75869
289 75870
289 75871
289 75872
289 75873
289 75873
289 75874
289 75877
289 75878
87 75878
289 75879
289 75880
289 75881
289 75884
289 75886
289 75889
289 75948
289 75949
289 75983
289 75996
289 76022
289 76028
289 76205
289 76207
289 76207
289 76208
289 76211
289 76212
289 76214
289 76215
289 76221
289 76226
12 76258
12 76261
12 76261
12 76263
12 76263
12 76263
12 76263
12 76264
12 76264
12 76264
14 76268
14 76270
14 76270
14 76271
14 76271
289 76296
289 76297
289 76299
289 76300
289 76302
289 76303
289 76303
289 76305
289 76305
289 76305
289 76305
289 76305
289 76306
289 76307
289 76309
289 76311
289 76318
289 76320
289 76322
289 76322
87 76371
289 76371
289 76373
289 76374
289 76377
289 76378
289 76378
289 76382
289 76383
289 76383
289 76386
289 76386
289 76388
289 76389
289 76389
289 76389
289 76406
289 76406
289 76408
289 76427
289 76431
289 76432
289 76440
289 76446
289 76446
289 76447
289 76452
289 76453
289 76454
289 76455
289 76458
289 76458
289 76458
289 76459
289 76462
289 76467
289 76475
289 76490
289 76512
289 76518
289 76530
289 76532
289 76538
289 76538
289 76541
289 76543
289 76547
289 76548
289 76548
289 76551
289 76552
289 76554
289 76555
289 76556
289 76558
289 76561
289 76561
289 76562
289 76563
289 76566
289 76593
289 76595
289 76602
289 76606
289 76607
289 76608
289 76610
289 76614
289 76616
289 76616
289 76618
289 76618
289 76622
289 76623
289 76628
289 76628
289 76630
289 76632
289 76643
289 76646
289 76659
289 76686
289 76700
289 76706
289 76708
289 76709
289 76710
289 76710
289 76711
289 76712
289 76712
289 76713
289 76713
289 76714
289 76716
289 76717
289 76718
289 76718
289 76729
289 76734
106 76755
289 76781
289 76786
289 76791
289 76812
289 76814
289 76814
289 76821
289 76824
289 76830
289 76833
289 76834
289 76836
289 76837
289 76838
289 76839
289 76842
289 76845
289 76846
289 76852
289 76853
289 76858
289 76859
289 76862
289 76864
289 76935
289 76935
289 76936
289 76938
289 76938
289 76938
289 76938
289 76939
289 76940
289 76940
289 76940
289 76940
289 76940
289 76940
289 76941
289 76941
289 76942
289 76943
289 76943
289 76943
289 76945
289 76947
289 76947
289 76947
289 76948
289 76949
289 76949
289 76950
289 76950
289 76951
289 76953
289 76955
289 76991
289 76999
289 77002
289 77004
289 77006
289 77006
289 77007
289 77007
289 77008
289 77016
289 77016
289 77027
289 77029
289 77040
289 77045
289 77047
289 77049
289 77049
289 77052
289 77052
289 77056
289 77063
289 77063
289 77084
289 77087
289 77090
289 77093
289 77113
289 77113
289 77120
289 77122
289 77123
289 77123
289 77124
289 77126
289 77126
289 77127
289 77128
289 77129
289 77133
289 77135
289 77139
289 77163
289 77164
289 77164
289 77180
289 77185
289 77187
289 77190
289 77191
289 77192
289 77197
289 77202
289 77202
289 77203
289 77204
289 77208
289 77209
289 77211
289 77215
289 77218
289 77223
289 77229
289 77229
289 77233
289 77235
289 77283
289 77290
289 77292
289 77295
289 77300
289 77305
289 77307
289 77307
289 77309
289 77313
289 77330
289 77330
289 77331
289 77331
289 77332
289 77333
289 77345
289 77386
289 77394
289 77398
289 77403
289 77404
289 77658
289 77660
289 77660
289 77663
289 77671
289 77673
289 77673
289 77674
289 77675
289 77677
289 77677
289 77678
289 77684
289 77684
289 77687
289 77687
289 77698
289 77699
289 77724
289 77730
289 77770
289 77773
289 77776
289 77780
289 77782
289 77782
289 77784
289 77786
289 77786
289 77788
289 77797
289 77804
289 77817
289 77820
289 77837
289 77838
289 77840
289 77840
289 77841
289 77841
289 77843
289 77846
289 77890
289 77897
289 77904
289 77907
289 77909
289 77915
289 77916
289 77921
289 77934
289 77934
289 77937
289 77937
289 77938
289 77938
289 77938
289 77942
289 77944
289 77947
289 77951
289 77952
289 77952
289 77952
289 77991
289 77996
289 78031
289 78035
289 78038
289 78038
289 78041
289 78042
289 78043
289 78043
289 78043
289 78044
289 78044
289 78045
289 78046
289 78046
289 78047
289 78048
289 78051
289 78054
289 78059
289 78065
289 78066
289 78066
289 78068
289 78068
289 78096
289 78102
289 78105
289 78116
289 78119
289 78127
289 78129
289 78138
289 78142
289 78145
289 78149
289 78163
289 78171
289 78174
289 78236
289 78237
289 78238
289 78239
289 78240
289 78240
289 78241
289 78241
289 78242
289 78244
289 78250
289 78251
289 78252
289 78260
289 78268
289 78268
289 78444
289 78450
289 78453
289 78457
289 78459
289 78461
289 78471
289 78475
289 78481
289 78483
289 78483
289 78485
289 78487
289 78488
289 78489
289 78489
289 78492
289 78493
289 78494
14 78500
14 78502
14 78505
14 78519
87 79053
12 79435
12 79439
12 79439
12 79439
12 79439
12 79441
12 79441
12 79441
14 79442
12 79442
12 79442
12 79442
12 79444
12 79444
12 79444
12 79444
14 79446
14 79446
14 79449
12 79451
12 79451
14 79451
14 79456
14 79456
14 79458
14 79486
14 79489
14 79490
14 79491
14 79491
14 79608
14 79611
14 79614
14 79617
87 79971
86 80398
87 80873
87 80919
289 81353
289 81356
289 81372
289 81373
289 81375
289 81376
289 81387
289 81388
289 81389
289 81392
138 81431
138 81448
289 81466
138 81550
12 81656
12 81659
12 81661
12 81661
12 81661
12 81661
12 81661
12 81662
12 81662
12 81662
12 81662
88 81679
14 81869
14 81869
14 81874
14 81876
289 81905
289 81909
289 81913
289 81915
289 81918
289 81921
289 81923
289 81923
14 81924
14 81924
289 81927
289 81927
14 81927
14 81948
14 81949
138 82097
12 82262
12 82267
12 82267
12 82267
12 82267
12 82268
12 82268
87 82731
87 82731
87 82951
87 82966
14 83074
14 83099
14 83109
289 83178
289 83178
289 83178
289 83178
289 83178
289 83178
289 83178
289 83178
289 83178
138 83187
14 83330
14 83362
14 83362
14 83363
138 83396
138 83441
289 83581
289 83594
289 83661
289 83664
289 83679
289 83695
289 83762
289 83772
289 83776
289 83787
87 84003
289 84484
289 84485
289 84488
289 84489
289 84491
12 84610
12 84613
12 84613
12 84613
12 84614
12 84614
12 84614
12 84614
12 84616
12 84616
14 84617
12 84617
12 84619
14 84620
14 84620
14 84620
14 84621
14 84621
14 84621
14 84621
14 84623
14 84623
14 84624
14 84626
289 84706
289 84710
289 84713
289 84716
289 84722
87 84903
12 84915
87 84915
12 84919
12 84919
14 85054
14 85054
14 85058
12 85357
14 85500
87 85528
289 85608
289 85609
289 85611
289 85614
289 85616
289 85617
87 85801
289 85972
289 86033
289 86038
289 86039
289 86040
289 86042
289 86043
87 86087
12 86480
12 86484
12 86484
12 86484
12 86484
12 86486
138 86661
87 86755
14 86759
14 86763
138 87012
14 87019
87 87044
12 87115
138 87320
138 87328
14 87394
87 87465
87 87533
138 87618
12 87636
12 87640
12 87640
138 87641
87 87877
87 87890
87 87890
87 87909
87 87952
12 87994
14 88067
14 88071
14 88071
138 88191
138 88211
12 88255
138 88316
138 88335
138 88357
87 88457
87 88519
87 88531
87 88534
14 88585
87 88660
87 88661
87 88672
14 88774
87 88787
87 88794
87 88923
12 89049
12 89054
12 89054
12 89054
12 89055
138 89129
12 89153
138 89157
87 89255
87 89269
87 89271
87 89276
14 89342
14 89344
14 89349
14 89349
14 89349
87 89415
87 89440
87 89445
14 89520
87 89685
87 89686
87 89917
87 89917
87 89928
87 89938
87 89999
87 90012
87 90020
87 90046
12 90407
12 90411
12 90411
12 90411
87 90471
87 90515
87 90527
87 90599
87 90616
87 90628
87 90690
87 90777
14 90778
14 90782
14 90794
14 90794
87 90827
138 90926
138 90966
138 91004
12 91115
12 91118
87 91236
87 91243
87 91618
87 91649
87 91654
87 91659
138 91685
138 91698
14 91701
14 91706
138 91727
12 91882
14 91889
12 91918
12 91922
12 91922
14 91925
14 91929
14 91945
87 92200
87 92227
87 92554
87 92555
87 92555
87 92560
87 92862
87 92865
87 92869
87 92914
87 92968
12 93097
12 93101
12 93101
87 93219
87 93231
87 93233
14 93308
14 93320
14 93324
87 93578
87 93617
87 93690
12 93699
12 93702
14 93850
14 93861
87 93930
87 93967
87 93977
87 94274
87 94354
12 94362
12 94365
12 94365
138 94540
138 94553
138 94577
14 94588
14 94588
14 94601
87 94607
87 94612
138 94613
87 95371
87 95383
87 95752
87 95753
87 95769
87 95784
87 95828
12 95986
12 95989
12 95990
12 95990
12 95990
14 96205
14 96221
87 96299
14 96389
14 96393
12 96444
12 96447
14 96452
14 96851
14 96862
87 97149
87 97172
12 97290
12 97295
12 97295
12 97295
14 97518
14 97518
14 97521
14 97526
87 97653
289 97676
289 97681
289 97725
289 97729
289 97744
289 97769
289 97776
289 97781
12 97787
12 97791
12 97791
289 97796
12 97799
12 97799
14 97862
14 97870
14 97874
14 97878
14 97886
138 97937
138 97941
87 98113
87 98123
87 98148
87 98348
12 99013
12 99018
12 99018
12 99018
12 99019
12 99019
14 99146
14 99153
14 99156
14 99161
14 99170
14 99265
138 99332
87 99358
87 99711
87 99721
87 99945
87 99957
12 100394
12 100397
12 100398
12 100398
12 100398
12 100398
87 100520
87 100544
99 100689
14 100692
14 100693
14 100693
14 100693
14 100693
14 100697
289 100963
289 100964
289 100976
289 100977
289 100990
289 100991
138 101106
138 101111
138 101120
87 101136
87 101150
12 101194
87 101201
14 101337
289 101726
289 101727
289 101728
289 101728
289 101729
289 101731
87 101876
289 101941
289 101945
289 101970
289 101970
87 101975
87 101977
289 101993
289 101993
289 102016
289 102042
289 102055
289 102067
289 102089
289 102092
12 102101
12 102104
12 102104
12 102104
12 102105
289 102106
14 102108
289 102121
289 102131
14 102143
14 102144
289 102146
14 102151
14 102159
289 102162
289 102172
289 102188
289 102202
289 102212
289 102227
289 102241
289 102251
87 102276
87 102294
87 102302
87 102346
87 102474
289 102548
289 102548
289 102572
289 102573
87 102581
289 102589
289 102590
87 102605
289 102621
289 102644
289 102662
289 102662
289 102685
289 102701
289 102702
289 102723
289 102737
289 102741
289 102764
289 102773
289 102782
289 102804
289 102812
289 102823
289 102844
289 102853
289 102861
289 102884
289 102892
289 102901
87 102943
87 102943
12 102965
12 102971
12 102978
12 102979
14 103137
14 103146
14 103164
14 103170
87 103203
289 103284
289 103287
289 103289
289 103290
289 103291
289 103293
87 103328
289 103484
289 103485
289 103485
289 103485
289 103486
289 103487
289 103537
289 103539
289 103541
289 103613
289 103636
289 103639
289 103640
289 103662
289 103666
289 103684
289 103704
289 103724
289 103727
289 103728
289 103742
289 103752
87 103775
87 103784
87 103790
87 103820
87 103910
99 103978
99 103981
138 104025
138 104036
138 104062
12 104550
12 104552
12 104552
12 104554
12 104554
12 104554
12 104554
87 104668
87 104794
87 104853
87 104854
87 104855
14 105095
14 105097
14 105097
14 105117
14 105119
87 105121
14 105137
87 105140
14 105145
87 105173
87 105227
289 105300
289 105306
289 105496
289 105500
289 105548
289 105549
289 105554
289 105595
87 105628
289 105666
289 105679
289 105682
289 105685
87 105776
289 106030
289 106034
289 106054
289 106057
289 106098
289 106123
289 106138
289 106163
289 106178
289 106203
289 106218
12 106234
12 106238
12 106238
12 106238
12 106238
12 106238
12 106240
14 106241
289 106243
14 106245
14 106245
14 106277
14 106277
14 106277
14 106287
87 106429
289 106613
289 106616
289 106715
289 106721
289 106736
289 106740
289 106777
87 106779
289 106845
289 106949
289 106950
289 106958
289 106960
87 106989
289 107016
289 107030
289 107053
289 107070
87 107108
289 107165
289 107170
289 107175
289 107177
289 107236
289 107245
138 107322
289 107439
289 107441
289 107443
289 107444
289 107499
289 107503
12 107682
12 107685
12 107685
12 107685
12 107686
12 107686
14 107692
289 107695
289 107696
289 107698
289 107700
14 107721
14 107725
14 107725
14 107740
14 107740
289 107796
289 107906
289 107907
289 107915
289 107916
289 108028
289 108028
289 108030
289 108039
289 108158
289 108161
289 108162
12 108176
289 108177
289 108330
289 108332
289 108333
289 108333
14 108415
289 108427
289 108594
289 108594
289 108615
289 108617
289 108664
289 108704
289 108706
289 108726
289 108743
289 108812
289 108816
289 108827
289 108837
12 108944
12 108949
12 108949
12 108949
12 108950
289 108974
289 108977
14 108983
14 108988
14 108988
14 108989
14 108996
289 109065
