104 290
104 672
104 967
104 970
104 1426
104 1508
104 1576
104 2006
104 2085
104 2103
104 2136
104 2265
104 2742
105 3134
105 3134
105 3137
105 3137
104 3222
104 3316
104 3454
104 3457
126 3536
126 3539
104 3772
104 4082
104 4085
104 4151
105 4479
105 4479
105 4529
105 4529
104 4552
104 4682
104 4695
104 4698
105 4847
105 4847
105 4852
105 4852
105 4895
105 4895
105 4924
105 4924
105 4981
105 4981
9 5221
105 5242
105 5242
9 5288
9 5291
9 5480
9 5494
105 5603
105 5603
105 5609
105 5609
105 5609
105 5609
105 5610
105 5610
105 5610
105 5610
105 5610
105 5610
105 5612
105 5612
105 5823
105 5823
105 5967
105 5967
105 6141
105 6141
105 6147
105 6147
105 6147
105 6147
105 6149
105 6149
105 6149
105 6149
105 6149
105 6149
105 6271
105 6271
105 6328
105 6328
126 6436
9 6466
9 6472
9 6472
9 6473
105 6480
105 6480
105 6485
105 6485
105 6563
105 6563
105 6629
105 6629
9 6742
9 6747
105 6766
105 6766
105 6772
105 6772
105 6930
105 6930
105 6936
105 6936
105 7024
105 7024
105 7027
105 7027
105 7185
105 7185
105 7457
105 7457
105 7464
105 7464
105 7464
105 7464
105 7464
105 7464
105 7466
105 7466
105 7480
105 7480
105 7486
105 7486
105 7679
105 7679
105 7684
105 7684
105 7686
105 7686
105 7686
105 7686
105 7686
105 7686
105 7687
105 7687
105 7687
105 7687
105 7729
105 7729
105 7735
105 7735
105 7794
105 7794
105 7843
105 7843
105 7847
105 7847
9 7888
9 7894
9 7895
9 7895
9 7957
105 8051
105 8051
105 8057
105 8057
105 8115
105 8115
105 8201
105 8201
105 8243
105 8243
105 8364
105 8364
105 8371
105 8371
105 8371
105 8371
105 8442
105 8442
105 8447
105 8447
105 8449
105 8449
105 8578
105 8578
105 8584
105 8584
105 8584
105 8584
105 8747
105 8747
105 8788
105 8788
105 8794
105 8794
104 8902
104 9032
104 9058
104 9114
104 9180
104 9310
104 9317
104 9317
104 9383
104 9389
104 9520
104 9523
104 10032
104 10038
104 10038
104 10038
104 10096
104 10241
104 10244
104 10247
104 10250
104 10261
104 10683
104 10735
104 10742
104 10742
104 10742
104 10744
104 10744
126 11248
110 11383
110 11485
110 11488
110 11543
110 11546
110 11787
110 11851
110 11854
110 12005
110 12009
110 12015
110 12018
110 12085
110 12238
110 12290
110 12297
110 12297
110 12366
110 12369
110 12429
110 12439
110 12530
110 12742
110 12745
104 12788
104 12790
110 13257
110 13260
110 13264
110 13267
110 13365
110 13368
110 13402
110 13503
110 13506
110 13558
110 13605
110 13703
110 13709
110 13712
110 13872
110 13877
110 13877
110 14535
110 14541
110 14541
110 14542
110 14542
110 14750
110 14755
110 14757
110 14757
110 14757
110 15042
110 15048
110 15048
110 15049
110 15049
