106 683
86 1122
88 1571
89 1702
106 2847
96 3888
86 4165
106 4627
90 4720
97 4802
106 5055
88 5549
106 5861
88 5878
138 6426
106 6860
106 6863
106 6994
106 7081
87 7163
106 7171
106 7335
12 7377
17 7385
106 7564
106 7686
88 8335
88 8465
106 8692
12 8797
17 8804
88 9057
106 9333
106 9737
106 9740
106 9832
106 10076
106 10078
12 10131
17 10138
106 10171
86 10545
106 11044
12 12709
17 12716
12 12905
17 12912
12 13585
17 13592
88 13833
12 15447
12 15450
12 15452
17 15454
17 15457
17 15459
94 16008
88 16370
91 16819
