104 290
104 669
104 985
104 993
104 1448
104 1534
104 1616
104 2035
104 2091
104 2257
104 2504
104 2742
104 3204
104 3212
104 3281
104 3476
104 3515
126 3552
126 3566
104 3790
104 3831
105 4002
105 4002
105 4083
105 4083
104 4200
104 4313
105 4545
105 4545
104 4650
104 4657
104 4657
104 4659
104 4767
105 4817
105 4817
104 4886
126 4981
104 5049
104 5203
104 5255
104 5262
104 5291
104 5298
104 5298
104 5373
104 5440
104 5466
104 5609
104 5725
104 5761
104 5879
104 5905
104 5917
104 5984
104 5992
104 5992
104 6487
104 6493
104 6494
104 6494
104 6520
105 6521
105 6521
104 6543
105 6730
105 6730
105 6733
105 6733
104 6755
104 6760
104 6762
104 6762
104 6763
104 6788
104 6899
104 6926
104 7009
110 7526
110 7532
110 7534
110 7534
110 7535
110 7535
110 7593
110 7600
110 7728
110 7734
110 7863
110 7996
110 8001
110 8253
110 8259
110 8260
110 8260
9 8415
110 8430
110 8436
110 8438
9 8619
110 8645
110 8652
110 8653
110 8769
104 8878
110 8892
110 8900
110 8900
104 8990
104 9055
104 9061
104 9130
104 9183
104 9190
104 9190
104 9192
104 9192
104 9193
104 9193
104 9194
110 9592
110 9599
126 9790
110 9842
110 9848
110 10048
110 10055
110 10055
110 10057
110 10058
110 10058
110 10192
110 10198
110 10430
110 10437
110 10437
110 10438
110 10438
110 10440
110 10605
110 10611
110 10836
110 10843
110 10843
110 10844
110 10844
110 10846
110 10846
110 10993
110 11000
110 11000
110 11001
110 11309
110 11315
110 11316
110 11316
110 11318
110 11318
110 11319
110 11319
110 11321
110 11476
110 11483
110 11485
110 11655
110 11702
110 11709
110 11764
110 11997
110 12005
110 12005
110 12006
110 12006
110 12007
110 12007
110 12009
110 12017
110 12088
110 12246
110 12252
110 12254
110 12254
104 12356
110 12357
104 12361
104 12363
104 12363
104 12364
104 12379
104 12384
104 12389
110 12589
110 12596
110 12777
110 12783
110 12785
110 12785
110 12786
110 13271
110 13278
110 13278
110 13278
110 13280
110 13281
110 13281
110 13283
