104 289
104 659
104 973
104 980
104 1436
104 1511
104 1581
104 2002
104 2074
104 2169
104 2259
104 2501
104 2792
105 3130
105 3130
104 3299
105 3380
105 3380
104 3486
104 3507
126 3530
126 3533
104 3695
104 3699
104 3965
104 4052
104 4319
104 4646
104 4646
104 4646
104 4662
104 4669
104 4669
126 4672
104 4689
104 4797
104 4957
104 5104
104 5111
104 5239
104 5246
104 5246
104 5248
104 5248
104 5425
104 5436
104 5528
104 5623
104 5804
104 5837
104 6006
104 6011
104 6013
104 6026
110 6202
110 6208
110 6209
110 6209
110 6211
110 6654
110 6748
110 6791
110 6928
110 6935
110 6935
104 6969
104 6976
104 6976
110 7161
110 7168
110 7168
110 7170
110 7470
110 7600
110 7603
110 7607
110 7610
104 7623
104 7629
104 7630
104 7630
104 7631
104 7745
104 7752
104 7752
104 7754
104 7840
110 8053
104 8249
104 8255
104 8258
104 8288
110 8324
110 8328
104 8338
104 8344
104 8368
126 8493
104 9121
104 9126
104 9130
104 9134
104 9143
104 9147
104 9237
104 9270
107 9415
107 9420
107 9422
107 9422
107 9718
107 9724
107 9724
107 9726
107 9728
104 9768
104 9775
104 9795
104 9802
107 9949
107 9954
107 9956
107 9956
104 9983
107 10576
107 10581
107 10582
107 10584
107 10586
110 10695
110 10701
110 10701
110 10823
110 10829
110 10942
110 10950
110 10950
110 11155
110 11386
110 11391
110 11391
110 11393
110 11648
110 11653
110 11655
110 11655
110 11656
110 11656
110 11733
110 11874
110 11924
110 11930
