104 286
104 649
104 948
104 949
104 1413
104 1498
104 1560
104 1997
104 2068
104 2119
104 2232
104 2490
105 3085
105 3085
105 3095
105 3095
104 3214
104 3290
104 3438
104 3447
126 3487
126 3488
104 3912
104 4254
104 4257
104 4318
104 4450
104 4537
126 4558
104 4568
104 4620
104 4627
104 4629
104 4685
105 4857
105 4857
104 4862
104 4934
104 5236
104 5455
104 5458
104 5474
104 5517
104 5546
104 5648
105 5734
105 5734
126 5742
104 5769
104 5772
104 5819
105 5838
105 5838
104 5929
104 6034
104 6365
104 6470
104 6486
104 6496
126 6510
104 6548
104 6556
104 6559
104 6723
104 6748
104 6750
104 6974
104 6976
104 7033
105 7044
105 7044
105 7045
105 7045
110 7338
110 7341
110 7344
110 7489
110 7551
110 7606
104 7839
104 8124
104 8127
104 8171
104 8174
104 8177
104 8219
104 8220
104 8304
104 8307
104 8308
104 8321
104 8322
104 8338
104 8368
104 8406
126 8442
104 8446
126 8548
126 8551
104 8560
104 8656
104 8815
104 8816
104 8879
104 8950
104 9061
104 9064
104 9225
104 9265
104 9268
126 9297
104 9329
104 9331
104 9396
104 9429
104 9532
104 9583
104 9586
104 9621
104 9634
107 10078
107 10084
107 10084
107 10084
107 10084
107 10085
107 10085
104 10110
104 10113
104 10148
107 10150
104 10198
107 10209
104 10325
104 10441
104 10540
107 10668
104 10700
104 10703
104 11014
104 11021
9 11023
104 11052
107 11202
107 11207
107 11207
107 11208
107 11208
107 11208
107 11208
105 11486
105 11486
105 11489
105 11489
107 11570
107 11572
105 11572
105 11572
105 11575
105 11575
104 11643
104 11646
105 11652
105 11652
105 11653
105 11653
105 11783
105 11783
105 11785
105 11785
105 11882
105 11882
105 11885
105 11885
9 11976
9 11981
9 11981
9 11982
9 11982
9 11982
9 11983
9 11983
9 11983
105 12173
105 12173
105 12178
105 12178
105 12178
105 12178
105 12180
105 12180
105 12180
105 12180
105 12181
105 12181
105 12181
105 12181
105 12232
105 12232
105 12233
105 12233
105 12296
105 12296
105 12299
105 12299
105 12301
105 12301
105 12435
105 12435
105 12437
105 12437
105 12566
105 12566
105 12568
105 12568
105 12574
105 12574
105 12574
105 12574
105 12662
105 12662
105 12666
105 12666
105 12666
105 12666
105 12666
105 12666
105 12668
105 12668
105 12668
105 12668
105 12668
105 12668
105 12668
105 12668
105 12669
105 12669
105 12669
105 12669
105 12800
105 12800
105 12920
105 12920
105 12924
105 12924
105 12924
105 12924
105 13048
105 13048
105 13149
105 13149
105 13154
105 13154
105 13154
105 13154
105 13156
105 13156
105 13156
105 13156
105 13285
105 13285
105 13290
105 13290
105 13290
105 13290
105 13290
105 13290
105 13291
105 13291
9 13449
9 13455
9 13455
9 13455
9 13456
9 13456
9 13456
9 13456
9 13456
9 13457
9 13457
9 13457
9 13459
9 13459
9 13459
9 13611
9 13616
9 13616
9 13617
9 13617
9 13617
9 13617
9 13619
9 13619
9 13619
112 13724
112 13727
112 13730
105 13788
105 13788
105 13792
105 13792
105 13792
105 13792
105 13793
105 13793
105 13793
105 13793
105 13793
105 13793
105 13795
105 13795
112 13821
112 14018
112 14021
105 14158
105 14158
105 14162
105 14162
105 14162
105 14162
105 14163
105 14163
105 14163
105 14163
105 14163
105 14163
105 14163
105 14163
105 14165
105 14165
105 14165
105 14165
105 14201
105 14201
105 14205
105 14205
105 14398
105 14398
105 14404
105 14404
105 14404
105 14404
105 14404
105 14404
105 14404
105 14404
105 14510
105 14510
105 14513
105 14513
105 14516
105 14516
105 14604
105 14604
105 14608
105 14608
105 14610
105 14610
105 14610
105 14610
105 14610
105 14610
105 14610
105 14610
9 14957
9 14962
112 15200
9 15238
105 15502
105 15502
105 15506
105 15506
105 15506
105 15506
105 15508
105 15508
9 15802
9 15807
9 15807
9 15807
9 15808
9 15808
9 15808
9 15808
9 15809
9 15809
9 15809
9 15809
9 15811
9 15811
9 15811
9 15812
105 16228
105 16228
105 16232
105 16232
105 16232
105 16232
105 16233
105 16233
105 16233
105 16233
105 16337
105 16337
105 16341
105 16341
105 16341
105 16341
105 16343
105 16343
105 16343
105 16343
105 16343
105 16343
105 16343
105 16343
105 16344
105 16344
105 16562
105 16562
105 16566
105 16566
105 16566
105 16566
105 16567
105 16567
105 16567
105 16567
105 16567
105 16567
9 16623
9 16627
9 16627
9 16629
9 16629
9 16629
9 16629
9 16630
9 16630
9 16630
