106 692
86 1118
88 1588
89 1689
106 2881
86 3608
138 3625
87 4348
138 4353
106 4400
106 4868
87 4982
87 5005
106 5550
88 5690
88 5731
87 5781
87 5803
106 6159
106 6303
87 6385
138 6493
88 6515
106 6573
99 6671
88 6738
87 6786
92 6913
106 6961
99 6969
99 6998
138 7270
87 7367
87 7378
87 7428
88 7504
90 7651
99 7846
99 7856
99 7906
106 7938
87 8293
106 8514
106 8604
96 8874
12 9242
15 9249
86 9552
87 9902
87 9969
87 9971
106 10160
90 10281
106 10296
86 10326
106 10509
87 10516
87 10541
138 10656
138 10671
87 10684
138 11433
94 11563
88 11598
87 11661
87 11675
138 11865
87 12092
87 12098
138 12314
138 12386
87 12496
106 13129
87 13224
106 13229
87 13236
106 13310
106 13321
106 13332
87 13345
106 13359
87 13370
106 13373
87 13375
106 13388
106 13401
87 13677
106 13693
87 14007
87 14055
106 14174
138 14176
93 14254
87 14283
87 14299
138 14465
138 14530
138 14577
138 14578
87 14742
87 14748
87 15184
87 15186
87 15188
87 15199
87 15211
138 15246
86 15274
138 15291
138 15308
138 15348
