106 690
86 1096
88 1584
89 1678
86 3061
88 3441
88 3523
106 3576
138 3798
106 4172
87 4341
138 4343
97 4854
87 4928
87 4937
138 4955
106 4999
138 5066
88 5186
87 5586
106 5602
87 5620
138 5705
88 5711
106 5937
106 5995
87 6040
106 6093
95 6177
87 6291
106 6303
106 6306
87 6311
99 6448
87 6642
87 7449
87 7568
142 7617
12 7977
15 7984
106 8096
142 8171
142 8491
87 9035
142 9600
90 9894
90 9897
138 9936
88 10416
88 10419
88 10457
87 10568
87 10611
92 10631
99 10755
87 10925
12 11028
12 11031
15 11035
15 11038
87 11236
87 11328
106 11587
106 11590
106 11590
106 11591
106 11715
106 11718
106 11820
106 11823
142 12255
