106 683
86 1074
89 1532
88 1925
106 2730
90 3612
97 4006
106 4080
138 4222
88 4386
88 4408
106 4918
87 5199
138 5404
106 5550
86 5609
12 5780
17 5787
106 5793
138 5891
87 5924
106 6350
87 6372
106 6588
87 6677
87 6695
106 6759
88 6960
106 7031
12 7037
17 7044
12 7106
17 7169
106 7856
106 8152
87 8208
106 8316
95 9028
87 9201
87 9283
106 9550
106 9668
106 9947
142 10172
142 10491
142 10812
88 10924
106 10982
142 11828
106 11886
106 11905
88 11972
106 12000
106 12104
86 12254
87 12307
106 12325
106 12779
12 13374
12 13377
17 13381
17 13384
