104 296
104 675
104 993
104 996
104 1105
104 1532
104 1600
104 2069
104 2124
104 2308
104 2537
104 2819
104 3074
105 3245
105 3245
104 3569
104 3612
126 3617
126 3871
104 3903
104 3941
105 3995
105 3995
104 4190
104 4223
104 4521
126 4670
104 4744
104 4745
104 4748
104 4751
104 4817
104 4835
126 4865
104 4940
104 5079
104 5154
104 5225
104 5291
104 5294
104 5344
104 5554
104 5557
104 5560
104 5563
104 5590
104 5593
104 5603
104 5723
104 5726
104 5891
104 5893
104 5895
104 5908
104 5911
104 5969
104 6035
104 6191
104 6324
110 6719
110 6726
110 6726
110 6728
110 6843
110 6844
110 6844
110 6846
110 7033
110 7043
110 7190
110 7286
110 7289
110 7496
110 7499
110 7502
110 7505
110 7597
104 7719
104 7722
104 7725
104 7775
104 7778
104 7781
104 8082
104 8600
104 8603
104 8606
110 8788
110 8789
110 8792
110 8838
110 8841
110 8939
110 8993
110 9002
110 9111
110 9114
110 9218
110 9219
110 9283
110 9425
110 9428
110 9431
110 9434
110 10097
110 10099
110 10102
110 10156
110 10158
110 10161
104 10166
104 10169
104 10172
104 10175
110 10188
110 10190
104 10221
104 10222
110 10234
104 10264
110 10277
110 10280
110 10588
110 10590
110 10642
110 10660
110 10701
110 10761
110 11009
110 11035
110 11068
110 11068
110 11068
110 11068
110 11085
110 11141
110 11144
110 11176
110 11436
110 11461
105 11462
105 11462
110 11462
105 11464
105 11464
110 11494
110 11495
