104 286
104 664
104 954
104 955
104 1036
104 1504
104 1587
104 1977
104 2071
104 2233
104 2485
104 2763
104 3011
104 3182
104 3257
126 3602
104 3746
105 3909
105 3909
104 3931
105 3962
105 3962
126 4094
104 4125
104 4185
104 4344
104 4527
104 4560
126 4591
104 4637
104 4822
104 4928
126 4941
104 4955
104 4958
104 4961
104 5104
104 5107
104 5184
104 5379
126 5502
104 5517
104 5599
104 5609
104 5648
104 5655
104 5661
104 5773
104 5776
105 6098
105 6098
105 6101
105 6101
104 6209
104 6224
104 6592
104 6594
104 6597
104 6630
105 6647
105 6647
105 6650
105 6650
105 6653
105 6653
105 6655
105 6655
104 6663
104 6832
104 6835
105 6989
105 6989
105 6991
105 6991
105 6993
105 6993
110 7201
110 7202
110 7202
110 7204
110 7204
110 7663
110 7666
110 7668
105 7770
105 7770
105 7773
105 7773
105 7773
105 7773
105 7773
105 7773
105 7773
105 7773
105 7773
105 7773
105 7774
105 7774
105 7774
105 7774
105 7774
105 7774
105 7774
105 7774
105 7774
105 7774
104 7996
104 7999
104 8001
104 8345
104 8348
104 8474
104 8477
104 8483
104 8589
104 8592
104 8592
104 8594
104 8594
104 8594
104 9090
104 9093
104 9096
104 9098
104 9394
104 9396
104 9455
104 9456
108 9754
108 9757
108 9757
108 9757
108 9757
108 9800
104 9809
104 10134
110 10152
110 10154
110 10154
110 10154
110 10154
110 10154
110 10156
110 10156
110 10156
110 10156
110 10516
110 10517
110 10520
110 10520
110 10703
110 10706
110 10706
110 10815
110 10818
110 10890
110 11001
110 11002
110 11002
110 11091
110 11093
110 11096
110 11345
110 11348
110 11348
110 11348
110 11436
110 11438
110 11581
110 11582
110 11584
110 11584
