104 320
104 649
104 967
104 967
104 1331
104 1521
104 1580
104 1992
104 2092
104 2261
104 2511
104 3235
105 3277
105 3277
105 3278
105 3278
104 3356
126 3490
104 3503
126 3665
104 3788
105 4263
105 4263
105 4313
105 4313
105 4362
105 4362
104 4384
105 4433
105 4433
126 4508
104 4564
104 4679
104 4682
104 4682
104 4682
104 4824
104 4837
104 4857
104 4915
104 5082
104 5229
104 5305
104 5474
104 5540
104 5559
104 5619
104 5662
104 5826
104 5828
105 5888
105 5888
105 5891
105 5891
104 5960
104 6006
105 6220
105 6220
105 6223
105 6223
110 6566
110 6569
110 6569
110 6571
110 6811
105 6896
105 6896
105 6897
105 6897
110 6929
110 7044
104 7156
104 7207
104 7234
104 7701
104 7703
104 7703
104 7703
104 7703
104 7787
104 7790
104 7821
104 7891
104 7932
126 8043
110 8160
104 8232
110 8307
110 8310
104 8331
104 8358
104 8436
104 8438
104 8497
104 8499
110 9180
110 9183
110 9186
110 9189
104 9741
494 9853
494 9856
494 9856
494 9856
494 10097
494 10389
494 10393
110 10610
110 10614
110 10614
110 10614
110 10614
110 10614
110 10614
110 10614
110 10823
110 10921
110 10924
105 10926
105 10926
105 11094
105 11094
105 11097
105 11097
105 11156
105 11156
110 11356
110 11358
