104 292
104 670
104 970
104 973
104 1449
104 1522
104 1599
104 2000
104 2071
104 2268
104 2520
104 2746
104 3034
104 3294
104 3297
104 3487
104 3490
126 3514
126 3517
104 3752
104 3992
104 3995
126 4358
105 4621
105 4621
105 4628
105 4628
105 4628
105 4628
105 4628
105 4628
105 4628
105 4628
105 4628
105 4628
105 4628
105 4628
105 4628
105 4628
105 4628
105 4628
105 4962
105 4962
104 5048
104 5048
105 5387
105 5387
105 5394
105 5394
105 5394
105 5394
105 5394
105 5394
105 5394
105 5394
105 5483
105 5483
105 5491
105 5491
105 5491
105 5491
104 5495
104 5523
105 5899
105 5899
105 5902
105 5902
104 5976
104 5976
104 5976
104 6257
104 6257
104 6258
104 6372
105 6842
105 6842
105 6850
105 6850
105 6850
105 6850
105 6850
105 6850
104 6930
104 6933
104 6936
104 6940
104 6943
104 7369
110 7397
110 7404
104 7418
104 7418
104 7418
104 7418
126 7726
104 7807
104 7807
104 7807
110 7832
110 7839
104 7955
110 8111
110 8292
110 8477
105 8482
105 8482
110 8484
105 8489
105 8489
104 8550
110 8625
104 8737
110 8764
104 8902
104 8902
104 8902
104 8986
104 8989
104 9028
126 9233
110 9365
110 9368
110 9371
110 9690
110 9805
110 9808
110 9919
110 9923
110 9968
110 10067
110 10070
104 10081
