104 287
104 676
104 985
104 988
104 1449
104 1541
104 1617
104 2036
104 2115
104 2275
104 2503
104 2743
105 3153
105 3153
105 3154
105 3154
126 3559
126 3560
104 3571
104 3605
104 3921
104 3923
104 3923
104 4253
104 4303
104 4337
104 4617
104 4619
126 4627
104 4669
104 4672
104 4675
104 4728
104 5189
104 5233
104 5258
104 5312
104 5343
126 5426
104 5458
126 5577
104 5767
104 5835
104 5934
104 5937
104 5937
105 6161
105 6161
105 6164
105 6164
105 6164
105 6164
126 6255
105 6318
105 6318
105 6320
105 6320
105 6321
105 6321
104 6743
104 6746
104 6761
104 6763
104 6763
104 6765
104 6765
104 6765
104 6765
104 6871
104 6968
104 6971
104 7008
104 7011
104 7082
104 7297
104 7495
104 7498
104 7663
104 7666
104 7669
110 7974
110 7977
110 7980
104 8099
104 8102
104 8102
104 8102
104 8102
104 8104
104 8187
104 8190
110 8235
110 8236
110 8241
104 8350
104 8353
104 8364
104 8442
104 8670
110 8672
104 8736
104 8877
110 8908
110 8911
110 8969
110 8970
110 9198
110 9201
110 9550
110 9555
110 9555
110 9651
110 9766
110 9769
110 9769
110 9769
110 10007
110 10008
104 10024
104 10027
104 10027
104 10027
110 10063
104 10096
104 10099
104 10307
104 10309
111 10349
111 10350
104 10453
104 10454
104 10457
110 10724
110 10728
110 10728
126 10844
110 10880
104 10954
104 10971
110 11001
110 11004
110 11004
110 11201
110 11307
110 11309
110 11309
110 11309
111 11418
110 11510
110 11512
110 11512
110 11512
110 11512
110 11891
110 11894
110 11894
110 11894
110 11895
110 11895
110 11895
104 12051
104 12053
110 12224
110 12226
110 12226
110 12375
110 12379
110 12379
110 12379
110 12379
104 12877
104 12880
111 12972
104 12985
104 12986
104 12989
104 13597
104 13599
104 13628
104 13631
104 13634
104 13637
112 13881
112 13884
112 13884
112 13884
112 13884
112 13884
112 13884
112 13885
112 13885
112 13885
104 14250
104 14251
104 14254
104 14259
110 15363
110 15366
110 15366
110 15366
104 15664
104 15666
104 15767
110 16280
110 16283
110 16283
110 16283
110 16284
110 16284
110 16284
110 16284
110 16702
110 16705
110 16706
110 16706
110 16706
110 17924
110 17927
110 17927
110 17927
110 17928
110 17928
104 18394
104 18396
104 18639
104 18702
104 18705
104 18707
104 18707
104 18707
104 18707
111 18865
111 18868
111 18870
112 18899
112 18902
112 18906
112 18909
499 19640
499 19642
499 19649
499 19652
499 20098
104 20307
104 20310
104 20312
104 20346
104 20967
104 20969
104 20972
104 21040
104 21079
104 21082
111 21227
111 21230
111 21233
104 21341
110 21733
110 21735
110 21738
110 21741
104 22361
104 22364
111 22561
104 22918
104 22920
104 22923
112 23393
104 24189
112 24213
104 25843
499 25867
111 25996
111 25999
499 26319
499 28027
499 28031
110 28357
110 28360
110 28360
110 28360
112 29249
112 29252
112 29256
112 29259
112 29262
112 29264
112 29267
112 29270
112 29303
111 29304
111 29305
112 29306
112 29309
126 29591
126 30136
126 30137
112 31498
112 31501
112 31501
112 31606
112 31609
112 31609
112 31609
112 31611
112 31611
112 31611
112 31916
112 31919
112 31919
112 31919
112 31920
112 32580
112 32584
112 32584
112 32584
112 32584
112 32584
112 32584
112 32584
112 32584
111 33065
111 33068
111 33068
112 33178
111 33308
111 33311
112 33347
112 33350
112 33655
112 33658
112 34392
112 34395
112 34395
104 34559
104 34562
104 34565
104 34568
