89 395
106 1311
86 1792
106 3086
90 4578
138 4757
106 4888
88 5010
88 5036
88 5072
97 5142
106 5194
138 5281
87 5575
106 6039
87 6113
138 6150
87 6310
86 6647
106 6732
87 6820
138 6830
90 6950
138 7120
138 7127
87 7764
87 7780
12 7807
106 7816
106 7818
12 7840
106 7850
16 7958
16 7959
87 8961
88 9125
87 9151
106 9327
106 9359
88 10211
87 10368
106 10584
106 10971
106 11144
106 11146
95 11199
106 11293
106 11338
106 11472
106 11503
88 11523
95 12321
106 12376
106 12448
106 12491
106 12541
87 12596
87 12617
106 12619
88 13856
142 14048
142 14466
106 14958
12 15469
12 15472
12 15473
16 15476
12 15478
16 15479
16 15480
12 15480
12 15483
16 15485
16 15487
16 15490
86 15818
12 16949
16 17060
142 19155
142 20064
12 20192
12 20197
12 20197
12 20199
12 20199
16 20199
12 20200
12 20200
12 20202
16 20204
16 20204
12 20205
16 20206
12 20206
16 20206
16 20207
16 20207
16 20209
16 20212
16 20213
142 20916
142 21235
