104 286
104 483
104 605
104 1340
104 1414
104 1504
104 1892
104 2013
104 2090
104 2308
104 2593
104 2880
105 3141
105 3141
105 3236
105 3236
104 3280
104 3355
126 3421
126 3447
104 3512
104 3804
104 3847
104 3921
104 4123
104 4358
104 4361
104 4449
104 4452
104 4455
105 4725
105 4725
105 4728
105 4728
104 4849
126 4996
104 5075
104 5078
104 5230
104 5233
104 5373
104 5380
104 5418
104 5615
104 5789
126 5858
104 5924
104 5927
126 6109
104 6140
104 6143
104 6146
104 6199
104 6281
104 6284
104 6494
104 6497
104 6599
104 6637
104 6644
104 6645
110 7691
110 7696
110 7698
110 7698
110 7699
110 7699
110 7701
110 7701
110 7702
110 7702
104 7708
104 7715
104 7715
105 7762
105 7762
110 7771
110 7784
110 8135
110 8138
110 8141
110 8144
104 8305
104 8312
104 8312
104 8314
104 8314
104 8315
104 8315
104 8420
104 8566
104 8569
104 8712
104 8720
104 8720
104 8721
104 8856
104 8862
104 8864
104 8864
104 8969
104 8997
126 9003
104 9006
104 9049
104 9212
104 9215
104 9218
104 9383
104 9386
104 9517
104 9562
104 9629
104 9632
104 9635
104 9681
104 9737
104 9742
104 9870
104 9873
104 9881
104 9910
107 10280
107 10283
107 10334
107 10337
104 10435
104 10440
104 10443
104 10446
107 10592
107 10598
107 10599
107 10599
107 10919
107 10922
107 10925
107 11056
107 11060
104 11148
104 11151
107 11264
107 11270
107 11462
107 11464
104 11476
104 11832
104 11835
104 11838
107 11885
107 11891
104 11976
104 11979
104 11981
105 11996
105 11996
105 12003
105 12003
105 12004
105 12004
105 12004
105 12004
105 12006
105 12006
105 12006
105 12006
105 12007
105 12007
104 12126
107 12298
104 12302
104 12305
104 12307
107 12320
104 12403
104 12410
104 12410
107 12504
107 12510
107 12511
107 12869
107 12874
107 12877
107 12879
107 12881
105 12895
105 12895
105 12902
105 12902
105 12904
105 12904
105 13006
105 13006
105 13013
105 13013
105 13015
105 13015
105 13015
105 13015
105 13016
105 13016
9 13106
9 13112
9 13113
9 13146
9 13151
9 13152
9 13342
9 13348
9 13348
9 13349
9 13349
9 13351
9 13352
9 13352
105 13422
105 13422
105 13429
105 13429
105 13431
105 13431
105 13431
105 13431
105 13432
105 13432
105 13432
105 13432
105 13434
105 13434
105 13434
105 13434
9 13568
9 13574
9 13575
9 13577
9 13577
105 13650
105 13650
105 13657
105 13657
105 13658
105 13658
105 13658
105 13658
105 13660
105 13660
105 13660
105 13660
105 13661
105 13661
105 13661
105 13661
105 13662
105 13662
105 13662
105 13662
105 13863
105 13863
105 13868
105 13868
105 13870
105 13870
105 13870
105 13870
105 13871
105 13871
9 13928
9 13934
9 13937
9 13937
9 14137
9 14143
9 14144
9 14144
9 14145
9 14145
9 14147
9 14147
9 14148
9 14148
9 14150
9 14150
9 14151
9 14151
9 14153
9 14154
9 14154
9 14156
105 14171
105 14171
105 14173
105 14173
107 14302
107 14307
105 14359
105 14359
9 14371
9 14377
9 14377
9 14379
9 14379
9 14380
9 14380
105 14482
105 14482
105 14489
105 14489
105 14490
105 14490
105 14490
105 14490
105 14492
105 14492
9 14626
9 14632
9 14633
9 14633
9 14635
9 14635
105 14792
105 14792
105 14800
105 14800
105 14800
105 14800
105 14801
105 14801
105 14801
105 14801
105 14803
105 14803
105 14803
105 14803
105 14804
105 14804
105 14804
105 14804
105 14805
105 14805
105 14948
105 14948
105 15043
105 15043
105 15050
105 15050
105 15052
105 15052
107 15357
107 15475
107 15481
107 15481
107 15590
105 15591
105 15591
105 15599
105 15599
105 15600
105 15600
9 15605
9 15611
9 15612
9 15612
9 15614
9 15614
9 15615
9 15615
9 15617
9 15617
9 15618
9 15618
9 15619
9 15619
9 15621
9 15621
9 15622
9 15622
9 15624
9 15624
9 15625
9 15627
9 15627
9 15628
9 15628
9 15630
105 15702
105 15702
105 15799
105 15799
105 15806
105 15806
105 15807
105 15807
105 15882
105 15882
105 15963
105 15963
105 15970
105 15970
105 16063
105 16063
105 16271
105 16271
105 16278
105 16278
105 16279
105 16279
105 16279
105 16279
105 16281
105 16281
105 16281
105 16281
105 16282
105 16282
105 16282
105 16282
105 16284
105 16284
105 16284
105 16284
105 16285
105 16285
105 16285
105 16285
105 16287
105 16287
105 16528
105 16528
105 16534
105 16534
105 16536
105 16536
105 16536
105 16536
9 16790
9 16795
9 16795
105 16796
105 16796
9 16797
9 16797
9 16798
9 16800
9 16800
9 16801
9 16801
105 16803
9 16803
9 16803
105 16803
105 16803
105 16803
9 16804
105 16805
105 16805
105 16911
105 16911
105 16918
105 16918
105 16920
105 16920
105 16920
105 16920
105 16921
105 16921
105 16921
105 16921
105 16923
105 16923
105 16923
105 16923
105 16924
105 16924
9 17010
9 17016
9 17016
9 17016
9 17017
9 17019
9 17019
9 17020
9 17020
9 17021
9 17021
9 17023
9 17023
105 17031
105 17031
105 17038
105 17038
105 17039
105 17039
105 17110
105 17110
9 17301
9 17308
9 17308
9 17309
9 17309
9 17311
9 17311
9 17312
9 17312
9 17314
9 17314
9 17315
105 17327
105 17327
107 17463
107 17468
107 17468
105 17477
105 17477
105 17484
105 17484
105 17486
105 17486
9 17495
9 17495
9 17496
9 17498
9 17498
9 17499
9 17499
105 17643
105 17643
105 17650
105 17650
105 17650
105 17650
105 17651
105 17651
9 17653
9 17655
105 17663
105 17663
9 17828
9 17833
105 17838
105 17838
