104 764
104 880
104 981
105 1829
105 1829
105 1829
105 1829
105 1879
105 1879
105 2115
105 2115
126 2334
105 2357
105 2357
104 2485
104 2499
126 3284
104 3333
104 3365
104 3374
104 3381
104 3397
104 3568
104 3805
104 4207
105 4400
105 4400
105 4637
105 4637
105 4641
105 4641
105 4651
105 4651
105 4654
105 4654
105 4696
105 4696
105 4699
105 4699
105 4934
105 4934
105 4936
105 4936
105 5085
105 5085
105 5086
105 5086
105 5089
105 5089
105 5422
105 5422
105 5426
105 5426
105 5445
105 5445
105 5447
105 5447
105 5452
105 5452
105 5501
105 5501
104 5516
104 5583
104 5597
105 5702
105 5702
105 5721
105 5721
105 5809
105 5809
105 5878
105 5878
104 6076
105 6159
105 6159
105 6161
105 6161
105 6186
105 6186
105 6428
105 6428
105 6446
105 6446
105 6792
105 6792
105 6795
105 6795
105 6801
105 6801
105 6806
105 6806
105 6814
105 6814
