104 300
104 672
104 981
104 983
104 1440
104 1540
104 1609
104 2029
104 2124
104 2138
104 2251
104 2557
105 3156
105 3156
105 3157
105 3157
104 3270
104 3273
104 3447
104 3489
126 3547
126 3549
104 3919
104 3948
104 4010
104 4217
104 4385
104 4463
105 4542
105 4542
104 4603
104 4719
104 4721
104 4724
104 4728
105 4859
105 4859
105 4918
105 4918
104 5084
105 5102
105 5102
9 5193
104 5295
104 5357
104 5359
104 5360
104 5363
104 5464
104 5615
105 5691
105 5691
105 5843
105 5843
9 5859
105 5944
105 5944
105 5951
105 5951
126 5953
9 5968
105 6065
105 6065
105 6121
105 6121
105 6140
105 6140
105 6169
105 6169
104 6277
105 6349
105 6349
104 6379
104 6464
104 6501
104 6545
126 6659
104 6786
104 6817
105 6828
105 6828
104 6871
104 6873
105 7045
105 7045
105 7155
105 7155
105 7160
105 7160
105 7162
105 7162
105 7162
105 7162
105 7166
105 7166
105 7244
105 7244
105 7257
105 7257
104 7365
105 7372
105 7372
9 7397
9 7399
104 7420
9 7538
9 7541
104 7577
104 7601
105 7618
105 7618
104 7643
104 7644
105 7825
105 7825
105 7935
105 7935
105 7964
105 7964
105 7982
105 7982
104 8204
104 8206
105 8257
105 8257
105 8272
105 8272
104 8368
104 8426
108 8937
108 8943
108 8944
108 8944
108 8945
108 9006
105 9055
105 9055
105 9056
105 9056
105 9058
105 9058
105 9061
105 9061
108 9140
108 9143
108 9331
105 9338
105 9338
108 9451
104 9582
104 9585
108 9602
108 9759
104 9838
108 9996
108 10143
105 10178
105 10178
105 10180
105 10180
105 10182
105 10182
108 10273
108 10421
105 10592
105 10592
105 10598
105 10598
105 10599
105 10599
105 10599
105 10599
105 10611
105 10611
108 10622
108 10710
108 10871
108 11133
108 11135
105 11156
105 11156
105 11162
105 11162
105 11162
105 11162
105 11164
105 11164
105 11164
105 11164
105 11165
105 11165
108 11276
108 11460
105 11502
105 11502
105 11508
105 11508
105 11509
105 11509
105 11509
105 11509
108 11604
108 11739
108 11868
105 12093
105 12093
105 12101
105 12101
105 12101
105 12101
105 12102
105 12102
105 12102
105 12102
105 12104
105 12104
105 12105
105 12105
105 12105
105 12105
105 12106
105 12106
105 12106
105 12106
108 12137
108 12206
105 12217
105 12217
105 12224
105 12224
105 12596
105 12596
105 12602
105 12602
105 12603
105 12603
105 12603
105 12603
108 12708
108 12839
105 12891
105 12891
105 12897
105 12897
108 12993
108 12996
108 13126
105 13159
105 13159
105 13164
105 13164
105 13166
105 13166
105 13166
105 13166
105 13403
105 13403
105 13409
105 13409
105 13411
105 13411
105 13411
105 13411
108 13468
108 13624
105 13698
105 13698
105 13706
105 13706
