104 287
104 669
104 958
104 958
104 1456
104 1534
104 1615
104 2031
104 2091
104 2258
104 2513
104 2719
105 3129
105 3129
104 3212
104 3230
126 3537
126 3540
104 3558
104 3610
104 3726
104 3995
104 4079
104 4237
104 4315
126 4364
104 4462
104 4565
104 4570
104 4580
104 4611
104 4629
104 4633
104 5187
104 5190
104 5222
104 5225
104 5269
104 5272
105 5275
105 5275
105 5278
105 5278
126 5332
104 5413
104 5449
104 5482
104 5510
126 5638
105 5969
105 5969
105 5971
105 5971
105 5974
105 5974
105 5977
105 5977
104 6130
105 6272
105 6272
105 6326
105 6326
105 6328
105 6328
105 6494
105 6494
105 6497
105 6497
105 6500
105 6500
105 6503
105 6503
126 6546
104 6899
104 6900
104 6900
104 6900
104 6900
104 6902
104 6902
104 6902
104 7087
104 7092
104 7181
104 7182
104 7182
104 7182
104 7231
104 7427
104 7427
104 7428
104 7428
110 7882
110 7886
110 7886
110 7976
110 7979
110 8130
110 8164
110 8167
110 8241
110 8243
110 8245
110 8245
110 8288
110 8377
110 8380
110 8488
110 8491
104 8520
104 8556
110 8585
110 8589
110 8589
104 8741
104 8744
104 8747
104 8750
104 8931
104 9434
104 9434
104 9434
104 9434
104 9435
104 9435
104 9435
105 9877
105 9877
107 9980
107 10019
110 10064
110 10069
107 10273
107 10275
107 10281
104 10335
104 10338
104 10340
107 10398
107 10460
107 10493
107 10670
107 11161
107 11162
107 11169
107 11287
107 11392
107 11395
107 11575
107 11580
107 11580
107 12019
107 12155
107 12157
105 12173
105 12173
107 12216
107 12226
107 12317
107 12400
107 12689
107 12694
107 12694
107 12694
107 12694
104 12893
104 12893
104 12908
107 13012
107 13016
107 13016
107 13016
107 13018
107 13524
107 13529
107 13529
107 13529
107 13529
107 14002
107 14007
107 14007
107 14008
107 14008
107 14008
107 14008
107 14008
107 14009
104 14269
104 14270
104 14270
104 14270
104 14270
104 14272
107 15489
107 15493
107 15495
105 16700
105 16700
105 16703
105 16703
105 16703
105 16703
105 16703
105 16703
107 17091
107 17096
107 17096
107 17096
107 17098
107 17101
107 17103
107 17103
107 17103
107 17103
107 17106
107 17109
107 17111
104 17492
104 17495
104 17497
104 17505
104 17508
104 17510
107 17896
107 17899
107 17900
107 17900
107 17900
107 17900
107 17902
107 17902
105 18462
105 18462
105 18464
105 18464
105 18464
105 18464
105 18464
105 18464
105 18466
105 18466
105 18466
105 18466
105 18466
105 18466
105 18467
105 18467
105 18467
105 18467
105 18467
105 18467
104 19111
104 19111
104 19113
104 19113
104 19113
104 19113
104 19114
104 19114
104 19114
104 19115
104 19115
104 19115
104 19115
104 19115
104 19117
104 19164
104 19694
104 19697
104 19700
104 19703
104 19706
104 19708
105 20229
105 20229
105 20231
105 20231
105 20234
105 20234
107 20624
107 20627
107 20627
107 20628
107 20628
107 20628
107 20628
107 20629
107 21250
107 21410
107 21414
107 21414
107 21414
107 21415
107 21415
107 21415
107 21734
107 21736
107 21738
107 21738
107 21738
107 21738
107 21738
107 21739
107 21972
107 21977
107 21977
107 21977
107 22031
107 22288
107 22291
107 22292
107 22292
107 22292
107 22445
107 22447
107 22581
107 22629
107 22697
104 22786
104 22786
104 22787
104 22787
104 22787
104 22787
104 22789
107 22863
107 23298
107 23611
107 23615
107 23615
107 23615
107 23616
107 23616
107 23616
107 23616
107 23618
107 23900
107 24317
107 24320
107 24320
107 24322
107 24322
107 24322
107 24322
107 24391
107 24844
107 24847
107 24847
107 24849
107 24849
107 24849
107 24849
107 24850
107 25069
107 25072
107 25072
107 25073
107 25485
107 25488
107 25488
107 25488
107 25489
107 25489
105 26639
105 26639
105 26642
105 26642
105 26643
105 26643
105 26643
105 26643
105 26643
105 26643
105 26643
105 26643
107 26679
107 26682
107 26684
107 26684
107 26684
107 26685
107 26966
107 26970
107 26970
107 27205
107 27209
107 27209
107 27209
