106 700
86 1094
88 1560
89 1674
106 3385
86 3596
138 3642
87 4337
106 4417
90 4909
87 4964
138 4977
106 4994
99 5193
106 5288
106 5517
99 5747
99 5840
99 5942
138 6190
106 6534
99 6549
106 6796
106 7021
87 7137
106 7837
87 7866
95 7997
106 8044
106 8047
106 8047
106 8050
99 8363
142 8882
138 9258
142 9413
99 9535
99 9557
142 9818
87 9955
88 10665
88 10703
88 10714
91 10722
87 10826
88 11138
86 11396
88 11455
87 11629
138 11717
138 11717
138 11934
138 11944
106 11993
106 12058
106 12173
106 12314
106 12377
138 12410
99 12513
99 12531
96 12871
87 12928
87 12933
87 12934
87 12934
87 12947
138 13017
138 13079
106 13350
88 13474
87 13514
87 13517
87 13518
87 13520
87 13520
87 13548
138 13645
138 13674
138 13681
86 14008
138 14118
106 14598
106 14603
106 14604
106 14607
87 14810
87 14817
87 14820
87 14822
87 14823
87 14824
87 14826
138 14912
138 14935
138 14937
87 14939
87 14939
87 14940
87 14941
87 14941
94 15019
138 15023
138 15172
138 15180
138 15250
138 15255
87 15557
87 15559
87 15559
87 15561
87 15575
87 15578
87 15741
87 15752
87 15758
99 15946
87 15991
87 15994
87 15998
87 16002
138 16131
138 16133
92 16330
87 16458
87 16461
87 16463
87 16706
87 16708
87 16709
87 17088
87 17094
88 17170
88 17174
138 17204
138 17255
138 17282
138 17293
138 17303
138 17344
87 17789
87 17790
87 17927
87 18402
87 18434
138 18499
87 18503
138 18513
87 18513
87 18515
138 18523
98 18697
98 18699
88 19624
