104 287
104 660
104 981
104 983
104 1066
104 1522
104 1609
104 1999
104 2065
104 2229
104 2268
104 2553
104 3001
104 3120
105 3429
105 3429
105 3432
105 3432
104 3566
105 3568
105 3568
126 3601
126 3604
104 3800
104 3802
104 4095
104 4339
105 4499
105 4499
105 4752
105 4752
105 4755
105 4755
105 4757
105 4757
105 4759
105 4759
105 4784
105 4784
105 4846
105 4846
105 4919
105 4919
105 4971
105 4971
105 5126
105 5126
9 5129
9 5132
9 5134
9 5147
9 5189
105 5304
105 5304
9 5379
105 5410
105 5410
105 5626
105 5626
105 5629
105 5629
105 5632
105 5632
105 5635
105 5635
9 5916
9 5919
105 5948
105 5948
105 5954
105 5954
105 5954
105 5954
105 5956
105 5956
105 5956
105 5956
105 6062
105 6062
105 6232
105 6232
105 6235
105 6235
