104 293
104 659
104 967
104 971
104 1453
104 1522
104 1610
104 2028
104 2102
104 2267
104 2493
104 2742
104 3050
104 3264
104 3267
104 3509
104 3512
126 3529
126 3530
104 3788
104 4043
104 4046
105 4296
105 4296
105 4299
105 4299
126 4328
105 4626
105 4626
105 4633
105 4633
105 4633
105 4633
105 4633
105 4633
105 4633
105 4633
105 4633
105 4633
105 4633
105 4633
105 4634
105 4634
104 5226
104 5229
105 5269
105 5269
105 5276
105 5276
105 5401
105 5401
105 5560
105 5560
105 5567
105 5567
105 5567
105 5567
105 5567
105 5567
105 5784
105 5784
105 5887
105 5887
104 5949
105 5964
105 5964
105 5971
105 5971
105 5971
105 5971
105 6164
105 6164
104 6228
104 6228
104 6337
104 6337
