106 685
86 1066
88 1422
89 1633
106 3864
106 4570
138 5271
86 5391
106 5462
106 6177
90 6185
97 6371
88 6452
87 6554
88 6881
87 7469
88 7488
106 7558
106 7942
106 8255
106 8522
106 8875
106 9238
87 10185
88 10207
106 10392
106 10742
106 10949
106 11050
106 11100
106 11293
12 11320
16 11327
106 11470
87 12318
106 12351
106 12354
106 12502
106 12597
106 13165
106 13464
12 14050
16 14057
88 14115
12 14381
16 14420
86 14959
87 15047
88 15192
289 17183
289 17183
289 17183
289 17183
289 17183
289 17183
289 17183
289 17183
289 17183
