104 286
104 663
104 964
104 967
104 1891
104 2025
104 2100
104 2405
105 2917
105 2917
105 2921
105 2921
105 3127
105 3127
105 3131
105 3131
104 3397
126 3506
104 3705
104 3709
126 3799
104 3828
104 3831
104 3831
104 4216
104 4270
104 4345
126 4381
104 4780
104 4784
104 4784
104 4950
104 5157
104 5161
104 5244
104 5395
104 5397
104 5399
104 5399
126 5517
104 5550
104 5551
104 5822
126 5960
104 6168
104 6170
104 6185
104 6188
104 6188
104 6261
104 6273
104 6417
104 6421
104 6609
104 6612
104 6644
104 6647
110 6844
110 6890
104 6975
110 6997
110 7000
104 7250
104 7283
104 7312
104 7315
104 7316
104 7316
104 7316
104 7316
104 7610
104 7716
104 7721
110 7725
104 7726
110 7728
110 8325
104 8343
104 8374
104 8377
104 8377
104 8379
104 8379
104 8379
104 8380
104 9036
104 9039
110 9274
110 9278
110 9278
110 9278
110 9278
110 9280
110 9345
110 9427
110 9431
110 9431
110 9468
110 9771
110 9775
110 9775
110 9775
110 9775
110 9776
110 9776
110 9776
110 10270
110 10274
110 10274
110 10372
110 10375
110 10375
110 10377
126 10440
110 10545
110 10549
104 10604
104 10607
104 10608
104 10608
104 10608
104 10608
104 10610
104 10831
104 10834
104 10836
104 10836
104 10836
104 10836
104 10836
104 10865
104 10882
104 11206
104 11208
104 11211
104 11272
104 11396
104 11411
104 11825
104 12291
104 12294
104 12585
104 12587
104 12590
104 12593
104 12596
104 12599
104 12602
105 13143
105 13143
105 13146
105 13146
105 13147
105 13147
105 13147
105 13147
105 13147
105 13147
105 13147
105 13147
105 13149
105 13149
105 13149
105 13149
105 13149
105 13149
105 13149
105 13149
105 13150
105 13150
105 13150
105 13150
105 13483
105 13483
105 13485
105 13485
105 13487
105 13487
105 13487
105 13487
105 13487
105 13487
105 13487
105 13487
105 13488
105 13488
104 13981
104 13984
104 13987
104 14053
104 14057
104 14057
104 14057
104 14057
104 14057
104 14059
9 14445
9 14449
9 14449
9 14449
9 14449
9 14449
9 14451
9 14451
9 14451
9 14452
9 14452
9 14452
9 14452
9 14453
9 14453
9 14453
9 14455
9 14461
9 14603
9 14606
9 14606
9 14606
105 15531
105 15531
105 15534
105 15534
105 15535
105 15535
105 15535
105 15535
105 15535
105 15535
105 15535
105 15535
105 15537
105 15537
105 15537
105 15537
105 15537
105 15537
105 15538
105 15538
105 15538
105 15538
105 15538
105 15538
105 15538
105 15538
110 15575
110 15577
110 15577
110 15577
105 15751
105 15751
105 15755
105 15755
105 15950
105 15950
105 15954
105 15954
105 15954
105 15954
105 15954
105 15954
105 15956
105 15956
105 15956
105 15956
9 15994
9 15998
9 15998
9 15998
9 15998
9 15999
9 15999
126 16202
105 16210
105 16210
105 16215
105 16215
105 16215
105 16215
105 16215
105 16215
105 16268
105 16268
105 16272
105 16272
104 16409
104 16412
105 16419
105 16419
105 16422
105 16422
105 16423
105 16423
499 16652
126 16700
126 16703
105 16707
105 16707
105 16710
105 16710
105 16711
105 16711
105 16711
105 16711
105 16713
105 16713
9 16770
9 16772
9 16774
9 16774
9 16774
105 17381
105 17381
105 17385
105 17385
105 17385
105 17385
105 17385
105 17385
105 17386
105 17386
105 17386
105 17386
105 17386
105 17386
105 17388
105 17388
105 17388
105 17388
105 17388
105 17388
9 17484
9 17484
9 17485
105 17512
105 17512
105 17516
105 17516
109 17707
105 17745
105 17745
105 17748
105 17748
