104 287
104 451
104 642
104 905
104 1066
104 1070
104 1419
104 1819
104 2061
104 2435
104 2468
104 2491
105 2538
105 2538
104 2609
104 3222
110 3463
110 3466
110 3585
104 3680
104 3683
126 3873
104 3938
104 4288
126 4391
105 4444
105 4444
105 4523
105 4523
104 4577
104 4580
105 4702
105 4702
105 5259
105 5259
105 5285
105 5285
105 5288
105 5288
105 5291
105 5291
105 5419
105 5419
105 5505
105 5505
105 5517
105 5517
105 5695
105 5695
105 5698
105 5698
105 5714
105 5714
105 5941
105 5941
105 5944
105 5944
105 6110
105 6110
105 6182
105 6182
105 6212
105 6212
105 6235
105 6235
105 6238
105 6238
105 6287
105 6287
105 6521
105 6521
105 6573
105 6573
105 6583
105 6583
105 6593
105 6593
105 6619
105 6619
105 6740
105 6740
105 6835
105 6835
105 6924
105 6924
105 7037
105 7037
105 7078
105 7078
105 7087
105 7087
105 7099
105 7099
105 7119
105 7119
105 7136
105 7136
105 7146
105 7146
105 7198
105 7198
105 7371
105 7371
105 7434
105 7434
105 7601
105 7601
104 7760
104 7761
105 7785
105 7785
104 7791
104 7794
104 7806
104 7832
104 7915
104 7974
104 8052
104 8237
104 8271
104 8319
104 8436
104 8443
104 8518
104 8553
104 8556
104 8557
104 8563
104 8602
104 8858
104 8859
105 9145
105 9145
105 9226
105 9226
105 9333
105 9333
105 9452
105 9452
104 9693
105 9779
105 9779
104 9781
104 9783
104 9935
105 9943
105 9943
105 9989
105 9989
105 10022
105 10022
105 10085
105 10085
104 10228
104 10230
104 10263
104 10293
104 10414
104 10469
104 10510
107 10946
107 11057
107 11145
107 11218
107 11277
107 11333
107 11430
107 11490
107 11555
107 11604
107 11712
105 11856
105 11856
105 11859
105 11859
105 11873
105 11873
105 11876
105 11876
107 11880
107 11883
107 11915
107 11916
105 11924
105 11924
107 12697
107 12712
107 12738
104 12749
104 12750
104 12752
104 12753
104 12756
104 12757
104 12762
104 12763
104 12766
107 12874
126 12910
107 13144
104 13532
104 13539
104 13539
104 13539
104 13539
104 13539
104 13539
104 13540
104 13540
105 13819
105 13819
105 13824
105 13824
105 14150
105 14150
105 14153
105 14153
107 14267
107 14269
107 14271
105 14520
105 14520
107 14538
107 14611
107 14614
107 14631
107 14633
107 14764
107 14811
105 14823
105 14823
105 14826
105 14826
105 14951
105 14951
105 15007
105 15007
105 15039
105 15039
105 15059
105 15059
107 15076
107 15077
107 15080
104 15291
126 15410
104 15440
104 15563
104 15569
104 15570
104 15570
104 15570
104 15570
104 15570
104 15570
105 16111
105 16111
105 16156
105 16156
105 16181
105 16181
105 16189
105 16189
105 16314
105 16314
105 16387
105 16387
105 16563
105 16563
105 16569
105 16569
105 16570
105 16570
105 16570
105 16570
105 16570
105 16570
105 16570
105 16570
107 16773
107 16801
107 17031
107 17041
107 17052
107 17078
107 17090
499 17642
499 17645
499 17647
107 17700
107 17702
107 17704
107 17706
107 17709
105 17982
105 17982
104 18066
104 18069
104 18072
107 18085
107 18086
104 18088
107 18089
107 18092
107 18095
104 18105
107 18106
107 18201
107 18257
107 18855
107 18862
107 18862
107 18862
105 19239
105 19239
107 19256
105 19276
105 19276
107 19278
107 19284
105 19284
105 19284
107 19284
107 19284
105 19284
107 19284
105 19284
107 19284
107 19284
107 19284
107 19357
104 19401
107 19576
107 19577
107 19580
107 19623
105 19645
105 19645
107 19740
107 19767
107 19900
107 19901
499 20138
499 20141
107 20179
107 20180
107 20183
105 20300
105 20300
105 20307
105 20307
105 20308
105 20308
105 20308
105 20308
105 20308
105 20308
105 20308
105 20308
105 20308
105 20308
105 20308
105 20308
105 20308
105 20308
105 20308
105 20308
105 20333
105 20333
107 20553
107 20606
107 20635
104 20716
104 20719
104 20722
104 20723
104 20726
107 20735
107 20736
107 21261
107 21269
107 21269
107 21269
107 21269
107 21309
107 21330
107 21443
104 21701
104 21702
104 21705
107 22076
107 22078
