104 286
104 677
104 970
104 971
104 1211
104 1563
104 1609
104 1920
104 1953
104 1986
104 2079
104 2151
104 2277
104 2510
105 3165
105 3165
105 3247
105 3247
104 3451
105 3488
105 3488
104 3516
126 3676
104 3828
126 3834
105 3854
105 3854
104 4052
104 4171
105 4372
105 4372
105 4375
105 4375
104 4426
104 4598
104 4639
104 4827
105 5033
105 5033
105 5036
105 5036
105 5037
105 5037
104 5124
126 5277
104 5288
104 5308
104 5412
104 5416
104 5418
104 5573
104 5576
104 5707
104 5903
104 5904
104 5906
104 5908
104 6041
104 6256
104 6376
104 6378
104 6445
105 6449
105 6449
105 6451
105 6451
104 6464
104 6465
104 6527
104 6569
104 6575
104 6637
104 6673
104 6687
104 6814
104 6848
105 7002
105 7002
104 7168
105 7218
105 7218
105 7219
105 7219
105 7420
105 7420
105 7421
105 7421
105 7422
105 7422
105 7520
105 7520
105 7523
105 7523
105 7525
105 7525
105 7528
105 7528
105 7530
105 7530
104 7545
104 7546
105 7710
105 7710
105 7712
105 7712
104 7774
104 7775
104 7806
104 7807
104 7821
104 7840
105 8390
105 8390
105 8391
105 8391
105 8394
105 8394
107 8480
107 8480
107 8482
107 8482
126 8515
104 8520
104 8521
104 8524
104 8525
104 8556
104 8558
104 8668
104 8669
104 8671
107 8672
126 8790
104 8855
107 9052
104 9485
104 9497
104 9498
104 9501
105 9504
105 9504
105 9507
105 9507
107 9566
107 9567
107 9570
107 9573
107 9901
107 9904
107 9910
104 10018
104 10043
107 10107
107 10109
107 10156
105 10324
105 10324
105 10326
105 10326
105 10327
105 10327
107 10392
107 10395
107 10517
105 10523
105 10523
105 10559
105 10559
105 10562
105 10562
107 10572
105 10782
105 10782
105 10909
105 10909
105 10910
105 10910
107 10922
107 10923
107 11046
107 11048
107 11050
105 11162
105 11162
105 11169
105 11169
105 11221
105 11221
105 11223
105 11223
107 11296
107 11299
107 11302
107 11303
107 11473
107 11476
105 11572
105 11572
105 11574
105 11574
107 11709
107 11712
107 11713
9 11991
9 11992
9 12032
9 12034
9 12037
9 12038
105 12170
105 12170
105 12171
105 12171
105 12174
105 12174
105 12177
105 12177
105 12178
105 12178
105 12187
105 12187
9 12283
9 12284
105 12308
105 12308
105 12311
105 12311
107 12448
107 12449
105 12524
105 12524
105 12525
105 12525
105 12527
105 12527
9 12702
9 12703
9 12706
9 12707
9 12710
9 12712
9 12715
9 12716
9 12719
105 12902
105 12902
105 12904
105 12904
104 13206
104 13209
105 13506
105 13506
107 13519
107 13524
107 13524
107 13524
107 13526
