104 287
104 708
104 984
104 987
104 1446
104 1532
104 1604
104 2025
104 2092
104 2257
104 2521
104 2749
104 2983
104 3224
104 3243
104 3467
104 3471
126 3549
126 3552
104 3725
105 3845
105 3845
104 4052
104 4247
104 4250
126 4348
104 4478
104 4482
104 4528
104 4531
104 4531
104 4531
104 4714
104 4719
104 4773
104 5065
104 5337
104 5338
104 5341
105 5397
105 5397
105 5400
105 5400
105 5403
105 5403
105 5826
105 5826
105 5829
105 5829
105 5829
105 5829
105 5829
105 5829
104 6168
104 6170
104 6170
104 6170
104 6172
104 6278
104 6281
104 6288
104 6432
104 6527
105 6567
105 6567
104 6956
104 6959
104 6959
104 6961
104 6961
104 6961
104 6962
126 7029
105 7522
105 7522
105 7525
105 7525
105 7525
105 7525
105 7526
105 7526
105 7526
105 7526
104 7626
104 7630
104 7630
104 7630
104 7731
104 7927
104 7929
104 7932
104 7935
104 8027
104 8045
105 8308
105 8308
105 8312
105 8312
105 8312
105 8312
105 8312
105 8312
107 8509
107 8512
107 8512
107 8514
107 8898
107 8901
107 8901
105 9040
105 9040
105 9043
105 9043
105 9043
105 9043
105 9043
105 9043
105 9045
105 9045
105 9045
105 9045
105 9045
105 9045
105 9046
105 9046
107 9121
107 9124
105 9757
105 9757
105 9762
105 9762
105 9762
105 9762
105 9762
105 9762
105 9763
105 9763
105 9763
105 9763
105 9763
105 9763
105 9764
105 9764
105 9881
105 9881
105 9884
105 9884
105 9952
105 9952
105 9956
105 9956
105 9956
105 9956
105 10062
105 10062
105 10065
105 10065
105 10065
105 10065
105 10264
105 10264
105 10267
105 10267
105 10268
105 10268
105 10418
105 10418
105 10421
105 10421
105 10422
105 10422
107 10558
105 10667
105 10667
105 10670
105 10670
105 10671
105 10671
105 10671
105 10671
105 10671
105 10671
105 10671
105 10671
105 10671
105 10671
105 10673
105 10673
105 10673
105 10673
105 10673
105 10673
105 11201
105 11201
105 11204
105 11204
105 11205
105 11205
105 11205
105 11205
105 11205
105 11205
105 11205
105 11205
105 11207
105 11207
105 11207
105 11207
105 11207
105 11207
105 11207
105 11207
105 11208
105 11208
105 11208
105 11208
105 11587
105 11587
105 11591
105 11591
105 11591
105 11591
105 11591
105 11591
105 11593
105 11593
105 11593
105 11593
105 11593
105 11593
105 11594
105 11594
105 11594
105 11594
105 11594
105 11594
