106 687
86 1160
88 1597
89 1707
106 3512
138 3713
106 4188
86 4298
138 4399
87 4461
106 4947
90 5011
87 5019
138 5066
87 5103
138 5125
106 5721
106 5835
138 5863
87 5913
87 5939
87 5981
138 6064
138 6372
87 6403
96 6562
88 6575
138 6669
87 6685
87 6693
87 6747
106 6837
87 7030
106 7145
106 7148
87 7618
90 7797
138 7893
138 7902
138 8172
138 8194
87 8242
87 8248
87 8259
87 8259
88 8339
88 8343
86 8445
106 8476
86 8547
87 8576
88 8637
138 8816
87 8818
106 8827
87 8828
289 10527
289 10527
289 10527
289 10527
289 10527
289 10527
289 10527
289 10527
289 10527
289 11009
289 11009
289 11009
289 11009
289 11009
289 11009
289 11009
289 11009
289 11009
