104 296
104 672
104 985
104 988
104 1070
104 1528
104 1600
104 2018
104 2081
104 2259
104 2514
104 3021
104 3294
104 3519
104 3592
126 3713
126 3753
104 3788
104 3968
105 4007
105 4007
105 4009
105 4009
104 4070
104 4075
104 4337
104 4499
104 4502
104 4695
104 4737
126 4768
104 4820
104 4922
104 4927
104 5036
104 5038
104 5125
104 5166
104 5170
126 5171
104 5258
104 5261
104 5819
104 5825
104 5826
104 5826
104 5828
104 5828
104 5829
104 5829
104 6101
104 6107
104 6156
104 6160
104 6245
104 6248
104 6270
104 6398
104 6441
104 6477
104 6481
104 6576
104 6702
104 6791
104 6820
104 6822
104 6975
104 6981
104 7083
126 7217
104 7241
126 7466
110 7561
110 7567
110 7567
110 7568
110 7791
110 7797
110 7799
104 8174
104 8180
104 8180
104 8181
104 8183
104 8317
104 8354
104 8360
104 8360
104 8361
104 8361
104 8484
104 8504
104 8507
104 8674
104 8679
104 8712
104 8718
110 8976
110 8982
110 8985
110 8985
110 9176
110 9182
110 9381
110 9386
110 9388
110 9615
110 9620
110 9621
110 9666
110 9671
110 9673
110 9673
110 9674
104 9876
104 9909
104 9942
107 9990
107 9996
107 9996
104 10032
104 10035
104 10040
107 10333
107 10339
107 10340
107 10340
110 10436
110 10443
