104 293
104 673
104 977
104 977
104 1459
104 1557
104 1613
104 2033
104 2108
104 2118
104 2248
104 2487
105 3130
105 3130
105 3133
105 3133
104 3212
104 3250
104 3493
104 3496
126 3527
126 3529
104 3882
104 3948
104 3980
104 4181
104 4391
104 4535
104 4537
104 4539
104 4568
104 4694
104 4848
126 4901
104 4966
104 5099
104 5101
104 5104
104 5223
105 5390
105 5390
105 5393
105 5393
105 5396
105 5396
104 5500
104 5655
104 5682
104 5685
105 5724
105 5724
104 5795
104 5839
104 5998
104 6001
104 6002
110 6541
110 6542
110 6543
110 6543
110 6543
110 6746
110 6749
110 6755
110 6882
110 6955
110 7060
110 7063
110 7357
110 7358
110 7361
110 7367
110 7502
110 7613
110 7616
110 7724
110 7725
110 7869
110 7872
110 7941
105 7995
105 7995
105 7998
105 7998
105 8001
105 8001
110 8040
110 8085
110 8173
110 8262
110 8272
110 8403
110 8406
110 8469
105 8498
105 8498
105 8501
105 8501
110 8541
105 8558
105 8558
105 8561
105 8561
110 8681
110 8737
110 8786
110 8916
104 8921
104 8924
104 8925
104 8950
104 8951
104 8954
104 9090
104 9092
104 9094
104 9097
110 9347
110 9349
110 9404
110 9473
