104 289
104 649
104 975
104 978
104 1301
104 1365
104 1898
105 2370
105 2370
105 2373
105 2373
105 2377
105 2377
104 2742
126 2898
104 2982
104 3255
104 3470
104 3473
104 3689
126 3697
104 3728
104 3909
104 3913
104 3916
126 3982
104 4005
104 4420
104 4427
104 4427
104 4551
104 4917
104 4919
104 5046
110 5706
110 5711
110 5711
110 5909
110 5911
110 5914
104 6121
110 6376
110 6440
104 6516
104 6519
104 6522
126 7267
126 7270
110 7322
110 7325
110 7354
110 7478
110 7485
104 7967
104 7970
110 8035
110 8040
110 8040
110 8321
110 8324
110 8577
110 8610
110 8803
110 8808
110 9145
110 9271
104 9408
104 9413
104 9415
104 9415
104 9415
104 9531
104 9597
104 9736
104 9739
110 9965
104 10243
104 10247
104 10250
104 10253
104 10257
110 10650
110 10657
110 10657
110 10657
110 10659
110 10876
110 10879
110 11147
110 11150
110 11153
126 11182
110 11285
110 11291
110 11292
110 11292
110 11353
110 11488
110 11491
104 11768
104 11771
104 11776
110 11962
110 11966
110 12198
110 12200
110 12323
110 12501
126 12502
110 12504
110 12572
110 12573
110 12794
110 12796
110 12804
110 12907
110 13009
110 13032
110 13133
110 13169
104 13301
110 13492
110 13495
110 13577
110 13579
126 13746
110 13765
110 13768
110 13771
110 13870
110 13934
110 13995
110 14188
104 14424
104 14430
104 14430
104 14430
104 14431
110 14491
110 14496
110 14496
110 14496
110 14561
104 14708
110 14712
104 14725
104 14728
104 14732
104 14735
110 15157
110 15160
104 15210
110 15229
110 15279
110 15346
110 15419
110 15547
104 15603
110 15788
110 15790
110 15793
110 15798
110 15805
110 15842
110 15939
110 15942
110 16165
110 16170
110 16758
110 16765
110 16765
110 16765
110 16766
110 16766
110 16766
110 16768
110 16768
110 16768
110 16769
110 16812
110 16954
110 16956
110 17027
110 17030
110 17037
110 17087
110 17203
110 17236
110 17273
110 17276
110 17446
110 17522
110 17587
110 17616
110 17619
110 17623
110 17646
110 17689
110 17760
110 17800
110 17806
110 17868
110 17944
110 17983
110 17999
110 18052
110 18111
110 18150
110 18340
110 18345
110 18345
110 18361
110 18468
110 18517
110 18534
110 18561
110 18619
110 18669
110 18734
110 18763
