104 302
104 675
104 984
104 984
104 1443
104 1532
104 1603
104 2038
104 2124
104 2323
104 2526
104 2765
105 3120
105 3120
105 3123
105 3123
104 3506
126 3523
126 3526
104 3566
104 3840
104 3959
104 3964
104 3964
104 4358
104 4361
104 4512
104 4515
104 4515
104 4547
104 4601
104 4678
126 4774
104 4898
104 5197
126 5299
105 5327
105 5327
105 5331
105 5331
105 5440
105 5440
105 5443
105 5443
105 5445
105 5445
105 5446
105 5446
104 5543
104 5547
104 5547
126 5711
104 5737
104 5741
104 5741
126 6131
104 6493
104 6497
104 6500
104 6548
104 6578
104 6681
104 6684
104 6684
104 6686
104 6753
104 6759
126 6882
126 6882
104 6929
104 6932
126 6983
104 6987
104 6989
104 7154
104 7156
104 7156
104 7158
104 7158
104 7158
104 7450
105 7499
105 7499
105 7503
105 7503
105 7503
105 7503
105 7503
105 7503
105 7503
105 7503
104 7762
104 7944
104 7947
104 7948
104 7948
104 7948
104 7948
104 7985
104 8018
104 8024
104 8029
104 8029
104 8051
104 8066
104 8163
104 8165
104 8207
104 8212
104 8212
104 8442
104 8445
104 8448
104 8469
104 8472
104 8528
104 8531
104 8892
104 8895
105 9035
105 9035
105 9037
105 9037
105 9249
105 9249
9 9250
9 9251
9 9251
9 9251
9 9251
105 9253
105 9253
105 9253
9 9253
105 9253
104 9336
104 9339
104 9339
104 9340
104 9340
104 9421
104 9424
104 9652
104 9660
9 10062
9 10066
9 10066
9 10066
9 10066
9 10066
9 10067
9 10067
104 10326
104 10329
104 10330
104 10330
104 10330
104 10492
108 10624
108 10627
108 10628
108 10628
108 10628
108 10628
9 10702
9 10705
9 10707
9 10707
9 10707
9 10708
9 10708
9 10708
9 10708
9 10708
9 10709
104 10785
104 10790
104 10790
104 10790
104 10791
104 10791
104 10791
105 10804
105 10804
105 10808
105 10808
105 10808
105 10808
105 10808
105 10808
105 10809
105 10809
105 10809
105 10809
105 11139
105 11139
105 11142
105 11142
105 11142
105 11142
105 11142
105 11142
105 11143
105 11143
105 11143
105 11143
105 11143
105 11143
105 11143
105 11143
105 11472
105 11472
105 11476
105 11476
105 11476
105 11476
105 11476
105 11476
105 11476
105 11476
9 11488
9 11491
9 11493
105 11529
105 11529
105 11532
105 11532
105 11534
105 11534
105 11630
105 11630
105 11633
105 11633
105 11633
105 11633
105 11633
105 11633
104 11663
104 11665
105 12341
105 12341
105 12344
105 12344
105 12344
105 12344
105 12344
105 12344
105 12345
105 12345
105 12345
105 12345
105 12345
105 12345
105 12345
105 12345
105 12347
105 12347
105 12347
105 12347
105 12347
105 12347
105 12347
105 12347
105 12348
105 12348
108 12440
108 12445
108 12445
108 12453
105 12718
105 12718
105 12721
105 12721
105 12721
105 12721
105 12721
105 12721
105 12722
105 12722
105 12722
105 12722
105 12722
105 12722
105 12796
105 12796
105 12800
105 12800
108 12829
108 12832
108 12833
105 12842
105 12842
105 12846
105 12846
105 12846
105 12846
105 12848
105 12848
105 12848
105 12848
105 12848
105 12848
105 12848
105 12848
105 12848
105 12848
108 13193
9 13270
9 13273
9 13275
9 13275
9 13275
9 13275
9 13275
9 13276
9 13276
9 13276
9 13277
9 13277
9 13277
9 13277
9 13277
9 13279
9 13279
9 13279
9 13453
9 13456
9 13457
9 13457
9 13457
9 13457
9 13459
105 13671
105 13671
105 13674
105 13674
105 13675
105 13675
9 14838
9 14842
9 14842
9 14842
9 14844
9 14844
9 14844
9 14844
9 14845
9 14845
105 14991
105 14991
105 14995
105 14995
105 14995
105 14995
105 14995
105 14995
105 14995
105 14995
105 15611
105 15611
105 15616
105 15616
105 15616
105 15616
105 15616
105 15616
105 15616
105 15616
105 15617
105 15617
105 15617
105 15617
105 15617
105 15617
105 15619
105 15619
105 15619
105 15619
105 15619
105 15619
105 15619
105 15619
105 15620
105 15620
105 15620
105 15620
105 15620
105 15620
105 15622
105 15622
105 15622
105 15622
105 15622
105 15622
105 15623
105 15623
105 15623
105 15623
105 15623
105 15623
105 15623
105 15623
105 15624
105 15624
105 15624
105 15624
105 15624
105 15624
105 15626
105 15626
105 15626
105 15626
105 15627
105 15627
105 15627
105 15627
105 15627
105 15627
105 15627
105 15627
105 15629
105 15629
105 15629
105 15629
105 15629
105 15629
105 15629
105 15629
105 15629
105 15629
105 15630
105 15630
105 15630
105 15630
105 15630
105 15630
105 15630
105 15630
105 15632
105 15632
105 15632
105 15632
105 15632
105 15632
105 15633
105 15633
105 15633
105 15633
105 15633
105 15633
105 15633
105 15633
105 15633
105 15633
105 15635
105 15635
105 15755
105 15755
105 15758
105 15758
105 15758
105 15758
105 15760
105 15760
9 16040
9 16044
9 16044
9 16044
9 16044
9 16046
9 16046
9 16046
9 16047
9 16047
9 16047
9 16047
9 16047
9 16048
9 16048
112 16157
112 16160
112 16160
112 16161
105 16333
105 16333
105 16336
105 16336
105 16336
105 16336
105 16336
105 16336
105 16337
105 16337
105 16337
105 16337
105 16337
105 16337
105 16338
105 16338
105 16338
105 16338
105 16338
105 16338
112 16391
112 16394
112 16396
112 16396
112 16396
9 16510
9 16515
9 16515
9 16515
9 16516
9 16516
9 16516
9 16518
9 16518
9 16518
9 16518
9 16519
9 16519
9 16519
9 16519
9 16519
9 16521
9 16521
9 16521
9 16522
9 16522
105 16612
105 16612
105 16615
105 16615
105 16618
105 16618
9 17564
9 17568
9 17571
9 17571
9 17571
9 17571
104 17847
9 17938
9 17938
9 17940
9 17940
105 18136
105 18136
105 18139
105 18139
105 18139
105 18139
105 18141
105 18141
105 18141
105 18141
105 18142
105 18142
105 18142
105 18142
105 18142
105 18142
105 18142
105 18142
105 18143
105 18143
105 18143
105 18143
105 18143
105 18143
105 18145
105 18145
105 18145
105 18145
105 18145
105 18145
105 18483
105 18483
105 18488
105 18488
105 18488
105 18488
105 18488
105 18488
105 18489
105 18489
105 18489
105 18489
105 18489
105 18489
105 18489
105 18489
105 18489
105 18489
105 18490
105 18490
105 18490
105 18490
105 18492
105 18492
105 18492
105 18492
105 18492
105 18492
105 18492
105 18492
105 18492
105 18492
105 18493
105 18493
105 18495
105 18495
105 18778
105 18778
112 19027
112 19030
112 19030
104 19318
111 19399
111 19402
112 19678
112 19681
112 19681
112 19682
112 19682
104 19711
104 19714
104 19716
104 19719
105 19980
105 19980
105 19983
105 19983
105 19983
105 19983
112 20010
112 20015
112 20015
112 20015
499 20148
105 20186
105 20186
105 20189
105 20189
105 20190
105 20190
105 20190
105 20190
105 20190
105 20190
105 20192
105 20192
105 20192
105 20192
105 20192
105 20192
105 20307
105 20307
105 20310
105 20310
105 20310
105 20310
105 20311
105 20311
105 20311
105 20311
9 20466
9 20469
9 20469
9 20470
9 20470
9 20470
105 20549
105 20549
105 20552
105 20552
105 20552
105 20552
105 20552
105 20552
105 20553
105 20553
105 20553
105 20553
105 20553
105 20553
104 21203
104 21204
104 21208
105 21456
105 21456
105 21459
105 21459
105 21459
105 21459
105 21460
105 21460
105 21463
105 21463
109 21517
109 21521
104 21866
109 21923
109 21927
104 22379
109 22438
109 22441
109 22441
9 22667
9 22670
9 22671
9 22671
9 22671
9 22671
9 22673
9 22673
9 22673
9 22673
109 22697
109 22700
9 22821
9 22824
9 22825
9 22825
9 22825
9 22827
9 22827
112 22834
109 22856
112 22888
109 23043
105 23986
105 23986
105 23991
105 23991
105 23991
105 23991
105 23991
105 23991
105 23991
105 23991
105 23992
105 23992
105 23992
105 23992
105 23992
105 23992
105 23993
105 23993
105 23993
105 23993
105 23993
105 23993
105 23993
105 23993
105 23995
105 23995
105 23995
105 23995
105 23995
105 23995
105 24008
105 24008
105 24051
105 24051
105 24054
105 24054
112 24055
112 24059
112 24059
112 24061
112 24061
112 24062
112 24062
104 24136
104 24139
104 24156
112 24236
112 24241
105 24343
105 24343
105 24346
105 24346
105 24346
105 24346
105 24348
105 24348
105 24348
105 24348
105 24348
105 24348
105 24348
105 24348
105 24349
105 24349
105 24349
105 24349
105 24349
105 24349
105 24349
105 24349
9 24537
9 24541
9 24541
9 24541
9 24541
9 24543
9 24543
9 24543
9 24543
9 24544
9 24544
9 24544
9 24544
104 24618
104 24621
104 24624
104 24873
104 24876
104 24880
104 24892
104 24895
104 24899
499 25081
112 25823
112 25826
109 25979
109 25982
112 26253
112 26256
112 26256
112 26257
112 26257
112 26257
104 26280
104 26327
104 26330
111 26548
104 26654
104 26657
104 26660
104 26662
111 26698
104 26816
104 26819
104 27053
104 28243
104 28247
104 28247
104 29560
104 29563
111 29681
104 29718
111 31129
111 31313
104 31932
104 31935
104 31950
104 31951
104 32066
104 32521
104 32524
104 32535
104 32538
104 32600
104 32604
104 32604
104 32770
111 33268
111 33271
111 33271
111 33272
104 33498
104 33527
104 33530
104 33532
104 33532
104 33532
104 33532
126 33934
499 35001
112 36313
112 36318
112 36318
104 37258
104 37559
104 37562
104 37565
104 37572
104 37575
104 37578
111 37648
111 37649
111 37708
111 37708
111 37708
104 37749
104 37753
104 37753
112 38900
9 39904
9 39907
9 39907
9 39909
9 39909
9 39909
9 39909
9 39910
112 40096
112 40099
112 40099
112 40101
112 40101
112 40101
112 40101
112 40102
112 41310
112 41314
112 41314
112 41315
112 41315
112 41613
112 41616
112 41618
104 41700
104 41938
104 42819
111 43191
112 43783
112 43783
112 43783
112 43784
112 43784
112 43784
112 43784
112 43786
112 43786
105 44049
105 44049
105 44053
105 44053
105 44053
105 44053
105 44053
105 44053
105 44055
105 44055
105 44055
105 44055
111 44383
111 44386
111 44386
111 44387
104 44725
104 44727
104 44727
104 44729
9 45187
9 45191
9 45191
9 45191
9 45193
9 45193
9 45193
9 45193
9 45194
9 45194
9 45196
9 45196
499 46320
499 46323
126 47032
126 48676
126 49102
126 49475
104 49991
104 49994
104 53468
104 53471
104 53481
104 53484
104 53486
104 53737
105 54010
105 54010
105 54014
105 54014
105 54014
105 54014
105 54014
105 54014
105 54026
105 54026
105 54029
105 54029
105 54723
105 54723
105 54727
105 54727
105 54727
105 54727
105 55336
105 55336
105 55339
105 55339
105 55340
105 55340
105 55340
105 55340
105 55340
105 55340
105 55340
105 55340
105 55342
105 55342
105 55342
105 55342
105 55342
105 55342
105 55343
105 55343
105 55343
105 55343
105 55343
105 55343
105 55343
105 55343
105 55343
105 55343
105 55345
105 55345
105 55345
105 55345
105 55345
105 55345
105 55345
105 55345
105 55346
105 55346
112 57663
112 57666
112 57668
112 57668
112 57668
105 58327
105 58327
105 58331
105 58331
105 58331
105 58331
105 58331
105 58331
105 58333
105 58333
105 58333
105 58333
105 58333
105 58333
105 58333
105 58333
105 58334
105 58334
105 58334
105 58334
105 58334
105 58334
105 58336
105 58336
105 58336
105 58336
105 58336
105 58336
105 58336
105 58336
105 58337
105 58337
105 58337
105 58337
105 58337
105 58337
105 58339
105 58339
105 58339
105 58339
105 58339
105 58339
105 58339
105 58339
499 59470
499 59473
112 59477
112 59480
112 59480
112 59480
104 60173
112 61278
112 61281
111 61327
111 61330
111 61331
111 61331
111 61331
111 61331
111 61333
126 62134
112 64164
112 64167
112 64167
112 64167
499 65602
499 66267
112 67175
112 67178
104 70319
104 70324
104 70324
105 70588
105 70588
105 70593
105 70593
104 71162
104 71166
112 72547
112 72552
112 72552
112 73028
112 73031
104 73676
112 73928
112 73932
499 74349
499 74354
104 74681
126 75193
112 75472
112 75475
112 75475
112 75475
111 75796
112 75822
112 75825
112 75825
105 75900
105 75900
105 75904
105 75904
105 76088
105 76088
105 76091
105 76091
105 76234
105 76234
105 76237
105 76237
126 76588
105 76610
105 76610
105 76614
105 76614
105 76896
105 76896
105 76900
105 76900
105 76900
105 76900
105 76900
105 76900
105 77046
105 77046
105 77049
105 77049
126 77089
105 77275
105 77275
105 77279
105 77279
126 77387
105 77393
105 77393
105 77472
105 77472
105 77663
105 77663
105 77734
105 77734
105 77863
105 77863
126 77888
105 78003
105 78003
105 78161
105 78161
126 78186
105 78256
105 78256
105 78361
105 78361
105 78364
105 78364
105 78364
105 78364
105 78364
105 78364
105 78366
105 78366
105 78551
105 78551
105 78556
105 78556
126 78687
105 78887
105 78887
105 78890
105 78890
105 78891
105 78891
105 78891
105 78891
105 78891
105 78891
126 78985
105 79137
105 79137
105 79142
105 79142
105 79248
105 79248
105 79356
105 79356
126 79486
105 79602
105 79602
105 79605
105 79605
104 79641
126 79784
105 80051
105 80051
105 80056
105 80056
105 80056
105 80056
105 80207
105 80207
126 80285
105 80333
105 80333
105 80338
105 80338
105 80338
105 80338
105 80339
105 80339
105 80339
105 80339
105 80339
105 80339
105 80549
105 80549
126 80583
105 80719
105 80719
105 80908
105 80908
105 80911
105 80911
105 80911
105 80911
105 81052
105 81052
105 81055
105 81055
126 81084
104 81199
126 81382
105 81386
105 81386
105 81389
105 81389
105 81390
105 81390
104 81498
126 81883
104 81965
104 81968
104 81968
104 81968
104 81970
104 81970
104 81970
126 82181
126 82682
105 82701
105 82701
105 82706
105 82706
105 82706
105 82706
105 82706
105 82706
105 82706
105 82706
105 82707
105 82707
105 82707
105 82707
105 82707
105 82707
126 82980
105 83142
105 83142
105 83145
105 83145
105 83234
105 83234
105 83237
105 83237
105 83434
105 83434
105 83438
105 83438
126 83481
105 83705
105 83705
105 83709
105 83709
126 83779
105 84021
105 84021
105 84024
105 84024
126 84280
105 84481
105 84481
105 84483
105 84483
105 84483
105 84483
105 84483
105 84483
126 84578
105 84898
105 84898
105 84901
105 84901
105 84902
105 84902
105 84904
105 84904
126 85079
105 85205
105 85205
105 85207
105 85207
126 85377
105 85674
105 85674
105 85677
105 85677
105 85677
105 85677
105 85678
105 85678
126 85878
105 86127
105 86127
105 86130
105 86130
105 86132
105 86132
105 86132
105 86132
126 86176
105 86535
105 86535
105 86537
105 86537
105 86537
105 86537
105 86539
105 86539
126 86677
126 86975
105 87161
105 87161
105 87164
105 87164
105 87164
105 87164
105 87164
105 87164
105 87165
105 87165
105 87165
105 87165
