104 767
104 890
104 987
105 1820
105 1820
105 1823
105 1823
105 1852
105 1852
105 2088
105 2088
105 2340
105 2340
105 2589
105 2589
105 2855
105 2855
126 2913
104 3430
104 3433
104 3661
104 3702
126 3886
104 3902
104 3926
104 3962
104 3981
104 4053
104 4157
104 4279
126 4381
104 4577
104 4645
105 4687
105 4687
104 4718
104 4884
126 4922
104 5171
104 5174
104 5177
104 5180
104 5438
104 5492
104 5522
104 5538
104 5555
104 5580
104 5648
104 5682
104 5728
104 5783
104 5953
104 6002
104 6051
104 6255
104 6375
104 6378
104 6381
110 6873
110 6876
110 7118
104 7185
110 7200
110 7237
110 7396
110 7449
110 7613
110 7616
104 7754
104 8138
104 8141
104 8144
104 8155
104 8157
104 8160
110 8634
110 8636
110 8639
110 8642
110 8645
110 8648
110 8780
110 8783
110 8834
110 8937
110 8970
110 9100
110 9152
110 9155
110 9316
110 9319
104 9487
104 9601
104 9603
104 9615
104 9632
104 9632
104 9678
104 9681
104 9759
104 9762
104 9765
104 9811
104 9829
104 9858
104 9861
104 9887
104 9958
110 10195
110 10266
110 10293
110 10295
110 10359
110 10417
110 10420
110 10535
104 10679
110 10745
110 10778
104 10796
104 10829
110 10830
104 10862
126 10879
110 10937
110 10940
110 11003
110 11039
110 11075
110 11131
110 11212
110 11271
110 11599
110 11642
110 11668
110 11705
104 11734
104 11735
104 11738
104 11741
110 11914
110 11917
110 11951
110 12029
110 12032
110 12152
110 12154
110 12157
110 12199
110 12215
110 12261
110 12409
110 12415
104 12783
110 12792
110 12818
110 12863
110 12981
110 12984
110 12992
110 13044
110 13119
110 13120
110 13198
110 13201
110 13315
110 13317
110 13336
110 13446
110 13448
110 13477
110 13480
110 13512
110 13575
110 13669
110 13673
110 13794
110 13795
110 13798
110 13866
110 13867
110 13905
110 13952
110 14014
110 14017
110 14093
110 14111
110 14135
110 14183
110 14230
110 14288
110 14417
110 14502
110 14505
110 14508
110 14587
110 14614
110 14630
110 14751
110 14754
110 14761
110 14799
110 14950
110 14961
110 15041
110 15075
110 15130
110 15134
110 15199
110 15249
110 15343
110 15346
110 15349
110 15422
110 15449
110 15455
110 15605
110 15608
110 15647
110 15752
110 15754
110 15757
110 15805
110 15926
110 15929
110 16039
110 16111
110 16153
110 16290
110 16343
110 16346
110 16407
110 16479
110 16510
110 16581
110 16700
110 16751
104 16802
110 16884
110 16915
110 17069
110 17180
110 17181
110 17259
110 17355
110 17357
110 17486
110 17488
110 17545
110 17786
110 17803
110 18007
110 18010
110 18013
110 18014
110 18020
110 18180
110 18183
110 18186
110 18243
110 18392
110 18403
110 18481
110 18484
110 18695
110 18697
110 18904
110 18910
110 18910
110 18911
110 18911
110 18913
110 18924
110 18977
110 19059
110 19095
110 19159
110 19221
110 19347
110 19369
110 19416
110 19503
110 19648
110 19651
110 19745
110 19748
110 19782
110 19935
110 20071
110 20074
110 20076
110 20164
110 20164
110 20204
110 20220
110 20315
110 20355
110 20400
110 20454
110 20564
110 20690
110 20693
110 20721
110 20782
110 20844
110 20885
110 21047
110 21050
110 21066
110 21161
110 21247
110 21250
110 21373
