106 697
86 1114
88 1577
89 1728
86 2497
106 3382
138 3751
106 4388
87 4462
97 5043
138 5093
87 5098
106 5111
99 5340
88 5586
88 5606
87 5756
138 5797
106 6052
106 6071
87 6204
106 6405
87 6614
106 6712
99 6916
88 7201
106 7292
106 7328
138 7374
12 7375
13 7382
138 7394
88 7548
88 7601
92 7738
87 8480
87 8487
138 8532
138 8685
106 8915
87 9222
87 9233
87 9236
106 9248
87 9251
138 9255
106 9395
106 9647
106 9649
106 9652
90 9721
87 9872
87 9873
138 9881
87 9888
87 9888
96 9944
86 10376
106 10873
87 10974
106 11243
106 11288
87 11633
87 11641
87 11643
87 11652
106 11885
106 12762
106 13061
12 13993
12 13996
12 13996
12 13996
13 14000
13 14003
13 14003
13 14003
12 14765
12 14768
12 14769
12 14769
88 14990
88 15050
13 15284
13 15287
13 15288
13 15288
87 15298
106 16467
106 16709
106 16710
