106 677
86 1159
88 1573
89 1644
86 2414
106 3461
138 3686
87 4224
106 4290
106 4775
99 4807
99 4826
87 4936
138 5022
88 5364
106 5380
88 5470
106 5649
87 5690
106 6035
87 6044
97 6226
99 6534
106 7182
87 7201
106 7266
87 7269
106 7323
92 7343
88 7400
106 7405
88 7432
88 7877
87 8084
138 8173
87 8223
138 8223
106 8443
138 8479
138 8502
87 8640
106 8920
86 8939
106 9154
138 9224
91 9277
138 9314
106 9343
138 9417
138 9433
96 9602
90 9608
87 9683
106 10132
87 10387
87 10486
87 10487
87 10501
87 10502
99 10760
87 11021
106 11289
12 11297
106 11462
106 11465
87 11482
106 11554
106 11672
87 11696
106 11750
106 11794
106 11856
87 12517
86 12536
12 15014
12 15017
12 15020
12 15023
13 15368
13 15429
13 16139
