104 283
104 662
104 954
104 955
104 1426
104 1520
104 1609
104 2016
104 2090
104 2252
104 2721
104 2929
105 3121
105 3121
105 3124
105 3124
104 3494
126 3527
126 3530
104 3592
104 3671
104 3754
104 3985
104 4355
104 4620
104 4623
104 4639
126 4659
105 5019
105 5019
105 5023
105 5023
105 5026
105 5026
104 5193
104 5196
104 5359
104 5361
105 5427
105 5427
105 5550
105 5550
126 5551
105 5553
105 5553
105 5737
105 5737
105 5743
105 5743
105 5744
105 5744
105 5744
105 5744
105 5747
105 5747
104 5852
104 5885
104 5918
105 6104
105 6104
105 6110
105 6110
105 6277
105 6277
105 6280
105 6280
105 6340
105 6340
105 6343
105 6343
105 6426
105 6426
105 6611
105 6611
105 6615
105 6615
105 6618
105 6618
105 6801
105 6801
105 7173
105 7173
105 7179
105 7179
105 7267
105 7267
105 7363
105 7363
104 7446
104 7595
104 7598
104 7601
104 7676
104 7685
126 7726
104 7744
126 7944
104 8174
104 8177
104 8180
104 8265
104 8271
104 8373
104 8376
126 8431
104 8440
104 8474
104 8583
104 8586
126 8621
104 8967
104 8970
104 8973
104 8976
105 9151
105 9151
104 9280
104 9284
104 9285
104 9287
104 9287
104 9412
104 9415
105 9599
105 9599
105 9602
105 9602
105 9605
105 9605
105 9724
105 9724
105 9865
105 9865
105 9871
105 9871
105 9872
105 9872
105 9872
105 9872
105 10104
105 10104
105 10244
105 10244
105 10337
105 10337
105 10343
105 10343
105 10343
105 10343
105 10399
105 10399
105 10402
105 10402
105 10468
105 10468
105 10559
105 10559
126 10569
126 10572
105 10628
105 10628
105 10680
105 10680
