104 289
104 679
104 985
104 988
104 1080
104 1527
104 1589
104 1926
104 2032
104 2094
104 2271
104 2841
104 3112
104 3191
105 3398
105 3398
104 3469
105 3484
105 3484
126 3534
104 3620
126 3629
105 4139
105 4139
105 4142
105 4142
105 4273
105 4273
105 4516
105 4516
105 4519
105 4519
105 4611
105 4611
104 4632
104 4676
105 4683
105 4683
105 4686
105 4686
105 4686
105 4686
105 4687
105 4687
104 4971
104 5108
104 5111
104 5294
104 5412
104 5415
104 5426
105 5463
105 5463
105 5468
105 5468
105 5468
105 5468
104 5531
104 5605
9 5620
105 5623
105 5623
104 5877
105 6061
105 6061
104 6111
105 6189
105 6189
104 6284
104 6391
104 6395
104 6395
104 6395
105 6415
105 6415
104 6464
9 6538
9 6542
9 6591
9 6596
9 6596
104 6599
126 6907
104 7084
104 7087
104 7087
104 7089
104 7089
104 7089
104 7158
104 7162
104 7162
104 7361
9 7440
9 7443
105 7490
105 7490
105 7493
105 7493
105 7494
105 7494
104 7541
104 7572
104 7721
104 7725
104 7829
104 7833
104 7833
104 7990
104 7993
104 7993
104 8125
104 8128
104 8128
104 8129
105 8355
105 8355
105 8358
105 8358
9 8484
9 8487
105 8506
105 8506
105 8509
105 8509
105 8509
105 8509
105 8511
105 8511
105 8511
105 8511
105 8600
105 8600
110 8668
110 8744
110 8747
9 8779
110 8789
110 8822
110 8877
110 8999
104 9019
104 9023
104 9023
104 9023
110 9025
