106 708
88 1156
89 1198
86 1760
106 3106
86 3830
138 3873
106 4426
99 4483
99 4747
99 4820
87 4934
97 5372
87 5771
99 5852
88 6154
106 6293
106 6428
87 6642
106 6925
88 7497
88 7819
88 7847
106 8106
99 8192
91 8268
88 8468
88 8486
92 8511
90 8725
106 9041
87 9337
106 9516
106 9520
106 9523
106 9527
86 10194
106 10212
86 10735
106 11157
86 11180
138 11373
106 11377
106 11784
106 11787
88 11845
99 11899
88 11936
106 12114
106 12118
106 12972
106 12976
12 13032
12 13035
13 13098
86 13253
106 13349
106 13352
88 13707
88 13800
13 14863
96 15372
88 15441
88 15459
86 15460
99 15515
94 17105
99 17552
99 17593
92 18065
289 18150
289 18150
289 18150
289 18150
289 18150
289 18150
12 19348
12 19350
13 19355
13 19357
289 19903
289 19903
289 19903
289 19903
289 19903
289 19903
289 19903
289 19903
289 19903
