106 695
86 1203
88 1585
89 1689
106 2621
86 4219
96 4301
106 4371
138 4416
90 4771
106 5075
88 5328
106 5340
88 5353
138 5979
88 6007
97 6114
87 6439
92 6510
88 6947
87 7106
106 7484
106 7496
106 7595
88 7643
106 7883
106 7886
106 7889
106 7911
106 7913
87 8411
86 9296
106 11191
106 11193
106 11221
106 11223
106 11335
106 11352
98 11613
98 11645
94 11812
88 11875
98 11883
87 12010
87 12014
98 12475
88 12656
87 13247
87 13253
86 13599
12 13793
12 13796
16 13800
16 13803
93 14446
106 14715
106 14718
106 14863
87 15250
87 15267
98 15341
98 15363
87 15839
87 16405
90 16849
289 16901
289 16901
289 16901
289 16901
289 16901
289 16901
87 16993
12 17277
16 17284
289 19398
289 19398
289 19398
289 19398
289 19398
289 19398
289 19398
289 19398
289 19398
12 19475
12 19478
16 19482
16 19485
138 20199
86 20414
138 21330
87 21729
289 22611
289 22611
289 22611
289 22611
289 22611
289 22611
289 22611
289 22611
289 22611
289 22952
289 22952
289 22952
289 22952
289 22952
289 22952
289 22975
289 22975
289 22975
289 22975
289 22975
289 22975
12 23278
12 23281
12 23284
16 23285
12 23287
16 23288
12 23289
16 23291
12 23292
16 23294
12 23295
16 23296
16 23299
16 23302
86 23598
87 24009
12 24203
12 24206
16 24210
16 24213
138 24487
87 25290
98 25569
98 25658
96 25735
289 25794
289 25794
289 25794
289 25794
289 25794
289 25794
289 25794
289 25794
289 25794
98 26090
98 26150
87 26276
86 26528
12 26839
12 26842
16 26846
16 26849
12 28240
16 28247
289 29462
289 29462
289 29462
289 29462
289 29462
289 29462
289 29462
289 29462
289 29462
289 29957
289 29957
289 29957
289 29957
289 29957
289 29957
289 29957
289 29957
289 29957
