106 672
86 1069
88 1574
89 1636
86 2389
106 3395
138 3593
87 4127
106 4309
138 4452
106 4644
87 4855
138 4972
87 5019
97 5103
106 5265
87 5435
87 5532
106 5638
88 5658
88 5676
138 5686
106 5825
87 5987
88 6093
87 6170
138 6471
138 6483
106 6581
106 6701
106 6835
106 6876
106 6913
106 6989
138 7032
91 7142
106 7207
138 7368
87 7666
87 7669
12 7709
138 7742
13 7820
106 7854
106 8079
87 8260
138 8305
138 8315
88 8389
87 8612
138 8619
87 8664
106 8679
106 8682
87 8713
106 8986
106 9231
106 10500
12 10903
12 10906
13 10910
13 10913
87 11212
87 11219
87 11223
12 12400
13 12407
106 12629
106 12631
106 12641
