104 293
104 675
104 971
104 993
104 1445
104 1531
104 1613
104 2031
104 2092
104 2274
104 2550
104 2845
105 3154
105 3154
104 3326
104 3366
104 3467
126 3668
104 3743
104 3903
104 3906
105 4143
105 4143
126 4192
105 4194
105 4194
126 4509
104 4597
104 4639
104 4642
104 4646
104 4778
104 4780
126 5013
104 5013
104 5042
104 5050
104 5079
104 5291
104 5294
104 5337
104 5374
104 5461
104 5464
126 5504
104 5639
104 5642
104 5690
104 5694
104 5780
104 5783
104 6129
104 6137
104 6140
110 6489
110 6492
110 6492
110 6492
110 6549
104 6635
104 6637
110 6686
104 6725
104 6727
104 6763
104 6906
104 6909
110 7135
110 7138
104 7152
104 7214
104 7217
104 7220
104 7414
104 7417
104 7418
104 7418
104 7418
104 7418
104 7633
104 7713
104 7746
104 7779
104 7824
104 7827
104 7827
110 7837
110 7840
110 7843
110 7846
110 7850
104 8255
104 8258
104 8258
104 8258
104 8259
104 8259
104 8259
104 8259
104 8350
104 8543
104 8547
104 8659
105 8770
105 8770
104 8852
104 8856
104 8858
104 8861
104 8966
104 8969
104 9126
104 9324
104 9327
104 9354
104 9357
108 9985
108 9988
108 9988
108 9988
108 9989
108 9989
108 10013
110 10059
110 10061
110 10061
110 10223
104 10224
110 10224
110 10224
104 10457
104 10460
104 10842
110 10924
110 10925
110 10925
110 10927
110 10927
110 10927
110 10927
110 11337
110 11338
110 11340
110 11340
110 11340
110 11497
110 11499
110 11499
110 11499
108 11775
108 11777
108 11778
110 11784
110 11787
110 11787
105 11829
105 11829
105 11833
105 11833
105 11833
105 11833
105 11967
105 11967
105 11968
105 11968
105 12070
105 12070
105 12073
105 12073
105 12073
105 12073
105 12073
105 12073
105 12075
105 12075
105 12377
105 12377
105 12378
105 12378
105 12380
105 12380
105 12381
105 12381
105 12381
105 12381
105 12381
105 12381
105 12381
105 12381
9 12476
9 12479
9 12479
9 12479
9 12480
9 12480
9 12480
9 12480
9 12480
9 12480
9 12480
9 12480
9 12481
9 12481
9 12481
9 12481
9 12481
9 12481
9 12484
110 12713
110 12716
110 12720
110 13080
110 13312
110 13315
110 13315
110 13315
110 13316
110 13316
110 13316
110 13316
110 13316
110 13316
110 13387
110 13477
110 13479
110 13479
110 13565
110 13602
110 13722
110 13725
110 13725
110 13725
110 13831
110 13834
110 13836
9 13957
9 13958
9 13960
110 14033
110 14036
110 14036
110 14122
110 14328
110 14331
110 14331
110 14331
110 14331
110 14342
110 14620
110 14707
110 14709
110 14709
110 14709
110 14709
110 14711
110 14711
110 14815
110 14856
104 14873
104 14876
104 14876
104 14878
104 14878
104 14878
104 14878
104 14878
105 15288
105 15288
105 15289
105 15289
105 15290
105 15290
105 15290
105 15290
105 15290
105 15290
105 15290
105 15290
105 15545
105 15545
105 15548
105 15548
105 15548
105 15548
105 15548
105 15548
105 15548
105 15548
105 15548
105 15548
105 15548
105 15548
105 15550
105 15550
110 16443
110 16444
110 16444
110 16444
110 16445
110 16445
110 16445
110 16445
110 16445
110 16445
110 16447
110 16447
110 16447
110 16447
110 16447
110 16447
110 16447
110 16447
110 16447
110 16447
110 16447
110 16447
110 16448
9 16676
9 16676
9 16676
9 16676
9 16676
9 16676
9 16676
9 16680
9 16680
9 16680
9 16680
9 16689
9 16708
105 16969
105 16969
105 16972
105 16972
105 16972
105 16972
105 16972
105 16972
105 16972
105 16972
105 16972
105 16972
105 16973
105 16973
