104 289
104 664
104 954
104 957
104 1055
104 1497
104 1565
104 1975
104 2057
104 2237
104 2914
105 3077
105 3077
105 3162
105 3162
126 3486
126 3573
104 3596
104 3599
104 3602
104 3733
104 3858
104 3983
104 4016
126 4324
104 4350
104 4434
104 4447
104 4496
104 4609
104 4775
104 4778
104 4802
104 4884
104 5253
104 5256
104 5368
104 5394
105 5457
105 5457
105 5460
105 5460
104 5502
104 5503
104 5548
104 5551
104 5554
126 5607
104 5958
104 5961
104 5964
104 6208
104 6210
104 6221
104 6470
104 6472
105 6523
105 6523
105 6526
105 6526
105 6528
105 6528
126 6641
104 6682
104 6689
104 6730
104 6794
104 6806
104 6993
126 7102
104 7147
104 7196
104 7197
104 7369
104 7370
104 7373
104 7399
104 7400
104 7403
104 7612
104 7615
104 7616
104 7619
104 7652
104 7654
105 8140
105 8140
105 8143
105 8143
105 8146
105 8146
104 8170
104 8173
104 8176
104 8221
104 8268
104 8271
104 8486
104 8489
104 8491
104 8493
104 8504
105 8788
105 8788
105 8791
105 8791
105 8791
105 8791
105 8791
105 8791
105 8791
105 8791
105 8791
105 8791
105 8792
105 8792
9 8847
9 8850
9 8852
9 8855
105 8946
105 8946
105 9181
105 9181
105 9184
105 9184
105 9184
105 9184
105 9184
105 9184
105 9184
105 9184
105 9471
105 9471
105 9473
105 9473
105 9474
105 9474
9 9805
9 9806
9 9806
9 9808
9 9808
9 9808
9 9808
108 9934
108 9936
108 9936
108 9936
108 10152
108 10155
108 10158
108 10161
105 10198
105 10198
105 10361
105 10361
105 10364
105 10364
105 10364
105 10364
105 10364
105 10364
105 10364
105 10364
105 10365
105 10365
105 10365
105 10365
105 10466
105 10466
105 10469
105 10469
104 10822
104 10825
104 10838
104 10841
104 10849
104 10891
104 10894
104 11036
104 11039
104 11042
108 11209
108 11212
108 11215
104 11363
104 11365
105 11384
105 11384
9 11385
105 11387
105 11387
9 11388
105 11390
105 11390
105 11393
105 11393
105 11396
105 11396
105 11399
105 11399
105 11671
105 11671
105 11674
105 11674
105 11674
105 11674
105 11674
105 11674
105 11674
105 11674
105 11675
105 11675
105 11675
105 11675
105 11675
105 11675
105 11675
105 11675
105 11743
105 11743
105 11744
105 11744
105 11749
105 11749
105 11858
105 11858
105 12001
105 12001
105 12003
105 12003
105 12003
105 12003
105 12003
105 12003
105 12205
105 12205
105 12206
105 12206
105 12206
105 12206
105 12208
105 12208
105 12208
105 12208
105 12208
105 12208
9 12247
104 12247
9 12250
9 12258
9 12260
9 12263
104 12381
104 12384
105 12405
105 12405
105 12408
105 12408
105 12408
105 12408
105 12408
105 12408
105 12408
105 12408
105 12408
105 12408
105 12408
105 12408
105 12409
105 12409
105 12409
105 12409
105 12409
105 12409
104 12526
104 12529
104 12843
104 12846
108 12922
9 13091
9 13094
9 13097
9 13100
9 13293
9 13294
9 13297
9 13300
9 13303
9 13304
104 13390
104 13393
104 13400
108 13541
9 13544
9 13546
9 13549
9 13552
9 13555
9 13556
108 13580
108 13583
108 13585
108 13587
108 13590
105 13711
105 13711
105 13714
105 13714
105 13714
105 13714
105 13714
105 13714
9 13793
9 13796
9 13798
9 13801
9 14008
9 14011
9 14012
105 14216
105 14216
105 14217
105 14217
105 14219
105 14219
105 14219
105 14219
105 14219
105 14219
105 14219
105 14219
105 14219
105 14219
105 14220
105 14220
105 14220
105 14220
105 14220
105 14220
105 14220
105 14220
105 14220
105 14220
105 14220
105 14220
105 14220
105 14220
105 14541
105 14541
105 14544
105 14544
105 14544
105 14544
105 14544
105 14544
105 14546
105 14546
105 14546
105 14546
105 14546
105 14546
105 14760
105 14760
105 14761
105 14761
105 14761
105 14761
105 14763
105 14763
105 14763
105 14763
105 14763
105 14763
105 14763
105 14763
9 14895
9 14898
105 14902
105 14902
105 14905
105 14905
105 14905
105 14905
9 14964
9 14965
105 15013
105 15013
105 15016
105 15016
105 15193
105 15193
105 15196
105 15196
105 15196
105 15196
105 15196
105 15196
105 15196
105 15196
105 15353
105 15353
105 15354
105 15354
105 15356
105 15356
105 15356
105 15356
105 15356
105 15356
105 15356
105 15356
105 15356
105 15356
105 15356
105 15356
105 15464
105 15464
105 15467
105 15467
9 15515
9 15516
9 15519
9 15522
9 15525
9 15527
105 15650
105 15650
105 15652
105 15652
105 15652
105 15652
105 15652
105 15652
105 15654
105 15654
9 15655
9 15656
9 15659
104 15692
104 15705
105 15782
105 15782
105 15783
105 15783
105 15785
105 15785
9 15894
9 15895
9 15898
9 15901
9 15902
105 15994
105 15994
105 15996
105 15996
105 16189
105 16189
105 16191
105 16191
105 16192
105 16192
105 16192
105 16192
105 16192
105 16192
105 16192
105 16192
105 16260
105 16260
105 16263
105 16263
105 16263
105 16263
105 16263
105 16263
105 16263
105 16263
105 16264
105 16264
105 16264
105 16264
105 16264
105 16264
105 16264
105 16264
105 16264
105 16264
105 16264
105 16264
105 16266
105 16266
9 16412
9 16413
9 16415
9 16415
9 16415
105 16496
105 16496
105 16497
105 16497
108 16503
108 16506
108 16509
108 16512
105 16673
105 16673
105 16676
105 16676
