106 689
86 1199
88 1600
89 1734
86 2333
106 3589
138 3759
99 4441
99 4509
99 4706
106 4734
87 4943
106 5153
88 5179
138 5254
97 5370
106 5469
138 5699
87 5784
87 5838
99 5905
99 5937
88 6334
88 6341
106 6486
87 6640
87 6659
106 6663
106 6670
87 6744
12 7568
13 7575
87 7577
106 7617
106 7663
87 7728
106 7752
106 7790
92 7804
106 8076
87 8217
12 8452
88 8750
88 8751
138 8829
138 8871
13 8963
106 9244
106 9498
106 9501
106 9504
12 9869
13 9876
86 10069
106 10399
98 10549
98 10602
106 10664
106 10830
106 10833
106 11181
106 11514
