104 287
104 673
104 954
104 958
104 1443
104 1524
104 1612
104 2039
104 2083
104 2121
104 2236
104 2478
105 3127
105 3127
105 3129
105 3129
104 3268
104 3350
104 3444
104 3461
126 3562
126 3579
104 3887
104 3936
104 3982
104 4188
104 4190
104 4572
104 4583
104 4584
104 4600
104 4629
104 4702
104 4717
126 4882
104 4904
104 4935
104 5161
105 5489
105 5489
104 5560
104 5561
104 5564
105 5590
105 5590
105 5591
105 5591
105 5594
105 5594
105 5596
105 5596
104 5751
104 5777
126 5971
104 5977
105 5999
105 5999
104 6090
104 6116
105 6143
105 6143
105 6159
105 6159
104 6183
104 6185
126 6472
105 6825
105 6825
105 6831
105 6831
105 6832
105 6832
105 6832
105 6832
105 6834
105 6834
105 6834
105 6834
105 6835
105 6835
105 6835
105 6835
126 6881
104 6997
105 7147
105 7147
105 7149
105 7149
105 7152
105 7152
105 7155
105 7155
105 7162
105 7162
105 7255
105 7255
105 7257
105 7257
105 7260
105 7260
105 7506
105 7506
105 7507
105 7507
126 7537
105 7764
105 7764
105 7765
105 7765
105 7768
105 7768
105 7769
105 7769
105 7772
105 7772
126 7858
105 7895
105 7895
105 8073
105 8073
105 8074
105 8074
105 8077
105 8077
105 8080
105 8080
105 8082
105 8082
105 8085
105 8085
105 8177
105 8177
105 8178
105 8178
105 8315
105 8315
105 8316
105 8316
105 8319
105 8319
126 8382
105 8545
105 8545
105 8547
105 8547
105 8550
105 8550
105 8724
105 8724
105 8725
105 8725
105 8728
105 8728
105 8839
105 8839
105 8840
105 8840
105 8842
105 8842
126 8858
105 9016
105 9016
105 9076
105 9076
105 9078
105 9078
105 9138
105 9138
105 9141
105 9141
105 9143
105 9143
105 9294
105 9294
105 9295
105 9295
