106 683
86 1111
88 1587
89 1698
86 3096
106 3618
138 3804
138 4341
106 4367
87 4745
87 4827
106 4859
106 5045
99 5853
99 5998
99 6004
87 6167
138 6228
138 6250
90 6265
90 6293
99 6426
106 6448
106 6452
106 6455
106 6860
99 6932
99 7022
99 7107
99 7196
88 7278
88 7288
99 7292
96 7418
88 7479
87 7503
87 7632
88 7666
88 7669
138 7669
138 7673
138 7932
86 7979
106 8521
106 8524
106 8868
106 8871
92 9165
87 9243
87 9283
87 9300
86 9627
87 9684
106 9910
106 9981
88 10348
88 10355
87 10457
138 10473
87 10485
87 10617
87 10645
91 10857
106 10922
289 11381
289 11381
289 11381
289 11381
289 11381
289 11381
289 11381
289 11381
289 11381
106 11590
94 12138
86 12270
87 12881
138 12881
87 12891
138 12896
138 12903
87 12995
87 13016
106 13329
106 13332
106 13336
106 13340
106 13343
87 13640
87 13674
87 13729
87 13753
87 13755
138 13755
87 13779
138 13782
87 13801
138 13823
138 13849
138 13883
138 13922
138 13977
87 14399
87 14408
86 14420
87 14425
87 14461
87 14469
87 14474
87 14658
106 14683
106 14688
86 14972
289 15697
289 15697
289 15697
289 15697
289 15697
289 15697
289 15697
289 15697
289 15697
87 15978
87 15988
87 16002
87 16010
87 16013
106 16056
87 17786
87 17796
87 17813
87 17836
87 17837
