106 696
86 1113
88 1563
89 1690
106 2900
138 3653
86 3764
87 4225
138 4307
106 4364
87 4778
87 4828
138 4978
106 5037
106 5567
87 5594
87 5601
106 5694
87 5828
138 5902
106 5933
87 6163
87 6191
99 6290
99 6301
99 6314
88 6389
88 6421
87 6455
97 6648
106 6809
88 6936
87 6945
87 6951
88 6970
90 6975
88 7070
86 7358
106 7482
138 7567
106 7649
106 7713
138 7832
138 7840
138 7870
106 8494
106 8573
87 8655
138 8760
138 8787
138 8811
95 8815
138 8878
138 8886
87 8895
106 9114
87 9115
87 9141
87 9158
87 9313
106 9314
87 9621
87 9623
87 9626
106 9736
106 9860
106 9907
106 9909
106 9913
106 10040
106 10057
87 10408
87 10409
87 10413
87 10416
87 10436
87 10472
87 10490
142 10550
12 10658
106 10660
15 10665
142 10840
106 11001
142 11159
106 11315
142 11564
