104 287
104 650
104 942
104 942
104 1416
104 1495
104 1571
104 1977
104 2049
104 2225
105 3087
105 3087
105 3088
105 3088
105 3091
105 3091
105 3094
105 3094
105 3437
105 3437
126 3526
104 4514
104 4515
104 4539
104 4815
104 4823
104 4912
104 4963
104 5105
105 5940
105 5940
105 5944
105 5944
105 5946
105 5946
105 6002
105 6002
105 6045
105 6045
126 6131
105 6182
105 6182
105 6184
105 6184
105 6186
105 6186
105 6303
105 6303
105 6305
105 6305
105 6425
105 6425
105 6671
105 6671
105 6966
105 6966
105 6970
105 6970
105 6970
105 6970
105 6970
105 6970
105 6972
105 6972
105 7047
105 7047
105 7051
105 7051
105 7198
105 7198
105 7276
105 7276
105 7280
105 7280
