106 693
86 1168
88 1569
89 1651
106 2625
86 3346
138 4289
106 4298
106 4932
138 5107
87 5150
106 5180
88 5364
88 5379
97 5419
87 5782
87 5801
99 6069
106 6111
138 6169
138 6170
99 6210
106 6213
138 6648
138 6649
87 6657
99 6766
138 6859
87 6935
87 6940
106 7506
88 7560
88 7586
87 7633
87 7635
106 7708
88 7729
106 7821
87 7834
87 7834
106 7875
138 7930
138 7963
87 8012
87 8071
90 8157
90 8203
138 8325
138 8327
91 8482
87 8519
87 8523
87 8552
99 8901
87 9300
87 9311
87 9384
87 9392
87 9421
86 9459
106 9504
106 9539
94 9626
138 9812
106 9822
138 9828
138 9842
86 9908
87 10066
87 10078
87 10306
106 10702
92 10730
87 10755
106 10827
138 10917
138 10926
138 10944
87 10955
87 11004
87 11006
87 11010
106 11046
106 11056
88 11173
12 11207
12 11210
12 11212
15 11214
15 11217
15 11219
88 11255
99 11580
106 11793
87 11805
99 11981
87 12008
87 12009
87 12010
87 12309
87 12310
87 12313
12 12327
12 12329
12 12332
12 12335
106 12667
87 12703
15 12710
15 12710
87 12711
15 12712
15 12715
87 12721
87 12757
87 12784
106 12833
106 12862
106 12884
86 12942
106 12999
87 13019
87 13020
87 13020
86 13695
87 13766
87 13774
138 13880
138 13890
138 13900
12 14028
12 14031
12 14034
15 14035
138 14101
138 14145
138 14146
289 14584
289 14584
289 14584
289 14584
289 14584
289 14584
89 14738
87 14805
106 15236
12 15607
12 15608
138 15636
138 15639
87 16017
88 16308
98 16311
98 16373
88 16384
12 16394
98 16394
98 16404
15 16449
12 18159
12 18161
12 18161
12 18162
99 18165
15 18446
15 18448
15 18448
15 18449
99 18590
99 19058
87 19514
87 19523
87 19526
12 19662
12 19663
15 19669
15 19670
86 19830
289 20195
289 20195
289 20195
289 20195
289 20195
289 20195
106 20219
289 20722
289 20722
289 20722
289 20722
289 20722
289 20722
289 20722
289 20722
289 20722
99 20948
86 21100
87 21167
87 21181
87 21288
87 21307
87 21311
86 21338
87 21903
106 22154
106 22181
88 22481
88 22515
86 22615
289 22777
289 22779
289 22779
289 22781
289 22807
289 22807
289 22821
289 22828
289 22835
289 22836
289 22853
289 22859
289 22859
289 22862
289 22880
289 22895
289 22927
289 22932
289 22934
289 22939
289 22943
289 22948
289 22950
289 22950
289 22950
289 22950
289 22952
289 22969
289 22982
289 22988
289 22989
289 22994
289 22997
289 23003
289 23020
824 23022
289 23029
289 23031
289 23034
289 23040
289 23043
289 23060
289 23068
289 23079
289 23082
824 23088
289 23108
289 23117
289 23158
289 23161
289 23187
289 23199
289 23227
289 23256
289 23577
289 23577
289 23577
289 23577
289 23577
289 23577
289 23577
289 23577
289 23577
