104 286
104 654
104 962
104 965
104 1422
104 1504
104 1917
104 1992
104 2074
104 2264
105 2980
105 2980
105 3021
105 3021
105 3085
105 3085
105 3087
105 3087
105 3319
105 3319
126 3483
126 3493
104 3774
104 3777
104 3787
104 3906
104 4208
104 4243
126 4533
104 4551
104 4554
104 4586
104 4588
104 4591
104 4807
104 5020
104 5089
104 5105
104 5268
110 6104
110 6107
110 6107
104 6120
110 6218
110 6254
110 6307
110 6414
105 6471
105 6471
110 6598
110 6605
104 6679
110 6746
104 6858
104 6860
104 7201
104 7306
104 7354
104 7401
104 7498
104 7693
104 7796
104 7808
104 7885
104 7948
104 8007
104 8141
104 8144
104 8253
104 8678
104 8681
104 8818
104 8946
104 8949
104 8951
104 8956
104 8992
104 9038
110 9598
110 9632
110 9684
110 9749
110 9831
110 9998
110 10001
110 10142
110 10145
