104 286
104 675
104 998
104 1001
104 1456
104 1547
104 1623
104 2036
104 2141
104 2277
105 3153
105 3153
105 3156
105 3156
105 3156
105 3156
105 3156
105 3156
105 3388
105 3388
105 3431
105 3431
126 3553
105 3940
105 3940
105 4048
105 4048
126 4176
105 4214
105 4214
105 4215
105 4215
105 4493
105 4493
105 4555
105 4555
105 4925
105 4925
105 4929
105 4929
105 5161
105 5161
105 5162
105 5162
105 5164
105 5164
105 5403
105 5403
105 5612
105 5612
105 5770
105 5770
105 5891
105 5891
105 5999
105 5999
105 6166
105 6166
105 6390
105 6390
105 6517
105 6517
105 6743
105 6743
105 6785
105 6785
105 6945
105 6945
105 7068
105 7068
105 7244
105 7244
105 7568
105 7568
105 7569
105 7569
105 7690
105 7690
105 7818
105 7818
104 7893
104 8053
104 8161
104 8282
104 8435
104 8547
104 8708
105 8912
105 8912
104 8983
105 9029
105 9029
