104 287
104 672
104 970
104 970
104 1437
104 1534
104 1616
104 2022
104 2092
104 2146
104 2252
104 2517
104 2733
105 3123
105 3123
104 3240
104 3316
126 3530
126 3534
104 3546
104 3549
104 3703
104 3706
104 4109
104 4171
104 4188
126 4440
104 4468
104 4470
104 4519
104 4522
104 4578
104 4951
104 4955
104 5071
104 5075
104 5222
104 5225
104 5225
104 5348
104 5351
104 5569
104 5572
104 5573
104 5573
104 5573
104 6024
104 6026
104 6119
110 6299
110 6302
104 6306
104 6339
104 6372
110 6499
110 6502
110 6932
110 6936
110 6936
110 6936
110 7214
110 7217
110 7217
110 7380
110 7383
110 7384
110 7814
110 7817
104 7876
104 7880
104 7880
104 7880
104 7880
104 7882
104 7882
110 8328
104 8338
104 8371
110 8513
110 8515
110 8573
110 8967
110 8970
110 8970
104 9031
104 9033
104 9033
104 9033
104 9035
104 9035
104 9035
104 9036
104 9084
126 9449
110 9458
110 9461
110 9463
110 9463
110 9645
110 9650
110 9650
110 9650
110 9850
110 9854
110 9854
110 9955
110 9958
