104 287
104 462
104 558
104 820
104 1078
104 1078
104 1377
104 1898
104 2015
104 2090
104 2280
104 2392
104 2769
126 2877
104 2958
105 3300
105 3300
104 3526
105 3562
105 3562
126 3676
104 3679
104 3696
104 3880
104 3936
126 3984
104 4004
104 4138
104 4141
105 4715
105 4715
105 4745
105 4745
105 4872
105 4872
105 4875
105 4875
105 4908
105 4908
105 5004
105 5004
105 5073
105 5073
105 5076
105 5076
105 5082
105 5082
105 5131
105 5131
105 5282
105 5282
105 5337
105 5337
105 5416
105 5416
104 5419
9 5533
9 5535
104 5648
104 5737
105 5793
105 5793
104 5842
9 5974
9 5977
9 6097
105 6140
105 6140
105 6261
105 6261
104 6421
104 6424
104 6425
105 6472
105 6472
105 6716
105 6716
105 6719
105 6719
105 6742
105 6742
104 6785
9 6819
9 6822
104 6831
104 6905
104 6998
104 7033
104 7107
104 7142
104 7215
104 7279
104 7355
105 7687
105 7687
105 7690
105 7690
105 7693
105 7693
105 7696
105 7696
105 7733
105 7733
105 8047
105 8047
105 8059
105 8059
9 8141
9 8144
104 8220
104 8223
104 8226
104 8260
104 8374
104 8377
104 8393
104 8508
104 8511
105 8642
105 8642
104 8760
105 8863
105 8863
104 8949
105 8996
105 8996
104 9006
104 9009
104 9075
105 9376
105 9376
105 9379
105 9379
104 9386
104 9419
105 9474
105 9474
104 9501
104 9508
104 9536
104 9805
104 9808
104 9811
104 9838
104 9850
9 10040
9 10043
105 10055
105 10055
9 10154
9 10162
105 10163
105 10163
9 10168
126 10301
110 10771
110 10773
110 10775
110 10778
110 10780
110 10833
110 11066
104 11092
110 11128
104 11168
110 11189
104 11227
104 11230
110 11230
104 11266
104 11322
110 11635
110 11658
110 11711
110 11714
110 11717
104 11832
104 11835
104 11838
104 11839
104 11842
104 11850
108 12789
108 12795
108 12795
108 12796
108 12796
108 12796
108 12796
108 12796
108 12842
108 12973
108 13039
108 13090
108 13612
108 13615
108 13618
108 13624
108 13671
108 13850
110 13893
108 13912
105 14140
105 14140
105 14148
105 14148
105 14148
105 14148
105 14148
105 14148
105 14148
105 14148
108 14194
108 14264
105 14366
105 14366
108 14379
110 14501
110 14550
108 14585
110 14671
110 14712
110 14846
110 14899
108 14942
110 14964
110 15028
104 15083
110 15111
110 15112
110 15154
110 15206
110 15408
110 15449
110 15599
110 15611
110 15625
110 15645
