104 289
104 673
104 973
104 975
104 1465
104 1553
104 1613
104 1835
104 2095
104 2258
104 2513
104 2773
105 3209
105 3209
104 3322
104 3407
104 3507
104 3510
126 3619
105 3919
105 3919
105 3922
105 3922
104 4033
104 4136
126 4266
104 4332
104 4468
104 4469
126 4502
104 4601
104 4603
104 4727
104 4729
104 4940
104 4996
104 5179
104 5181
104 5184
104 5395
104 5399
126 5404
104 5478
104 5541
104 5583
105 5891
105 5891
105 5892
105 5892
126 5902
105 5986
105 5986
105 5989
105 5989
105 6164
105 6164
105 6167
105 6167
105 6167
105 6167
105 6176
105 6176
105 6220
105 6220
104 6595
104 6599
104 6599
104 6599
104 6599
104 6599
104 6599
104 6601
104 6601
104 6689
104 7204
104 7207
105 7258
105 7258
105 7260
105 7260
105 7261
105 7261
105 7263
105 7263
105 7266
105 7266
104 7277
104 7280
104 7363
104 7396
104 7444
104 7447
104 7476
126 7530
104 7549
104 7552
104 7555
104 7729
104 7732
104 7734
104 7778
104 7781
105 8023
105 8023
105 8026
105 8026
105 8026
105 8026
105 8026
105 8026
105 8026
105 8026
104 8065
104 8066
104 8069
110 8467
110 8467
110 8467
105 8839
105 8839
105 8842
105 8842
105 8842
105 8842
105 8842
105 8842
105 8842
105 8842
105 8842
105 8842
105 8842
105 8842
105 8843
105 8843
105 8843
105 8843
105 8843
105 8843
104 8951
104 8954
104 8954
104 8954
104 8954
104 8956
104 9131
104 9134
104 9390
104 9393
104 9395
104 9395
104 9720
104 9723
104 9926
104 9930
104 9930
104 9930
107 10011
107 10013
107 10013
107 10016
107 10271
107 10274
107 10277
107 10429
107 10431
107 10432
104 10522
107 10575
107 10578
104 10600
104 10602
104 10602
104 10604
104 10604
104 10604
107 11024
107 11027
107 11027
105 11161
105 11161
105 11165
105 11165
105 11168
105 11168
105 11169
105 11169
104 11188
104 11191
104 11194
107 11305
107 11308
107 11312
105 11440
105 11440
105 11441
105 11441
105 11441
105 11441
105 11441
105 11441
105 11443
105 11443
105 11443
105 11443
105 11443
105 11443
105 11997
105 11997
105 12001
105 12001
105 12001
105 12001
105 12001
105 12001
105 12001
105 12001
105 12001
105 12001
105 12001
105 12001
105 12001
105 12001
105 12003
105 12003
105 12003
105 12003
105 12003
105 12003
105 12003
105 12003
105 12003
105 12003
9 12035
9 12037
9 12037
9 12038
9 12038
9 12038
9 12038
9 12038
9 12040
9 12040
9 12153
9 12156
9 12156
9 12156
9 12156
9 12156
9 12156
9 12158
9 12158
9 12158
105 12404
105 12404
105 12406
105 12406
105 12406
105 12406
105 12407
105 12407
105 12407
105 12407
105 12407
105 12407
105 12407
105 12407
105 12407
105 12407
9 12536
9 12543
105 12545
105 12545
105 12548
105 12548
105 12550
105 12550
105 12550
105 12550
105 12550
105 12550
105 13170
105 13170
105 13173
105 13173
105 13173
105 13173
105 13173
105 13173
105 13173
105 13173
105 13173
105 13173
105 13173
105 13173
105 13174
105 13174
105 13174
105 13174
105 13174
105 13174
105 13174
105 13174
105 13174
105 13174
105 13174
105 13174
105 13176
105 13176
105 13176
105 13176
105 13176
105 13176
105 13176
105 13176
105 13176
105 13176
9 13188
9 13191
9 13191
112 13831
112 13834
112 13834
105 14035
105 14035
105 14038
105 14038
105 14038
105 14038
105 14038
105 14038
105 14038
105 14038
105 14038
105 14038
105 14038
105 14038
105 14038
105 14038
105 14038
105 14038
105 14040
105 14040
105 14040
105 14040
112 14254
112 14257
112 14260
112 14262
9 14263
9 14266
9 14266
9 14266
9 14266
9 14268
9 14268
9 14268
9 14363
9 14366
9 14366
9 14366
9 14366
9 14366
9 14367
9 14367
9 14367
9 14367
9 14367
9 14367
9 14369
9 14369
9 14369
9 14369
9 14369
9 14370
9 14370
9 14370
9 14370
9 14370
9 14370
9 14370
9 14370
9 14371
9 14371
9 14489
9 14492
9 14492
9 14492
9 14492
9 14494
105 14497
105 14497
105 14499
105 14499
9 14500
105 15043
105 15043
105 15046
105 15046
105 15046
105 15046
105 15046
105 15046
105 15047
105 15047
105 15047
105 15047
105 15047
105 15047
105 15047
105 15047
105 15047
105 15047
105 15047
105 15047
105 15049
105 15049
105 15049
105 15049
105 15668
105 15668
105 15669
105 15669
105 15670
105 15670
105 15670
105 15670
105 15670
105 15670
105 15670
105 15670
105 15670
105 15670
105 15670
105 15670
105 15672
105 15672
105 15672
105 15672
126 15940
126 15941
9 16012
9 16015
9 16015
9 16015
9 16015
9 16015
105 16062
105 16062
105 16063
105 16063
105 16189
105 16189
105 16192
105 16192
105 16192
105 16192
105 16192
105 16192
105 16192
105 16192
9 16214
9 16215
9 16217
9 16217
9 16217
9 16217
9 16217
9 16217
105 16354
105 16354
105 16356
105 16356
105 16356
105 16356
