104 283
104 643
104 954
104 954
104 1088
104 1272
104 1512
104 1712
104 1777
104 1778
104 2054
105 2556
105 2556
104 2857
126 2964
104 3148
104 3199
104 3451
104 3588
104 3671
126 3763
104 3828
104 3919
104 3944
104 4239
104 4289
104 4355
104 4419
104 4499
104 4724
104 4724
104 4872
104 4872
104 4908
104 5036
126 5215
104 5289
104 5289
104 5357
104 5360
104 5360
104 5361
104 5796
104 5796
104 5798
104 5798
126 6016
105 6196
105 6196
105 6199
105 6199
126 6295
105 6336
105 6336
105 6339
105 6339
105 6343
105 6343
105 6346
105 6346
104 6477
104 6480
104 6483
104 6621
104 6622
104 6622
104 6831
104 6834
126 6848
104 7107
104 7107
104 7109
104 7109
104 7109
104 7109
104 7341
104 7341
104 7342
104 7726
104 7726
104 7728
104 7728
105 8110
105 8110
105 8115
105 8115
105 8115
105 8115
105 8115
105 8115
105 8115
105 8115
105 8116
105 8116
105 8116
105 8116
110 8471
110 8475
104 8504
104 8511
104 8514
104 8517
104 8723
110 8752
110 8756
110 8756
110 8757
104 8864
104 8866
104 8869
110 9045
110 9206
110 9261
110 9356
110 9360
110 9506
110 9509
110 9510
110 9510
104 9631
494 10144
494 10147
494 10149
494 10149
494 10149
494 10149
494 10340
494 10343
494 10346
494 10350
110 10496
110 10500
494 10510
494 10513
494 10516
494 10573
110 10593
110 10722
110 10726
110 10849
110 10853
110 10853
110 10853
110 10921
110 10925
110 11027
110 11030
110 11032
110 11268
110 11272
110 11272
110 11273
110 11273
110 11351
110 11356
110 11570
110 11573
110 11574
110 11574
110 11576
110 11576
110 11576
110 11754
110 11759
110 12085
110 12090
110 12090
110 12090
110 12090
110 12143
110 12209
494 12689
110 12697
494 13043
110 13335
110 13338
110 13339
110 13339
110 13339
110 13341
110 13341
110 13480
110 13484
110 13484
110 13759
110 13762
110 13764
110 13764
110 13854
110 14157
110 14160
110 14160
110 14161
110 14161
110 14161
110 14161
110 14162
110 14275
110 15138
110 15143
110 15143
110 15143
110 15647
110 15649
110 15651
110 15792
110 15979
110 16201
110 16414
110 16418
110 16781
110 16784
110 16942
110 16945
110 17113
110 17526
104 19049
104 19051
104 19055
