104 284
104 673
104 988
104 991
104 1066
104 1520
104 1586
104 1982
104 2071
104 2272
104 2511
104 2791
104 3090
104 3184
126 3589
104 3608
104 3641
126 3927
104 3958
104 3961
104 4008
104 4018
105 4090
105 4090
104 4401
104 4440
104 4469
104 4534
104 4554
126 4726
126 4906
104 5153
104 5187
104 5192
104 5197
104 5197
104 5199
104 5199
104 5200
104 5200
104 5261
104 5361
104 5533
104 5534
105 5557
105 5557
104 5685
104 5747
104 5750
104 5753
104 5756
104 5929
104 5930
104 6042
104 6075
104 6108
104 6313
104 6339
104 6342
104 6345
104 6378
104 6381
104 6582
104 6684
104 6686
104 6699
104 6700
104 6703
126 6839
105 6906
105 6906
105 6911
105 6911
105 6911
105 6911
104 6964
104 6966
104 6969
104 7017
104 7046
104 7071
104 7073
104 7077
104 7172
104 7253
104 7256
104 7309
104 7381
107 7958
107 7980
107 7981
107 7984
104 8167
107 8217
107 8218
107 8221
104 8358
107 8447
107 8450
104 8525
104 8528
104 8531
104 8534
104 8606
104 8609
107 8611
104 8612
107 8614
107 8617
107 8966
104 9353
104 9359
104 9360
104 9360
104 9362
104 9362
104 9519
104 9521
104 9524
104 9766
104 9769
104 9772
107 9878
107 9881
107 9884
107 9887
107 9890
104 9991
104 10120
110 10194
110 10197
110 10200
110 10203
110 10205
110 10208
110 10211
110 10313
110 10315
110 10346
110 10449
110 10452
110 10454
110 10551
110 10554
110 10636
110 10639
105 10691
105 10691
105 10697
105 10697
105 10697
105 10697
105 10699
105 10699
110 10790
110 10801
110 10834
110 10866
110 10908
110 11082
110 11099
110 11128
110 11363
110 11366
110 11410
110 11413
110 11416
110 11419
110 11427
110 11517
110 11518
110 11564
110 11805
110 11807
110 11810
110 11813
110 11816
107 12032
107 12043
107 12049
105 12118
105 12118
105 12121
105 12121
105 12122
105 12122
110 12147
110 12150
107 12150
107 12151
105 12157
105 12157
105 12160
105 12160
105 12430
105 12430
105 12433
105 12433
105 12436
105 12436
105 12439
105 12439
105 12442
105 12442
107 12478
107 12481
107 12484
107 12548
104 12733
104 12766
107 12820
107 12923
104 13022
104 13024
104 13026
104 13038
104 13039
104 13042
104 13245
104 13250
104 13280
104 13283
107 13575
107 13576
110 13578
107 13579
107 13582
110 13594
107 14148
107 14150
107 14153
107 14156
110 14280
110 14662
107 14697
110 14925
110 14927
107 15299
107 15301
107 15596
107 15599
110 15776
110 15783
110 15783
110 15785
110 15785
104 18173
104 18242
104 18245
104 18247
104 18753
104 18756
104 18758
104 19218
104 19223
104 19382
105 20386
105 20386
105 20388
105 20388
105 20388
105 20388
