106 709
86 1202
88 1586
89 1680
86 2419
106 3640
138 3735
138 4409
87 4417
106 4918
106 4940
87 5020
87 5040
138 5073
106 5177
99 5213
99 5234
88 5481
87 5606
87 5612
106 5658
87 5672
138 5795
106 5905
91 6292
88 6300
88 6319
87 6351
88 6353
106 6362
87 6388
87 6400
87 7102
87 7105
87 7122
87 7154
106 7223
86 7287
106 7433
106 7436
90 7576
106 7595
96 7718
87 7727
87 7744
87 7929
99 8010
99 8061
99 8096
99 8203
106 8806
106 8809
106 9030
106 9032
106 9166
106 9169
87 9316
87 9330
87 9786
106 9799
106 10004
106 10011
106 10018
87 10116
87 10120
