104 289
104 650
104 951
104 954
104 1422
104 1502
104 1571
104 1987
104 2065
104 2246
104 2716
104 2988
104 2991
104 3241
104 3244
126 3506
104 3509
126 3509
104 3512
105 3955
105 3955
105 3958
105 3958
104 4080
104 4082
105 4385
105 4385
104 4414
104 4416
104 4563
104 4683
104 4686
105 4774
105 4774
105 4777
105 4777
104 4968
104 5022
104 5104
126 5328
104 5354
104 5357
104 5360
105 5498
105 5498
105 5537
105 5537
105 5557
105 5557
105 5676
105 5676
105 5678
105 5678
105 5786
105 5786
105 5816
105 5816
105 5858
105 5858
105 5885
105 5885
105 5935
105 5935
105 6121
105 6121
105 6258
105 6258
105 6261
105 6261
105 6265
105 6265
105 6380
105 6380
105 6383
105 6383
105 6410
105 6410
105 6413
105 6413
105 6481
105 6481
105 6636
105 6636
105 6639
105 6639
105 6798
105 6798
105 6803
105 6803
105 6805
105 6805
105 6805
105 6805
105 6806
105 6806
105 6806
105 6806
105 7322
105 7322
105 7329
105 7329
105 7329
105 7329
105 7329
105 7329
105 7330
105 7330
105 7502
105 7502
105 7507
105 7507
105 7509
105 7509
105 7509
105 7509
105 7510
105 7510
105 7510
105 7510
105 7512
105 7512
105 7598
105 7598
105 7707
105 7707
105 7745
105 7745
105 7748
105 7748
