106 680
86 1161
88 1514
89 1609
106 2606
86 3204
99 3317
138 3756
106 4346
87 4356
138 4362
87 4912
87 4927
138 5004
106 5022
88 5170
96 5654
106 5756
87 5814
88 5898
88 5932
106 5951
138 6100
106 6105
106 6143
138 6220
106 6262
87 6450
99 6604
99 6812
87 7206
138 7265
138 7273
138 7273
87 7318
106 7364
90 7429
88 7479
88 7482
90 7502
138 7521
138 7528
87 7710
87 7733
106 7738
88 7783
86 7859
92 7866
87 8097
87 8104
87 8121
87 8160
138 8279
138 8288
138 8291
138 8464
87 8619
87 8674
106 8766
106 8908
106 9052
106 9110
106 9265
87 9548
87 9551
87 9552
86 9726
138 11352
138 11381
138 12010
138 12061
138 12062
106 12082
138 12105
138 12155
106 12167
106 12168
138 12189
138 12246
106 12298
106 12370
138 12372
138 12381
138 12438
138 12503
87 12768
87 12798
88 12841
87 12867
88 13029
86 13611
99 13676
98 13684
87 15474
87 15476
87 15476
87 15478
87 15479
87 15480
87 15481
87 15481
87 15482
87 15483
87 15486
138 15623
94 15623
12 15668
12 15669
12 15669
12 15670
12 15670
12 15670
12 15670
12 15670
12 15670
86 15690
14 15692
14 15692
14 15701
14 15701
14 15701
138 15707
14 15707
14 15709
14 15709
14 15717
138 15937
86 16035
138 16647
12 16659
14 16666
87 17132
87 17135
87 17141
87 17142
87 17153
138 18559
289 18571
289 18571
289 18571
289 18571
289 18571
289 18571
289 18571
289 18571
289 18571
87 18668
87 18674
106 19069
106 19072
106 19089
289 20644
289 20644
289 20644
289 20644
289 20644
289 20644
289 20892
289 20892
289 20892
289 20892
289 20892
289 20892
