104 287
104 666
104 991
104 994
104 1060
104 1577
104 1646
104 2059
104 2144
104 2168
104 2265
104 2672
104 2831
105 3213
105 3213
105 3362
105 3362
126 3573
105 3611
105 3611
104 4069
104 4193
104 4421
126 4430
104 4675
104 4678
104 4678
104 4678
104 4781
104 5014
104 5036
126 5060
104 5298
104 5301
104 5301
104 5418
104 5420
104 5445
104 5448
104 5538
104 5541
104 5721
104 5767
104 5831
104 5952
104 5999
104 6075
104 6078
104 6078
104 6120
104 6168
104 6169
104 6294
105 6577
105 6577
105 6657
105 6657
105 6660
105 6660
104 6785
104 6788
105 6972
105 6972
105 6973
105 6973
105 6975
105 6975
105 6975
105 6975
104 7223
104 7225
104 7225
105 7231
105 7231
105 7234
105 7234
104 7316
104 7410
104 7413
126 7479
104 7624
104 7627
104 7627
104 7627
104 7629
104 7663
104 7666
104 7670
104 7673
104 7977
104 7980
126 8057
104 8138
104 8141
104 8144
110 8370
110 8373
104 8400
110 8455
110 8458
110 8461
110 8464
110 8467
110 8672
110 8675
110 8675
110 8675
104 8970
104 8973
104 9056
110 9232
110 9235
110 9237
110 9237
110 9237
110 9237
110 9237
104 9288
104 9290
104 9616
104 9616
104 9616
104 9616
108 9832
108 9835
108 9835
108 10037
108 10038
108 10041
110 10359
110 10362
110 10362
110 10364
110 10364
110 10364
110 10364
105 10713
105 10713
110 10715
105 10716
105 10716
110 10718
110 10718
110 10718
110 10718
110 10719
105 10808
105 10808
105 10811
105 10811
105 10811
105 10811
105 10811
105 10811
105 11017
105 11017
105 11020
105 11020
105 11020
105 11020
105 11243
105 11243
105 11246
105 11246
105 11246
105 11246
105 11246
105 11246
105 11246
105 11246
105 11500
105 11500
105 11502
105 11502
105 11502
105 11502
105 11503
105 11503
105 11503
105 11503
105 11503
105 11503
9 11577
9 11579
9 11579
9 11580
9 11580
9 11580
9 11580
9 11582
9 11582
9 11582
9 11582
9 11582
9 11582
9 11582
9 11582
9 11582
9 11583
9 11583
9 11583
9 11583
9 11583
9 11586
105 11677
105 11677
105 11824
105 11824
105 11827
105 11827
105 11827
105 11827
105 11827
105 11827
105 11827
105 11827
105 11829
105 11829
9 12009
9 12012
9 12012
9 12012
9 12012
9 12012
105 12124
105 12124
105 12125
105 12125
105 12127
105 12127
105 12127
105 12127
105 12127
105 12127
105 12127
105 12127
105 12127
105 12127
105 12344
105 12344
105 12345
105 12345
105 12347
105 12347
105 12347
105 12347
105 12347
105 12347
105 12347
105 12347
105 12348
105 12348
