104 284
104 663
104 962
104 965
104 1044
104 1496
104 1576
104 1987
104 2069
104 2259
104 2484
104 2730
104 2976
104 3100
104 3247
126 3562
104 3703
104 3758
104 3824
104 3936
104 3938
126 4048
104 4170
104 4273
104 4276
104 4518
104 4521
104 4827
105 4829
105 4829
104 4830
104 4951
126 4952
104 5016
104 5053
104 5055
104 5107
104 5210
126 5217
104 5481
104 5484
105 5564
105 5564
105 5566
105 5566
105 5576
105 5576
104 5741
104 5744
104 5747
104 5859
104 5862
104 5898
104 5965
104 5967
126 6039
104 6166
104 6169
104 6170
104 6180
104 6193
105 6206
105 6206
105 6209
105 6209
104 6471
104 6555
105 6557
105 6557
104 6558
105 6560
104 6560
105 6560
104 6653
104 6874
104 6897
104 6974
104 6975
105 7162
105 7162
105 7163
105 7163
104 7407
104 7418
104 7482
104 7485
104 7906
107 8125
107 8126
107 8126
107 8126
107 8128
107 8128
104 8239
104 8242
107 8626
107 8627
104 8628
107 8630
105 8942
105 8942
105 8945
105 8945
105 8945
105 8945
105 8945
105 8945
105 8945
105 8945
105 8945
105 8945
105 8945
105 8945
107 8981
107 8983
107 8986
107 8989
9 9156
9 9158
9 9161
9 9164
9 9166
9 9169
9 9171
9 9174
105 9312
105 9312
105 9315
105 9315
105 9315
105 9315
105 9315
105 9315
9 9449
9 9451
107 9454
9 9454
104 9520
104 9523
104 9524
105 9554
105 9554
105 9557
105 9557
104 9560
105 9936
105 9936
105 9939
105 9939
105 9939
105 9939
105 9939
105 9939
105 9939
105 9939
105 9940
105 9940
105 9940
105 9940
104 10063
104 10064
107 10075
107 10077
104 10218
9 10361
9 10363
9 10363
9 10364
9 10364
9 10364
9 10364
9 10364
9 10364
9 10365
105 10391
105 10391
105 10392
105 10392
105 10392
105 10392
105 10392
105 10392
105 10393
105 10393
105 10511
105 10511
105 10514
105 10514
105 10514
105 10514
105 10514
105 10514
107 10529
107 10530
105 10766
105 10766
105 10769
105 10769
105 10769
105 10769
105 10771
105 10771
105 10771
105 10771
105 10771
105 10771
105 10771
105 10771
105 10945
105 10945
105 10948
105 10948
9 11038
9 11041
9 11041
9 11041
9 11041
9 11041
9 11041
9 11042
9 11042
9 11042
105 11126
105 11126
105 11128
105 11128
105 11129
105 11129
105 11129
105 11129
105 11129
105 11129
105 11129
105 11129
105 11129
105 11129
105 11213
105 11213
105 11214
105 11214
105 11215
105 11215
9 11560
9 11562
9 11562
9 11563
9 11563
9 11563
9 11563
9 11563
9 11563
9 11563
105 11571
105 11571
105 11574
105 11574
105 11574
105 11574
105 11574
105 11574
105 11574
105 11574
105 11662
105 11662
105 11664
105 11664
105 11664
105 11664
105 11666
105 11666
105 11666
105 11666
105 11666
105 11666
105 11666
105 11666
105 11823
105 11823
105 11824
105 11824
105 11824
105 11824
105 11893
105 11893
105 11895
105 11895
105 11895
105 11895
105 11896
105 11896
105 12004
105 12004
105 12006
105 12006
105 12006
105 12006
105 12006
105 12006
105 12173
105 12173
105 12176
105 12176
105 12176
105 12176
105 12391
105 12391
105 12393
105 12393
105 12393
105 12393
105 12394
105 12394
105 12394
105 12394
105 12394
105 12394
105 12394
105 12394
105 12394
105 12394
105 12394
105 12394
105 12603
105 12603
105 12606
105 12606
105 12646
105 12646
105 12649
105 12649
105 12652
105 12652
105 12655
105 12655
105 12658
105 12658
107 12741
107 12744
