106 703
86 1203
88 1579
89 1685
106 2883
86 3634
96 3833
106 4283
106 5148
106 5407
90 5683
138 6250
97 6444
106 6701
106 6968
88 7237
88 7265
87 7376
106 7531
106 7545
106 7944
88 8223
87 8412
12 8829
17 8836
106 8884
106 8920
106 9065
106 9079
88 9261
88 9281
87 9435
90 9455
12 9550
17 9557
106 10155
106 10169
86 10338
87 10427
106 10476
106 10492
106 10610
106 10625
106 11226
106 11478
12 11620
17 11627
106 11810
90 11975
90 12011
95 12600
12 13166
17 13173
88 13654
88 13660
12 13700
17 13707
142 13831
142 14151
