106 686
86 1084
88 1562
89 1647
106 2851
86 3483
138 3611
138 4215
106 4228
97 4858
87 4922
106 4937
88 5199
88 5203
87 5295
106 5933
138 5989
106 6180
106 6241
106 6591
87 6934
87 6953
87 6978
87 7012
106 7156
106 7505
99 7793
88 7808
106 8070
106 8073
106 8202
106 8205
106 8364
106 8448
106 8526
106 10292
138 10356
90 10486
87 10691
87 11410
106 11574
106 12172
88 12314
87 12385
138 12403
138 12599
138 12646
88 12672
106 12834
106 12837
138 12999
106 13257
106 13260
289 13892
289 13892
289 13892
289 13892
289 13892
289 13892
