104 768
104 863
104 1017
105 1809
105 1809
105 1813
105 1813
105 1847
105 1847
105 2086
105 2086
105 2328
105 2328
105 2728
105 2728
126 2985
105 3450
105 3450
105 3452
105 3452
104 3519
104 3735
126 3784
104 3913
104 3916
104 4017
104 4020
104 4021
104 4208
104 4211
104 4506
104 4509
104 4688
104 4691
104 4694
104 4696
104 4699
104 4963
104 4966
104 5085
104 5220
104 5223
104 5865
104 5868
104 5868
104 5870
104 5870
104 5870
104 6267
104 6268
104 6271
104 6274
104 6278
104 6280
126 6377
104 6559
104 6562
104 6565
104 6568
104 6619
104 6873
104 6876
104 7020
104 7067
104 7070
104 7073
110 7650
110 7812
110 7814
110 7816
110 7816
110 8062
110 8066
110 8066
110 8066
110 8210
110 8215
110 8392
110 8395
110 8508
110 9288
110 9291
110 9296
110 9296
110 9296
110 9296
110 9828
110 10106
110 10109
110 10110
110 10110
108 10582
108 10585
108 10585
108 10585
108 10586
108 10759
105 10915
105 10915
105 10917
105 10917
105 10919
105 10919
105 10919
105 10919
108 11034
108 11040
108 11512
108 11515
108 11708
108 12016
104 12177
104 12180
104 12199
104 12477
