106 687
86 1139
88 1588
89 1682
86 3082
106 3565
138 3641
138 4273
87 4276
106 4283
106 4940
87 5194
87 5208
106 5409
96 5438
138 5539
99 5814
87 5838
99 6092
106 6094
99 6232
106 6344
99 6394
106 6510
88 6534
88 6547
106 6855
138 7175
87 7207
87 7410
90 7583
90 7585
138 7589
138 7596
87 7618
106 7791
106 8178
88 8379
88 8403
88 8408
87 8527
87 8543
87 8597
87 8631
138 8705
138 8730
138 8752
12 8819
15 8826
106 8966
138 8970
138 8971
86 9039
138 9051
92 9278
106 9288
87 9406
87 9414
87 9472
87 9476
87 9478
87 9505
87 9558
138 9598
106 9708
138 9764
106 9932
106 10182
87 10250
87 10262
106 10323
12 10481
15 10488
88 10520
106 10575
87 10658
87 10667
106 10670
87 10682
87 10692
138 10870
87 10885
138 11056
138 11104
106 11105
106 11231
138 11359
138 11386
138 11390
86 11453
87 11473
87 11477
12 11676
15 11683
87 11832
87 11851
87 11878
87 11878
87 11891
87 12012
87 12104
87 12111
106 12284
94 12363
106 12494
87 12792
87 12814
88 13251
