104 286
104 662
104 961
104 962
104 1044
104 1294
104 1522
104 1763
104 2150
105 2597
105 2597
104 2867
126 2995
104 3244
104 3244
104 3483
104 3683
126 3794
104 3944
104 3974
104 3977
104 3994
104 4034
104 4165
104 4207
104 4575
104 4597
104 4650
104 4732
104 4773
104 4776
126 4890
105 4970
105 4970
105 5062
105 5062
104 5366
104 5367
104 5367
105 5449
105 5449
104 5488
104 5724
105 5751
105 5751
126 5846
104 5847
104 5966
104 5966
104 5966
104 5967
104 5967
104 5967
104 6198
104 6215
126 6650
126 6851
110 7040
110 7044
110 7044
110 7044
110 7044
110 7046
110 7046
110 7046
110 7046
110 7184
110 7367
110 7370
110 7371
110 7371
110 7699
110 7704
110 7704
110 7704
104 7728
104 7731
104 7732
104 8268
104 8268
104 8268
104 8268
104 8269
104 8269
104 8269
104 8436
104 8439
104 8439
104 8453
104 8698
104 8701
104 8704
104 8707
104 8710
104 8921
104 8924
104 9103
104 9103
104 9103
104 9103
104 9104
104 9104
104 9137
104 9203
104 9226
104 9228
104 9228
104 9307
104 9310
110 9706
110 9710
110 9877
110 9882
110 10056
110 10059
110 10060
104 10161
110 10174
110 10177
104 10194
110 10441
110 10446
110 10446
110 10446
110 10446
110 10644
110 10649
110 10649
110 10649
110 10768
110 10773
110 10773
110 11046
110 11050
110 11050
110 11050
110 11052
110 11255
110 11259
110 11259
110 11259
110 11259
110 11331
110 11334
110 11472
110 11476
110 11476
110 11711
110 11714
110 11714
104 11820
104 11921
104 11921
104 11921
110 11934
110 11937
110 11937
104 11970
104 11996
104 12087
104 12089
104 12128
104 12131
104 12524
104 12527
104 12530
110 12818
110 12821
110 13030
110 13032
110 13034
110 13034
110 13034
110 13279
110 13281
110 13283
110 13283
110 13283
110 13381
110 13384
110 13384
110 13499
110 13502
110 13662
110 13666
110 13666
110 13666
110 13860
110 13864
110 13864
110 13864
110 13902
110 14003
110 14007
110 14007
110 14158
110 14161
110 14299
110 14304
110 14304
110 14781
110 14784
110 14784
110 14786
110 14786
110 14786
110 14786
110 14787
110 14787
110 14787
110 14787
110 14996
110 15000
110 15000
110 15000
494 15582
494 15585
494 15585
494 15585
494 15587
494 15837
494 15840
494 15842
494 15842
494 16105
494 16109
494 16295
494 16459
110 16676
