104 284
104 663
104 975
104 978
104 1063
104 1540
104 1586
104 1784
104 2069
104 2259
104 2651
104 2829
104 3070
105 3196
105 3196
104 3591
104 3594
126 3632
126 3855
104 3886
104 3890
105 3975
105 3975
104 4403
104 4406
104 4676
126 4710
126 4829
104 4933
104 4986
104 5036
104 5039
104 5042
104 5045
104 5048
104 5439
104 5441
104 5443
104 5446
104 5449
104 5577
104 5754
104 5756
104 5776
104 5787
104 5820
104 5821
104 5848
104 5870
104 5910
104 6006
104 6009
126 6212
104 6224
104 6227
104 6229
105 6513
105 6513
110 6785
110 6964
110 6969
110 6971
110 7008
110 7121
110 7124
110 7201
104 7282
104 7283
110 7298
110 7299
110 7396
110 7398
104 7911
104 7918
104 7918
104 7919
104 7919
104 8073
104 8298
104 8301
104 8304
104 8307
104 8309
104 8377
104 8494
104 8564
104 8566
104 8569
110 8746
110 8749
104 8836
104 8839
110 8852
110 8855
110 8858
104 8928
104 9123
104 9198
104 9200
104 9203
104 9765
108 9933
108 9937
108 9939
108 9939
108 9940
108 9940
108 9942
108 10106
108 10107
110 10179
110 10187
110 10187
110 10188
110 10280
110 10283
110 10359
110 10362
110 10365
110 10836
110 11099
110 11106
110 11106
110 11106
110 11108
110 11295
110 11298
110 11301
110 11304
110 11412
110 11417
110 11520
110 11522
110 11782
110 11789
110 11789
110 11790
110 11790
110 11792
105 11921
105 11921
105 11926
105 11926
105 11928
105 11928
105 11929
105 11929
105 11929
105 11929
105 11931
105 11931
