104 286
104 664
104 961
104 964
104 1468
104 1566
104 1635
104 2065
104 2134
104 2139
104 2220
104 2249
104 2493
105 3157
105 3157
105 3159
105 3159
104 3201
104 3237
104 3470
104 3480
126 3591
126 3601
104 3936
104 3992
104 4056
104 4257
104 4273
104 4665
104 4666
104 4696
104 4738
104 4824
105 4896
105 4896
104 4928
126 5003
104 5043
104 5163
104 5443
104 5445
104 5478
105 5489
105 5489
104 5727
104 5744
126 5825
104 5831
104 5836
105 6141
105 6141
105 6144
105 6144
105 6147
105 6147
105 6149
105 6149
104 6191
104 6193
104 6195
104 6198
104 6330
104 6333
110 6797
110 6798
110 6887
110 6889
110 6892
110 6893
104 6951
110 7214
110 7298
110 7299
110 7302
110 7303
104 7695
104 7876
104 7883
104 7883
104 7885
104 7885
104 7886
104 7886
104 7888
104 8036
104 8037
104 8039
104 8042
104 8066
104 8069
104 8207
104 8210
104 8658
104 8659
104 8712
104 8767
104 8769
126 8773
104 8806
126 8830
104 8868
104 8869
104 8872
104 8924
104 8933
104 8996
104 8999
126 9163
110 9322
110 9324
110 9982
110 9985
110 9987
110 9994
110 9995
110 9997
110 10220
110 10221
110 10228
104 10296
105 10396
105 10396
105 10398
105 10398
105 10401
105 10401
126 10465
110 10466
110 10513
110 10536
126 10660
110 10722
110 10752
110 11122
110 11124
110 11125
110 11128
110 11130
110 11132
110 11259
110 11261
110 11344
110 11345
110 11348
110 11416
110 11531
110 11534
126 11699
110 11738
110 11741
110 11743
126 11971
110 12049
110 12054
110 12055
110 12188
110 12189
105 12203
105 12203
126 12363
110 12425
110 12426
110 12580
110 12614
126 12639
110 12661
110 12696
110 12948
110 12950
110 12953
104 13797
104 13799
104 13889
104 13923
104 13925
108 14012
108 14018
108 14019
108 14019
108 14021
108 14021
108 14022
108 14022
108 14024
108 14024
108 14025
108 14025
104 14116
104 14119
104 14120
104 14249
104 14267
108 14342
108 14343
108 14623
104 14657
104 14659
104 14755
104 14758
110 14766
110 14771
110 14773
110 14773
110 14774
110 14774
110 14776
110 14776
110 14980
104 15001
104 15003
104 15006
104 15023
126 15052
104 15105
104 15107
104 15131
110 15428
110 15431
110 15432
110 15435
110 15436
110 15818
110 15824
110 15824
110 15825
110 15825
105 16098
105 16098
105 16101
105 16101
105 16102
105 16102
110 16129
110 16134
110 16134
110 16136
110 16136
110 16137
110 16137
110 16139
