104 292
104 670
104 973
104 978
104 1471
104 1553
104 1612
104 2016
104 2120
104 2324
104 2634
105 3175
105 3175
105 3179
105 3179
104 3526
126 3562
126 3565
104 3579
104 3650
104 3701
104 3837
104 4267
104 4319
104 4375
104 4442
104 4489
126 4519
104 4627
104 4632
104 5025
104 5029
105 5098
105 5098
105 5102
105 5102
104 5130
104 5134
126 5273
104 5294
104 5325
104 5399
104 5513
104 5517
104 5520
105 5695
105 5695
105 5698
105 5698
126 5776
104 6044
126 6261
104 6310
104 6314
104 6319
104 6323
104 6352
105 6572
105 6572
105 6576
105 6576
105 6579
105 6579
105 6598
105 6598
126 6793
105 6808
105 6808
105 6812
105 6812
105 6816
105 6816
105 6821
105 6821
105 7018
105 7018
105 7032
105 7032
105 7189
105 7189
105 7192
105 7192
105 7196
105 7196
105 7201
105 7201
105 7204
105 7204
105 7208
105 7208
126 7397
104 7529
104 7541
104 7541
104 7542
104 7542
104 7544
104 7544
104 7545
104 7796
104 7800
104 7803
104 8016
104 8019
105 8231
105 8231
105 8243
105 8243
105 8243
105 8243
105 8244
105 8244
105 8244
105 8244
105 8246
105 8246
105 8246
105 8246
126 8247
105 8463
105 8463
105 8466
105 8466
9 8500
9 8511
9 8511
9 8513
9 8513
9 8514
105 8737
105 8737
105 8748
105 8748
105 8750
105 8750
105 8750
105 8750
105 8751
105 8751
9 8894
9 8906
9 8907
9 8907
9 8909
9 8909
105 9032
105 9032
105 9043
105 9043
105 9045
105 9045
105 9045
105 9045
105 9046
105 9046
105 9046
105 9046
126 9237
104 9419
104 9424
104 9428
104 9431
104 9435
104 9498
104 9508
104 9510
104 9510
104 9511
104 9513
104 9513
104 9514
104 9514
104 9688
104 9754
9 10082
9 10085
9 10089
9 10092
9 10096
9 10099
105 10101
105 10101
9 10102
105 10113
105 10113
105 10113
105 10113
105 10114
105 10114
105 10114
105 10114
105 10116
105 10116
105 10116
105 10116
105 10117
105 10117
104 10471
105 10533
105 10533
105 10545
105 10545
105 10546
105 10546
105 10546
105 10546
105 10547
105 10547
105 10547
105 10547
105 10549
105 10549
105 10549
105 10549
105 10550
105 10550
105 10550
105 10550
105 10552
105 10552
105 10552
105 10552
105 11014
105 11014
105 11025
105 11025
105 11025
105 11025
105 11027
105 11027
105 11027
105 11027
105 11028
105 11028
105 11030
105 11030
105 11030
105 11030
105 11031
105 11031
105 11420
105 11420
105 11431
105 11431
105 11433
105 11433
105 11433
105 11433
105 11434
105 11434
105 11434
105 11434
105 11436
105 11436
105 11436
105 11436
105 11437
105 11437
105 11437
105 11437
104 11476
9 11480
9 11481
9 11482
9 11482
9 11484
9 11484
9 11485
104 11509
104 11731
104 11734
104 11738
105 12266
105 12266
105 12278
105 12278
105 12278
105 12278
105 12279
105 12279
105 12279
105 12279
105 12281
105 12281
105 12281
105 12281
105 12282
105 12282
105 12282
105 12282
9 12620
9 12623
9 12627
9 12631
9 12635
9 12640
9 12643
108 12665
108 12676
108 12676
108 12678
108 12756
108 12760
108 12763
108 12767
108 12771
108 12776
9 12827
9 12830
9 12834
9 12838
9 12841
9 12846
105 12923
105 12923
105 12934
105 12934
105 12936
105 12936
105 12936
105 12936
105 12937
105 12937
105 12946
105 12946
9 12978
105 12979
105 12979
9 12981
