104 292
104 685
104 968
104 980
104 1104
104 1289
104 1532
104 1578
104 1611
104 1769
104 2229
105 2620
105 2620
104 2988
126 3022
104 3274
105 3615
105 3615
105 3627
105 3627
105 3817
105 3817
105 3821
105 3821
126 3893
105 4092
105 4092
105 4094
105 4094
105 4254
105 4254
105 4259
105 4259
9 4265
9 4268
104 4417
104 4439
104 4529
104 4685
104 4902
104 4907
104 4911
105 4945
105 4945
104 5045
104 5310
9 5453
9 5457
104 5526
105 5550
105 5550
105 5561
105 5561
105 5563
105 5563
105 5563
105 5563
104 5726
104 5730
104 5734
105 5763
105 5763
105 5767
105 5767
105 5770
105 5770
104 5803
104 5975
104 6071
104 6150
104 6238
104 6244
104 6247
104 6553
104 6558
104 6562
104 6671
104 6792
104 6797
104 6799
104 6971
104 6975
104 6979
104 7015
104 7283
105 7468
105 7468
105 7471
105 7471
9 7511
9 7514
105 7928
105 7928
105 7931
105 7931
105 7935
105 7935
105 7938
105 7938
105 8275
105 8275
105 8279
105 8279
105 8282
105 8282
105 8285
105 8285
105 8289
105 8289
104 8391
104 8396
104 8400
104 8403
104 8748
104 8753
9 8916
9 8923
