104 287
104 652
104 983
104 985
104 1295
104 1393
104 1544
104 1888
104 1921
104 1954
105 2347
105 2347
105 2348
105 2348
105 2367
105 2367
105 2785
105 2785
126 2819
105 3403
105 3403
105 3406
105 3406
105 3568
105 3568
105 3830
105 3830
105 3940
105 3940
105 4073
105 4073
105 4076
105 4076
105 4225
105 4225
105 4375
105 4375
105 4400
105 4400
105 4615
105 4615
105 4690
105 4690
105 4772
105 4772
105 4856
105 4856
105 4859
105 4859
105 4888
105 4888
105 4941
105 4941
9 5048
9 5052
9 5090
9 5094
105 5131
105 5131
105 5229
105 5229
9 5350
9 5363
9 5371
9 5381
