104 761
104 865
104 990
105 1855
105 1855
105 1859
105 1859
105 1859
105 1859
105 2104
105 2104
105 2373
105 2373
105 2615
105 2615
105 2848
105 2848
126 2904
104 3454
104 3457
104 3669
104 3671
126 3933
104 3941
104 3944
104 3946
104 4020
104 4067
104 4091
104 4157
126 4228
104 4367
104 4370
104 4801
104 4804
104 4807
104 4810
105 5080
105 5080
105 5085
105 5085
105 5086
105 5086
105 5109
105 5109
104 5344
104 5347
104 5547
104 5600
104 5678
104 5713
104 5754
104 5818
105 6075
105 6075
105 6078
105 6078
105 6081
105 6081
105 6098
105 6098
105 6236
105 6236
105 6239
105 6239
105 6242
105 6242
105 6439
105 6439
105 6615
105 6615
105 6618
105 6618
9 7082
9 7085
9 7259
105 7375
105 7375
105 7379
105 7379
105 7379
105 7379
105 7381
105 7381
105 7381
105 7381
105 7381
105 7381
105 7381
105 7381
105 7382
105 7382
105 7382
105 7382
9 7471
105 7854
105 7854
105 7859
105 7859
9 8071
9 8075
9 8075
105 8102
105 8102
105 8106
105 8106
105 8108
105 8108
105 8108
105 8108
105 8108
105 8108
105 8108
105 8108
105 8109
105 8109
9 8213
105 8250
105 8250
105 8254
105 8254
105 8384
105 8384
105 8485
105 8485
105 8491
105 8491
105 8491
105 8491
105 8491
105 8491
105 8491
105 8491
126 8597
9 8809
105 8833
105 8833
105 8837
105 8837
105 8837
105 8837
105 8837
105 8837
105 8837
105 8837
105 9040
105 9040
105 9045
105 9045
105 9046
105 9046
105 9215
105 9215
105 9219
105 9219
105 9219
105 9219
105 9219
105 9219
105 9220
105 9220
105 9220
105 9220
105 9220
105 9220
105 9397
105 9397
105 9400
105 9400
105 9402
105 9402
9 9466
9 9470
9 9470
9 9470
9 9472
104 9642
104 9647
104 9648
104 9648
104 9648
9 9782
9 9787
104 9835
104 9837
104 9949
104 9952
104 10251
104 10256
104 10257
104 10257
104 10257
104 10257
105 10660
105 10660
105 10664
105 10664
105 10664
105 10664
9 10668
105 10781
105 10781
105 10785
105 10785
105 10786
105 10786
