104 287
104 672
104 1001
104 1004
104 1294
104 1389
104 1917
105 2369
105 2369
105 2370
105 2370
105 2394
105 2394
126 2888
104 2911
104 3017
104 3362
104 3542
104 3605
104 3739
104 3741
126 3759
104 3981
104 3984
104 4141
104 4145
126 4189
104 4385
104 4450
104 4509
104 4907
104 4951
104 5029
104 5032
105 5237
105 5237
105 5240
105 5240
104 5265
104 5266
105 5275
105 5275
126 5322
104 5383
104 5428
104 5664
104 5667
104 5923
104 5927
104 5927
104 5927
126 6151
104 6219
105 6251
105 6251
105 6254
105 6254
105 6254
105 6254
105 6395
105 6395
105 6398
105 6398
104 6441
104 6444
104 6445
126 6557
104 6562
104 6565
104 6640
104 6641
104 7037
104 7040
104 7040
104 7040
104 7040
104 7283
104 7285
104 7289
105 7352
105 7352
105 7356
105 7356
105 7359
105 7359
126 7438
104 7454
104 7457
104 7720
104 7737
104 7739
105 7954
105 7954
105 7956
105 7956
105 7956
105 7956
105 7958
105 7958
105 7958
105 7958
105 7958
105 7958
105 7958
105 7958
105 7958
105 7958
105 8361
105 8361
105 8364
105 8364
105 8365
105 8365
105 8377
105 8377
105 8380
105 8380
105 8380
105 8380
104 8474
104 8476
104 8478
104 8478
104 8478
126 8575
126 8578
104 8587
104 8589
104 8646
104 8723
104 8725
104 8756
104 8759
104 8882
104 8983
104 9264
104 9267
104 9267
104 9267
104 9628
104 9631
104 9632
104 9634
104 9634
104 9634
105 9857
105 9857
105 9859
105 9859
105 9859
105 9859
105 9859
105 9859
105 9859
105 9859
105 9992
105 9992
105 10083
105 10083
105 10084
105 10084
9 10137
9 10139
9 10139
105 10314
105 10314
105 10317
105 10317
105 10317
105 10317
105 10317
105 10317
105 10319
105 10319
105 10319
105 10319
105 10319
105 10319
105 10786
105 10786
105 10788
105 10788
105 10789
105 10789
105 10789
105 10789
105 10789
105 10789
105 10789
105 10789
105 10789
105 10789
105 10789
105 10789
