104 284
104 650
104 947
104 948
104 1024
104 1476
104 1560
104 1950
104 2022
104 2086
104 2228
104 2981
105 3057
105 3057
105 3131
105 3131
126 3465
104 3543
126 3543
104 3605
104 3661
104 3766
104 3810
104 4053
104 4112
104 4309
104 4387
104 4388
126 4522
104 4629
104 4632
104 4642
104 4643
104 4950
104 4951
104 5143
104 5173
104 5235
104 5251
126 5321
104 5462
105 5509
105 5509
105 5512
105 5512
104 5515
105 5535
105 5535
104 5540
104 5576
105 6043
105 6043
105 6045
105 6045
105 6045
105 6045
105 6046
105 6046
126 6297
110 6392
110 6460
110 6461
110 6463
110 6463
110 6463
110 6555
110 6558
110 6613
110 6720
110 6723
105 6818
105 6818
105 6821
105 6821
110 6978
110 6981
110 7089
110 7092
105 7736
105 7736
105 7738
105 7738
105 7738
105 7738
105 7738
105 7738
105 7738
105 7738
104 7980
104 8013
104 8046
104 8062
104 8065
104 8068
105 8099
105 8099
105 8102
105 8102
105 8102
105 8102
105 8102
105 8102
105 8102
105 8102
105 8103
105 8103
104 8358
104 8361
104 8361
104 8361
104 8361
104 8361
104 8426
104 8512
104 8625
104 8652
104 8855
104 8858
104 9056
104 9084
104 9091
104 9110
104 9126
104 9177
104 9218
104 9223
104 9388
104 9390
104 9393
104 9401
104 9403
104 9439
110 9647
110 9733
110 9736
110 9739
110 9749
104 9822
104 9825
110 10123
110 10125
110 10126
110 10126
110 10126
110 10369
110 10371
110 10371
110 10372
110 10372
110 10372
105 10789
105 10789
105 10791
105 10791
105 10791
105 10791
105 10792
105 10792
105 10792
105 10792
105 10792
105 10792
105 10792
105 10792
105 10792
105 10792
105 10792
105 10792
