104 286
104 660
104 951
104 952
104 1030
104 1501
104 1579
104 1999
104 2074
104 2248
104 2498
104 2756
104 2960
104 3101
104 3214
126 3569
104 3588
104 3772
104 3818
104 3887
104 3941
104 4067
126 4081
104 4342
104 4567
104 4570
104 4570
104 4682
104 5050
104 5062
104 5088
126 5090
126 5090
104 5110
104 5112
104 5115
104 5118
104 5121
104 5274
104 5276
104 5662
104 5665
104 5677
104 5717
104 5739
104 5789
104 5800
105 5930
105 5930
105 6055
105 6055
105 6058
105 6058
105 6104
105 6104
105 6105
105 6105
126 6181
105 6311
105 6311
105 6314
105 6314
105 6314
105 6314
105 6314
105 6314
105 6441
105 6441
105 6444
105 6444
105 6444
105 6444
104 6481
104 6559
104 6700
104 6702
104 6703
104 6703
104 6703
104 6703
104 6835
104 6899
104 6995
104 6997
104 7227
104 7309
104 7369
104 7372
104 7604
104 7607
104 7644
110 7875
110 7908
104 7960
104 7962
110 8009
110 8010
110 8013
104 8060
104 8063
104 8089
104 8091
104 8417
110 8442
110 8445
110 8448
110 8449
104 8568
104 8634
104 8707
104 8710
104 8712
104 8946
104 8949
104 8980
110 9026
110 9028
110 9031
110 9034
110 9037
110 9039
104 9580
104 9583
104 9589
104 9622
104 9631
104 9632
104 9791
104 9817
104 9847
104 9972
107 10461
107 10464
107 10464
107 10464
107 10464
107 10464
107 10465
107 10719
107 10720
107 10720
107 10722
107 10722
104 10968
104 10971
104 10974
104 10975
104 10978
104 10981
104 11136
104 11138
110 11449
110 11451
107 11532
107 11535
107 11538
126 11672
105 11699
105 11699
105 11922
105 11922
105 11924
105 11924
105 11924
105 11924
105 11925
105 11925
105 11925
105 11925
105 11925
105 11925
105 11925
105 11925
105 11925
105 11925
105 11925
105 11925
105 11926
105 11926
105 12152
105 12152
105 12155
105 12155
105 12155
105 12155
105 12155
105 12155
105 12155
105 12155
105 12155
105 12155
105 12283
105 12283
105 12357
105 12357
105 12452
105 12452
105 12453
105 12453
105 12453
105 12453
105 12455
105 12455
105 12455
105 12455
105 12455
105 12455
9 12506
9 12507
9 12509
9 12509
9 12509
9 12509
9 12509
9 12510
9 12510
9 12510
9 12510
9 12510
9 12510
9 12512
9 12512
9 12512
9 12512
9 12512
9 12512
9 12512
9 12512
9 12513
9 12513
9 12513
9 12513
9 12513
9 12515
9 12515
9 12515
9 12515
9 12515
9 12515
9 12515
9 12516
105 12623
105 12623
105 12626
105 12626
105 12626
105 12626
105 12626
105 12626
105 12825
105 12825
105 12828
105 12828
105 12828
105 12828
105 12828
105 12828
105 12829
105 12829
105 12829
105 12829
105 12829
105 12829
105 12829
105 12829
105 12829
105 12829
105 12996
105 12996
105 12997
105 12997
105 12999
105 12999
105 13153
105 13153
105 13154
105 13154
105 13154
105 13154
105 13156
105 13156
105 13156
105 13156
105 13156
105 13156
105 13156
105 13156
105 13380
105 13380
105 13383
105 13383
105 13383
105 13383
105 13383
105 13383
105 13619
105 13619
105 13622
105 13622
105 13622
105 13622
105 13622
105 13622
105 13622
105 13622
105 13622
105 13622
105 13622
105 13622
105 13622
105 13622
105 13624
105 13624
9 13732
9 13734
9 13734
9 13734
9 13735
9 13735
9 13735
9 13735
9 13735
9 13737
9 13737
9 13737
9 13737
9 13737
9 13737
9 13737
107 13920
107 13923
107 14079
107 14081
105 14083
105 14083
105 14084
105 14084
105 14086
105 14086
105 14086
105 14086
105 14086
105 14086
105 14086
105 14086
105 14086
105 14086
105 14086
105 14086
105 14087
105 14087
105 14087
105 14087
107 14165
107 14168
105 14192
105 14192
105 14461
105 14461
105 14463
105 14463
105 14464
105 14464
105 14464
105 14464
105 14464
105 14464
105 14464
105 14464
105 14464
105 14464
105 14519
105 14519
105 14520
105 14520
105 14584
105 14584
105 14648
105 14648
105 14682
105 14682
105 14684
105 14684
105 14739
105 14739
105 14742
105 14742
105 14745
105 14745
107 14908
107 14911
107 14912
105 14951
105 14951
105 14952
105 14952
105 14954
105 14954
105 14954
105 14954
105 14954
105 14954
105 15121
105 15121
105 15124
105 15124
9 15251
9 15254
9 15254
9 15254
9 15254
9 15254
9 15254
9 15255
9 15255
9 15255
9 15255
9 15255
9 15255
9 15255
9 15257
9 15257
9 15257
9 15257
9 15257
9 15257
9 15258
9 15258
107 15260
107 15262
105 15338
105 15338
105 15341
105 15341
105 15341
105 15341
105 15511
105 15511
105 15512
105 15512
107 15522
105 15609
105 15609
105 15611
105 15611
9 15674
9 15676
9 15678
9 15678
9 15725
9 15727
9 15729
105 15763
105 15763
105 15765
105 15765
105 15806
105 15806
105 16068
105 16068
105 16071
105 16071
105 16071
105 16071
105 16071
105 16071
105 16071
105 16071
