104 286
104 690
104 987
104 990
104 1479
104 1553
104 1645
104 2065
104 2137
104 2267
104 2504
105 3176
105 3176
105 3179
105 3179
104 3235
104 3260
104 3480
104 3517
126 3582
126 3585
104 4067
104 4070
104 4234
104 4377
104 4423
104 4491
104 4531
104 5137
104 5140
104 5143
104 5145
104 5183
104 5203
126 5253
126 5963
105 5963
105 5963
105 5969
105 5969
105 5969
105 5969
105 5970
105 5970
105 5970
105 5970
104 6025
126 6052
126 6069
105 6167
105 6167
105 6170
105 6170
105 6174
105 6174
104 6392
104 6398
104 6399
104 6401
104 6401
104 6402
104 6402
104 6402
104 6599
104 6615
104 6650
104 6746
104 6808
104 6978
104 6981
104 7341
104 7346
104 7348
104 7348
104 7349
104 7349
104 7355
126 7385
104 7467
104 7593
104 7595
104 7598
104 7832
104 7836
104 7839
104 7842
104 7862
104 7865
104 7867
104 7970
104 8033
104 8042
104 8050
104 8095
104 8186
104 8219
104 8566
104 8569
104 8571
104 8574
126 8755
105 9232
105 9232
105 9238
105 9238
105 9366
105 9366
105 9369
105 9369
105 9371
105 9371
104 9483
105 9596
105 9596
105 9603
105 9603
105 9603
105 9603
105 9605
105 9605
105 9606
105 9606
105 9606
105 9606
105 9606
105 9606
105 9608
105 9608
105 9608
105 9608
105 9609
105 9609
9 9849
9 9854
9 9856
9 9857
9 9857
9 9859
105 9881
105 9881
105 9884
105 9884
105 9887
105 9887
105 9890
105 9890
105 9893
105 9893
105 9895
105 9895
105 9900
105 9900
104 9937
104 10097
9 10167
9 10170
105 10250
105 10250
105 10252
105 10252
105 10255
105 10255
104 10472
104 10505
105 10552
105 10552
105 10558
105 10558
105 10558
105 10558
105 10559
105 10559
105 10559
105 10559
105 10560
105 10560
9 10763
9 10768
9 10768
9 10770
9 10770
9 10771
105 10785
105 10785
105 10791
105 10791
105 10792
105 10792
105 10792
105 10792
9 10859
9 10865
105 10867
105 10867
105 10870
105 10870
9 10871
9 10871
9 10872
9 10874
105 10874
105 10874
105 10877
105 10877
105 10880
105 10880
105 11011
105 11011
105 11256
105 11256
105 11261
105 11261
105 11261
105 11261
105 11263
105 11263
105 11263
105 11263
104 11593
107 11679
107 11685
107 11686
107 11686
107 11688
107 11688
107 11689
105 11921
105 11921
105 11926
105 11926
107 11944
107 11947
107 11950
107 11952
107 12027
105 12543
105 12543
105 12548
105 12548
105 12550
105 12550
105 12550
105 12550
105 12551
105 12551
105 12551
105 12551
105 12553
105 12553
105 12553
105 12553
105 12554
105 12554
105 12554
105 12554
105 12556
105 12556
105 12728
105 12728
105 12734
105 12734
105 12734
105 12734
105 12735
105 12735
105 12841
105 12841
105 12918
105 12918
105 12920
105 12920
9 13188
107 13192
9 13194
9 13194
107 13195
9 13195
9 13195
9 13197
9 13197
9 13198
9 13198
107 13198
9 13200
105 13203
105 13203
105 13206
105 13206
105 13209
105 13209
105 13281
105 13281
105 13287
105 13287
105 13287
105 13287
105 13504
105 13504
105 13507
105 13507
105 13508
105 13508
105 13513
105 13513
107 13569
107 13570
105 13685
105 13685
105 13688
105 13688
105 14060
105 14060
105 14066
105 14066
105 14114
105 14114
105 14120
105 14120
105 14120
105 14120
105 14122
105 14122
9 14215
9 14220
9 14222
9 14222
105 14235
105 14235
105 14241
105 14241
105 14241
105 14241
105 14243
105 14243
105 14304
105 14304
105 14310
105 14310
105 14312
105 14312
105 14312
105 14312
9 14380
9 14386
9 14387
9 14387
9 14389
9 14389
9 14390
105 14473
105 14473
9 14619
9 14625
9 14626
9 14626
9 14628
9 14628
9 14628
9 14629
9 14629
9 14631
9 14632
9 14632
105 14638
105 14638
105 14644
105 14644
105 14646
105 14646
105 14646
105 14646
105 14646
105 14646
105 14647
105 14647
105 14797
105 14797
105 14803
105 14803
105 14804
105 14804
105 14804
105 14804
9 14916
9 14921
9 14923
9 14923
9 14924
9 14924
9 14926
9 14926
9 14927
9 14927
9 14929
105 14951
105 14951
105 14957
105 14957
105 14958
105 14958
105 15059
105 15059
105 15064
105 15064
105 15064
105 15064
105 15145
105 15145
105 15151
105 15151
105 15152
105 15152
105 15152
105 15152
105 15273
105 15273
105 15279
105 15279
105 15280
105 15280
105 15383
105 15383
105 15388
105 15388
105 15388
105 15388
105 15390
105 15390
105 15434
105 15434
105 15443
105 15443
105 15470
105 15470
105 15623
105 15623
105 15629
105 15629
105 15738
105 15738
105 15744
105 15744
105 15745
105 15745
105 15747
105 15747
105 15747
105 15747
105 15830
105 15830
105 15836
105 15836
105 15837
105 15837
9 15864
9 15870
9 15870
9 15871
9 15873
9 15873
9 15874
9 15874
9 15876
9 15876
105 15953
105 15953
105 15960
105 15960
105 15960
105 15960
105 15961
105 15961
105 15961
105 15961
499 16373
499 16381
105 16402
105 16402
105 16407
105 16407
105 16407
105 16407
105 16409
105 16409
105 16409
105 16409
105 16410
105 16410
499 16446
499 16449
105 16678
105 16678
105 16681
105 16681
107 16718
107 16724
107 16726
105 16754
105 16754
105 16887
105 16887
105 16893
105 16893
105 16894
105 16894
105 17039
105 17039
105 17042
105 17042
105 17261
105 17261
105 17268
105 17268
105 17268
105 17268
105 17268
105 17268
105 17270
105 17270
105 17270
105 17270
9 17278
9 17283
9 17285
9 17285
9 17285
9 17286
9 17288
105 17368
105 17368
105 17373
105 17373
105 17769
105 17769
