106 686
86 1174
88 1552
89 1649
106 2632
86 3286
138 3800
106 4601
87 4899
138 5456
87 6100
138 6174
106 6497
106 6535
106 6594
106 6699
106 6773
106 6833
106 6884
90 6887
138 7166
88 7497
88 7600
88 7615
97 7688
138 7878
87 7880
87 8122
99 8267
88 8369
88 8379
99 8384
138 8545
90 8557
87 8557
86 8927
87 8990
87 9125
106 9280
87 9360
138 9402
106 9495
106 9533
87 9592
106 9616
87 9663
87 9714
87 10244
106 10274
87 10336
106 10381
92 10446
106 10494
87 10513
106 10561
106 10669
106 10745
106 11026
138 11296
138 11301
106 11859
138 12162
