106 693
86 1118
88 1594
89 1692
106 3165
86 3562
106 4185
138 4319
99 4726
106 4810
87 4906
99 5037
138 5082
88 5263
88 5284
99 5496
87 5508
87 5622
106 5749
138 6040
106 6280
91 6282
106 6480
106 6498
106 6569
106 6693
90 6725
106 6929
90 6961
87 7090
88 7264
87 7286
87 7303
90 7344
88 7397
88 7531
138 7548
86 7788
96 8067
106 8239
87 8517
87 8527
106 8548
106 8604
87 8607
106 9018
87 9341
87 9352
106 9369
12 9463
12 9466
13 9470
13 9473
138 9665
138 9698
106 9855
87 10328
87 10329
88 10378
106 10768
106 10781
106 10848
95 10951
106 11007
87 11013
106 11115
87 11214
87 11215
87 12471
87 12475
106 12819
106 12821
106 13123
142 13232
106 13500
142 13681
289 14252
289 14252
289 14252
289 14252
289 14252
289 14252
289 14252
289 14252
289 14252
142 15290
142 16086
86 16266
142 16813
12 17130
13 17137
142 17137
142 17400
142 17721
142 18230
142 18550
142 18868
142 19189
142 19930
142 20249
142 21112
106 22039
86 22450
