104 287
104 447
104 610
104 1355
104 1423
104 1522
104 1907
104 1982
104 2100
104 2326
104 2562
105 3039
105 3039
104 3045
104 3142
104 3294
104 3392
126 3445
126 3450
104 3522
104 3856
104 4147
104 4198
104 4288
104 4465
104 4466
104 4469
104 4499
104 4531
104 4575
126 4582
105 4634
105 4634
104 4708
104 4771
104 4804
104 4889
105 5082
105 5082
104 5115
104 5220
104 5225
104 5281
104 5320
104 5374
104 5468
104 5556
104 5560
104 5593
104 5597
104 5664
104 5798
104 5855
104 5862
110 6224
126 6249
110 6271
110 6329
104 6389
110 6397
110 6415
110 6473
104 6477
104 6494
104 6499
104 6568
104 6625
110 6674
104 6769
110 6775
105 6837
105 6837
105 6841
105 6841
110 6853
105 7317
105 7317
105 7325
105 7325
105 7325
105 7325
105 7326
105 7326
105 7373
105 7373
105 7443
105 7443
110 7596
105 7637
105 7637
105 7658
105 7658
105 7664
105 7664
105 7666
105 7666
110 7669
110 7694
126 7779
110 7878
105 7879
105 7879
110 7908
110 7970
110 7974
110 8124
110 8161
110 8215
