106 683
86 1090
88 1593
89 1688
106 2845
86 3699
106 4110
138 4284
106 4866
87 5004
138 5012
106 5111
97 5143
88 5407
88 5427
87 5594
87 5604
106 5740
138 6065
106 6153
106 6288
106 6460
106 6488
99 6924
87 6937
87 7001
106 7208
12 7214
13 7221
87 7590
90 7599
88 7628
88 7642
106 7807
91 7920
106 8209
106 8413
106 8478
12 8810
12 8814
12 8816
12 8816
13 8817
13 8821
13 8823
13 8823
106 8878
106 9304
106 9421
106 9553
87 9640
88 9725
96 10148
86 10249
106 10303
94 10526
87 10532
87 10628
106 10764
106 11178
12 11205
12 11212
13 11212
12 11212
12 11212
12 11212
13 11219
13 11219
13 11219
13 11219
90 11437
87 11505
12 11615
289 12744
289 12744
289 12744
289 12744
289 12744
289 12744
289 13119
289 13119
289 13119
289 13119
289 13119
289 13119
