104 289
104 657
104 957
104 957
104 1412
104 1512
104 1885
104 1983
104 2072
104 2269
104 2634
105 3110
105 3110
105 3113
105 3113
104 3202
104 3205
126 3405
104 3477
104 3480
126 3491
104 3846
104 3919
104 3923
104 4242
104 4244
126 4290
104 4407
104 4410
104 4411
104 4573
104 4924
104 4928
104 4989
105 5184
105 5184
105 5188
105 5188
105 5257
105 5257
105 5262
105 5262
105 5561
105 5561
105 5564
105 5564
105 5564
105 5564
105 5566
105 5566
105 5566
105 5566
126 5784
105 5996
105 5996
105 6002
105 6002
105 6107
105 6107
105 6111
105 6111
126 6216
105 6611
105 6611
105 6613
105 6613
105 6615
105 6615
105 6615
105 6615
105 6615
105 6615
105 6615
105 6615
105 6616
105 6616
105 6796
105 6796
105 6992
105 6992
105 6996
105 6996
105 6996
105 6996
126 7178
126 7181
105 7195
105 7195
105 7199
105 7199
105 7199
105 7199
105 7199
105 7199
105 7201
105 7201
105 7201
105 7201
105 7595
105 7595
105 7599
105 7599
105 7599
105 7599
105 7599
105 7599
105 7709
105 7709
105 7712
105 7712
126 7895
126 7977
126 8039
105 8073
105 8073
105 8077
105 8077
105 8077
105 8077
105 8077
105 8077
105 8077
105 8077
105 8079
105 8079
105 8305
105 8305
