104 289
104 667
104 964
104 964
104 1443
104 1547
104 1642
104 2018
104 2084
104 2261
104 2510
104 2727
105 3116
105 3116
105 3118
105 3118
126 3520
126 3523
104 3536
104 3589
104 3889
104 3893
104 3893
104 4047
104 4295
104 4298
104 4537
104 4541
104 4541
104 4541
104 4542
104 4653
126 4699
104 5246
104 5249
104 5249
104 5251
126 5278
104 5304
104 5374
104 5377
104 5721
104 5724
104 5724
126 6131
110 6209
110 6212
110 6499
110 6502
110 6503
110 6905
110 6908
110 6998
110 7187
110 7190
110 7191
110 7437
110 7440
110 7440
110 7810
110 7813
110 7814
110 7814
110 7889
110 8134
110 8138
126 8139
110 8304
110 8307
110 8680
110 8684
110 8684
110 9044
110 9047
110 9047
110 9047
110 9159
104 9229
104 9232
104 9232
110 9268
110 9270
104 9282
104 9288
104 9448
104 9451
104 9451
104 9452
104 9524
126 9593
126 9596
104 9752
104 9755
104 9755
104 9756
104 9847
104 9917
104 9920
104 9922
104 10143
104 10146
104 10356
104 10359
104 10359
104 10361
104 10361
126 10486
104 10569
104 10574
104 10621
104 10624
104 10624
104 10625
104 10625
104 10625
104 10811
104 11154
104 11257
104 11260
104 11265
104 11380
104 11383
104 11386
110 11439
110 11443
126 11512
110 12051
110 12054
110 12054
110 12054
110 12055
110 12234
110 12238
110 12378
110 12382
110 12382
110 12382
110 12578
110 12580
110 12580
110 12582
110 12582
110 12582
110 12582
110 12647
110 12782
