104 289
104 686
104 985
104 990
104 1458
104 1544
104 1617
104 2049
104 2127
104 2272
104 2521
105 3163
105 3163
105 3167
105 3167
104 3270
104 3273
104 3500
104 3503
126 3549
126 3552
104 3719
104 3738
104 4299
104 4324
104 4393
104 4469
104 4581
104 4583
104 4702
126 4738
104 4809
104 4849
104 4904
104 4993
104 5301
104 5301
104 5301
104 5301
104 5301
104 5534
104 5616
104 5619
104 5690
104 5924
104 5924
104 5926
126 6035
104 6044
104 6044
104 6045
104 6162
104 6163
104 6163
104 6411
104 6576
104 6579
104 6582
126 6779
104 6831
104 6834
104 6837
104 6840
104 6843
104 6894
110 7345
110 7352
126 7463
110 7639
110 7646
110 7646
110 7688
110 7691
110 7694
110 7803
110 7810
104 7867
104 7867
104 7867
104 7867
110 7971
110 7974
110 7977
104 8050
104 8050
104 8226
104 8226
104 8226
104 8226
104 8226
104 8409
104 8409
104 8409
104 8409
104 8409
104 8630
104 8630
104 8630
107 9135
107 9143
104 9496
104 9496
104 9496
126 9609
107 9613
107 9619
107 9621
107 9621
107 9621
107 9621
104 9652
104 9654
105 9976
105 9976
105 9979
105 9979
104 10012
104 10015
107 10048
107 10055
107 10055
107 10055
104 10114
105 10412
105 10412
107 10414
107 10418
105 10419
105 10419
105 10419
107 10419
105 10419
105 10419
105 10419
105 10494
105 10494
9 10804
9 10810
9 10817
9 10817
9 10817
9 10817
9 10817
9 10817
9 10817
9 10819
105 10821
105 10821
105 10828
105 10828
105 10828
105 10828
105 10828
105 10828
105 10828
105 10828
105 10828
105 10828
105 10828
105 10828
105 10828
105 10828
105 10828
105 10828
105 10909
105 10909
105 10915
105 10915
105 11043
105 11043
105 11050
105 11050
105 11050
105 11050
105 11050
105 11050
