104 286
104 659
104 955
104 957
104 1044
104 1489
104 1568
104 1977
104 2028
104 2246
104 2881
105 3071
105 3071
105 3167
105 3167
104 3291
104 3300
126 3474
104 3476
104 3543
126 3581
104 3847
104 4027
104 4030
104 4165
104 4269
126 4313
104 4436
104 4482
104 4485
104 4502
104 4527
104 4675
104 4748
126 5304
105 5351
105 5351
104 5474
104 5477
104 5478
104 5515
104 5518
105 5541
105 5541
105 5544
105 5544
104 5871
104 5874
104 5875
104 5878
126 6103
110 6300
110 6303
110 6434
110 6497
110 6500
110 6503
110 6605
110 6608
110 6610
104 6777
104 6785
104 6808
104 6810
104 6843
104 7070
104 7207
104 7503
104 7506
104 7509
104 7512
104 7534
104 7535
104 7695
104 7696
104 7737
104 8066
104 8220
104 8235
104 8236
104 8292
104 8294
104 8580
104 8581
104 8584
110 8638
110 8641
110 8644
110 8646
126 8847
104 9061
110 9085
110 9088
110 9091
110 9094
110 9097
110 9100
104 9467
104 9470
104 9472
104 9484
104 9598
104 9601
104 9625
104 9724
104 9727
104 9785
104 9788
104 9791
104 9927
104 9929
104 9932
104 10023
110 10106
110 10108
104 10188
104 10191
104 10257
104 10258
104 10351
104 10353
104 10591
104 10605
110 10813
110 10816
110 10817
110 10820
110 10869
110 10872
104 11324
108 11751
108 11754
108 11754
108 11754
108 11754
108 11754
104 12030
104 12033
104 12033
104 12033
104 12033
104 12033
104 12035
104 12035
104 12035
104 12035
104 12582
104 12585
104 12587
110 12940
110 12943
110 12943
110 12943
110 12943
110 12945
110 12945
110 12945
110 12945
110 12945
110 13113
126 13120
110 13231
110 13233
110 13234
110 13234
110 13234
110 13234
110 13234
110 13234
110 13235
110 13235
