104 785
104 882
104 991
104 1142
104 1317
104 1370
104 1576
104 1609
105 1847
105 1847
104 2525
104 2586
110 2781
110 2784
110 2949
110 3197
110 3680
104 3694
104 4142
104 4256
104 4506
104 4669
104 5252
104 5253
110 5511
104 5875
104 5905
126 6265
104 6507
104 6547
105 6749
105 6749
105 6929
105 6929
105 6995
105 6995
126 7064
105 7155
105 7155
105 7253
105 7253
105 7388
105 7388
105 7391
105 7391
104 7657
104 7660
126 7702
104 7813
104 7860
104 7906
104 8003
104 8083
104 8219
104 8275
104 8348
104 8424
104 8604
104 8836
104 8874
104 8940
104 8996
104 9049
104 9110
104 9131
126 9304
104 9366
104 9369
104 9369
104 9370
104 9370
104 9387
104 9418
104 9462
104 9688
104 9756
104 9756
104 9791
126 10134
110 10190
110 10191
110 10326
110 10532
126 10632
