104 300
104 673
104 968
104 971
104 1436
104 1528
104 1603
104 2031
104 2100
104 2130
104 2251
104 2506
105 3134
105 3134
105 3141
105 3141
104 3255
104 3307
104 3489
104 3490
126 3543
126 3545
104 3882
104 3910
104 4008
104 4181
104 4237
105 4611
105 4611
105 4617
105 4617
105 4685
105 4685
105 4692
105 4692
105 4692
105 4692
105 4693
105 4693
105 4693
105 4693
105 4726
105 4726
104 4824
104 4840
105 5532
105 5532
110 5842
110 5848
110 5850
110 5851
110 5851
110 5852
110 5852
110 5854
110 6130
110 6209
126 6323
110 6372
110 6522
105 6526
105 6526
105 6531
105 6531
105 6531
105 6531
105 6533
105 6533
105 6573
105 6573
105 6638
105 6638
105 6747
105 6747
105 6868
105 6868
105 6875
105 6875
105 6945
105 6945
105 6952
105 6952
105 6972
105 6972
105 7019
105 7019
105 7106
105 7106
105 7188
105 7188
105 7194
105 7194
105 7299
105 7299
105 7306
105 7306
105 7388
105 7388
105 7473
105 7473
105 7479
105 7479
105 7535
105 7535
105 7540
105 7540
105 7542
105 7542
105 7631
105 7631
105 7707
105 7707
105 7736
105 7736
105 7869
105 7869
105 7932
105 7932
