104 284
104 660
104 958
104 961
104 1436
104 1531
104 1603
104 2016
104 2094
104 2262
104 2481
104 2752
104 3081
104 3120
104 3224
104 3270
126 3526
104 3909
105 3969
105 3969
105 3986
105 3986
126 4139
104 4185
104 4293
104 4296
104 4535
126 4581
104 4587
104 4610
104 4620
104 4737
104 4784
104 4912
104 4940
104 4943
126 5060
104 5085
104 5145
104 5148
104 5213
104 5216
104 5592
104 5606
104 5847
104 5848
104 5851
104 5854
104 5882
104 5927
110 6244
110 6247
126 6360
110 6399
110 6402
104 6450
104 6453
104 6455
104 6457
104 6465
104 6658
104 6669
104 6702
104 6704
104 6707
104 6735
104 6784
104 6858
104 6860
104 7057
104 7060
104 7063
104 7064
110 7388
110 7391
110 7394
110 7597
110 7600
110 7603
104 7836
104 7903
104 7906
104 7908
104 7911
104 8003
104 8006
104 8009
104 8011
104 8050
104 8093
104 8142
104 8157
104 8191
104 8355
104 8383
104 8412
104 8501
104 8723
104 8724
104 8738
104 8741
104 8810
104 8813
104 8816
110 9324
110 9327
110 9327
110 9327
110 9327
110 9327
110 9329
104 9425
104 9428
104 9431
104 9434
104 9436
104 9762
104 9765
104 9785
104 10168
104 10171
108 10286
108 10288
108 10288
108 10288
108 10288
108 10288
104 10641
104 10644
104 10647
110 10916
110 10918
110 10918
110 10918
110 11037
110 11039
110 11042
110 11045
110 11047
110 11049
110 11068
110 11069
110 11148
110 11151
110 11166
110 11491
110 11492
110 11492
110 11494
110 11494
110 12046
110 12049
110 12051
110 12052
110 12052
110 12052
110 12052
110 12052
110 12054
110 12054
110 12268
110 12271
110 12271
110 12383
110 12385
110 12386
110 12386
110 12386
110 12507
110 12570
110 12684
110 12707
110 12729
110 12827
110 12851
110 12927
105 12973
105 12973
110 13004
110 13037
105 13055
105 13055
105 13071
105 13071
105 13143
105 13143
105 13146
105 13146
110 13231
110 13234
110 13237
110 13345
