104 286
104 672
104 975
104 978
104 1435
104 1525
104 1616
104 2020
104 2092
104 2174
104 2255
104 2504
104 2737
105 3121
105 3121
105 3126
105 3126
104 3283
126 3530
126 3533
104 3621
104 3624
104 3735
104 3897
104 3955
104 4175
104 4298
105 4670
105 4670
105 4709
105 4709
105 4780
105 4780
105 4801
105 4801
126 4857
105 4863
105 4863
105 4935
105 4935
105 4994
105 4994
105 4997
105 4997
105 5070
105 5070
105 5259
105 5259
105 5263
105 5263
105 5350
105 5350
105 5354
105 5354
105 5354
105 5354
104 5364
104 5448
9 5565
9 5568
9 5572
104 5628
104 5631
104 5635
105 5865
105 5865
105 6030
105 6030
105 6036
105 6036
105 6036
105 6036
105 6036
105 6036
104 6090
104 6096
104 6096
104 6096
105 6409
105 6409
105 6412
105 6412
105 6711
105 6711
9 6716
105 6716
105 6716
9 6721
105 6930
105 6930
105 6934
105 6934
105 6934
105 6934
105 6934
105 6934
105 6936
105 6936
105 6936
105 6936
105 6936
105 6936
105 6936
105 6936
9 6957
9 6961
9 7107
105 7145
105 7145
105 7150
105 7150
105 7150
105 7150
105 7150
105 7150
104 7171
104 7175
104 7177
126 7219
9 7314
104 7349
104 7352
104 7355
104 7358
105 7582
105 7582
105 7588
105 7588
105 7588
105 7588
105 7831
105 7831
105 7836
105 7836
105 7837
105 7837
105 8050
105 8050
105 8054
105 8054
105 8056
105 8056
105 8056
105 8056
105 8056
105 8056
104 8095
104 8099
104 8101
104 8446
104 8450
104 8452
104 8452
104 8452
104 8452
104 8453
104 8453
104 8705
105 8735
105 8735
105 8740
105 8740
105 8740
105 8740
105 8741
105 8741
105 9360
105 9360
105 9364
105 9364
105 9364
105 9364
105 9364
105 9364
105 9364
105 9364
105 9366
105 9366
105 9366
105 9366
105 9366
105 9366
105 9367
105 9367
104 9380
