104 284
104 643
104 951
104 951
104 1410
104 1496
104 1563
104 2015
104 2059
104 2249
104 2475
104 2755
105 3078
105 3078
105 3082
105 3082
104 3121
104 3154
104 3217
126 3481
126 3484
104 3614
104 3618
104 3879
104 3968
126 4280
126 4346
104 4446
104 4450
104 4482
104 4486
104 4491
104 4508
105 4826
105 4826
105 4829
105 4829
105 4833
105 4833
104 5213
104 5222
104 5222
104 5223
104 5626
104 5654
104 5662
104 5662
104 5664
104 5664
104 5665
104 5989
104 6003
110 6322
126 6334
110 6378
110 6536
104 6681
104 6684
104 6689
104 6720
104 6729
104 6730
104 7033
104 7048
104 7056
104 7057
104 7057
104 7059
104 7421
104 7430
104 7430
126 7646
104 7705
104 7762
104 7771
104 7977
105 7979
105 7979
105 7982
105 7982
104 7984
104 7986
104 7986
105 7987
105 7987
104 8111
104 8118
105 8201
105 8201
104 8325
104 8330
104 8332
126 8518
105 8562
105 8562
104 8648
104 8656
104 8656
104 8658
104 8658
105 8724
105 8724
105 8728
105 8728
104 8892
104 8908
104 9078
104 9081
104 9126
104 9130
104 9147
104 9151
104 9154
110 9427
110 9444
105 9880
105 9880
105 9887
105 9887
105 9887
105 9887
105 9888
105 9888
105 9888
105 9888
105 9890
105 9890
105 9890
105 9890
105 9891
105 9891
105 9893
105 9893
105 10179
105 10179
105 10188
105 10188
105 10188
105 10188
105 10189
105 10189
105 10189
105 10189
104 10378
105 10536
105 10536
105 10545
105 10545
105 10546
105 10546
105 10546
105 10546
105 10547
105 10547
105 10704
105 10704
105 10713
105 10713
105 10713
105 10713
104 10800
104 10815
104 10820
104 10823
104 10925
104 10928
104 10955
105 11224
105 11224
105 11231
105 11231
105 11233
105 11233
105 11234
105 11234
105 11234
105 11234
105 11236
105 11236
105 11236
105 11236
105 11237
105 11237
104 11292
104 11416
104 11420
104 11457
104 11462
104 11481
9 11626
9 11634
9 11634
9 11634
105 11771
105 11771
105 11781
105 11781
105 11781
105 11781
105 11906
105 11906
105 11915
105 11915
105 11915
105 11915
105 12121
105 12121
105 12127
105 12127
105 12127
105 12127
105 12128
105 12128
105 12128
105 12128
105 12129
105 12129
105 12129
105 12129
9 12211
9 12214
105 12247
105 12247
105 12255
105 12255
105 12256
105 12256
105 12256
105 12256
105 12258
105 12258
105 12258
105 12258
105 12409
105 12409
105 12417
105 12417
105 12540
105 12540
105 12548
105 12548
105 12799
105 12799
105 12807
105 12807
105 12809
105 12809
105 12809
105 12809
105 12970
105 12970
105 12977
105 12977
105 12979
105 12979
105 12980
105 12980
105 12980
105 12980
9 13003
9 13008
9 13008
9 13010
9 13010
9 13011
9 13011
9 13013
105 13095
105 13095
105 13104
105 13104
105 13104
105 13104
9 13151
9 13157
9 13158
9 13158
9 13159
105 13262
105 13262
105 13271
105 13271
105 13272
105 13272
105 13347
105 13347
105 13554
105 13554
105 13563
105 13563
105 13563
105 13563
105 13565
105 13565
105 13660
105 13660
105 13667
105 13667
105 13796
105 13796
105 13805
105 13805
105 13835
105 13835
105 13840
105 13840
105 13844
105 13844
105 13850
105 13850
105 13850
105 13850
105 13851
105 13851
9 13889
9 13895
9 13896
9 13896
9 13898
9 13898
105 13904
105 13904
105 13913
105 13913
105 13914
105 13914
9 13922
9 13931
105 13969
105 13969
105 13973
105 13973
105 14243
105 14243
105 14250
105 14250
105 14251
105 14251
9 14253
9 14261
9 14266
9 14268
9 14268
9 14269
9 14269
9 14271
105 14399
105 14399
105 14545
105 14545
105 14552
105 14552
105 14553
105 14553
105 14553
105 14553
105 14555
105 14555
105 14556
105 14556
9 14603
9 14609
9 14610
9 14610
9 14612
9 14612
105 14807
105 14807
105 14815
105 14815
105 14817
105 14817
105 14817
105 14817
105 14818
105 14818
105 14818
105 14818
105 14820
105 14820
9 14914
9 14918
9 14924
9 14926
9 14926
9 14927
105 15109
105 15109
105 15118
105 15118
107 15601
107 15610
105 15626
105 15626
105 15635
105 15635
105 15636
105 15636
9 15686
9 15689
105 15812
105 15812
105 15820
105 15820
105 15822
105 15822
105 15822
105 15822
105 15823
105 15823
105 15823
105 15823
105 16012
105 16012
105 16020
105 16020
105 16022
105 16022
