104 302
104 667
104 970
104 971
104 1453
104 1527
104 1579
104 2012
104 2095
104 2165
104 2280
104 2520
105 3111
105 3111
105 3117
105 3117
104 3211
104 3214
126 3520
126 3522
104 3618
104 3781
104 4031
104 4211
104 4253
104 4328
104 4365
126 4497
104 4545
104 4548
104 4554
104 4581
104 4855
104 4905
104 5130
104 5184
104 5216
104 5217
104 5222
126 5296
104 5367
104 5370
104 5487
105 5564
105 5564
104 5577
104 5632
104 5721
104 6114
110 6181
110 6184
110 6186
110 6188
110 6221
104 6383
104 6385
104 6386
104 6526
104 6555
104 6559
104 6595
104 6596
104 6627
104 6825
105 6832
105 6832
105 6834
105 6834
105 6837
105 6837
104 7021
104 7024
110 7041
110 7092
104 7181
110 7226
104 7464
104 7466
104 7467
104 7519
104 7522
104 7523
104 7751
104 7752
104 7754
126 7765
104 7954
104 7957
104 7965
104 7967
104 7993
104 8032
104 8098
104 8101
104 8262
104 8265
104 8299
110 8304
110 8350
104 8360
104 8525
104 8551
104 8617
104 8643
104 8646
104 8907
104 8908
110 9021
110 9024
110 9025
110 9241
110 9303
110 9359
110 9402
110 9444
110 9507
110 9576
110 9578
107 10083
107 10087
107 10088
107 10090
107 10090
107 10373
107 10375
107 10376
107 10490
107 10493
107 10560
104 10978
104 10981
110 10999
107 11000
107 11002
107 11004
107 11070
110 11250
110 11252
110 11253
107 11277
107 11280
104 11309
104 11312
104 11315
110 11413
110 11510
104 11793
104 11839
104 11872
499 11929
104 11940
104 11941
104 11943
110 12265
107 12315
107 12318
107 12321
499 12358
110 12365
110 12367
110 12369
110 12429
110 12431
110 12504
110 12570
110 12572
110 12660
110 12663
104 12694
104 12695
104 12723
107 12924
499 12973
107 13051
107 13052
110 13102
110 13119
107 13154
110 13155
107 13157
110 13189
110 13253
110 13356
110 13400
110 13425
110 13463
110 13499
110 13555
110 13627
110 13630
104 13643
110 13778
107 13808
107 13809
104 13981
104 14046
110 14665
107 14670
110 14672
110 14673
110 14673
110 14675
110 14675
107 14676
107 14676
107 14677
107 14677
107 14679
110 14974
110 14981
107 14987
107 14993
107 14994
107 14994
107 14995
107 14995
107 14997
107 14997
107 14998
110 15205
110 15207
110 15209
107 15246
107 15252
107 15252
107 15573
107 15574
107 15627
107 15629
110 15723
107 15764
107 15766
107 15918
107 15920
110 16031
107 16092
107 16098
107 16100
107 16100
107 16101
107 16102
107 16102
110 16253
110 16254
110 16386
110 16388
110 16391
110 16435
110 16437
110 16486
110 16552
110 16555
110 16644
110 16647
104 17143
107 17379
110 17996
110 18001
110 18003
110 18004
107 18051
107 18056
107 18057
107 18059
107 18059
107 18060
107 18063
107 18066
110 18215
110 18217
110 18220
110 18334
107 18384
107 18393
107 18395
110 18648
110 18651
110 18652
107 18794
110 18812
107 18830
107 18865
110 18923
110 18924
110 18930
110 18967
110 19130
110 19131
107 19135
110 19213
110 19262
110 19265
110 19307
110 19369
110 19401
107 19551
107 19651
