104 286
104 675
104 971
104 973
104 1466
104 1547
104 1633
104 2072
104 2133
104 2241
104 2485
105 3157
105 3157
105 3160
105 3160
104 3235
104 3245
104 3454
104 3529
126 3593
126 3614
104 3965
104 4024
104 4092
104 4315
105 4375
105 4375
104 4630
104 4632
104 4633
104 4673
104 4809
104 4862
104 4904
104 4951
126 4983
104 5245
104 5246
104 5249
104 5251
104 5449
104 5451
104 5454
104 5561
105 5758
105 5758
105 5760
105 5760
126 5852
104 6257
104 6264
104 6264
104 6265
104 6265
104 6267
104 6267
104 6297
104 6625
104 6732
104 6789
105 6811
105 6811
105 6814
105 6814
105 6999
105 6999
105 7169
105 7169
105 7222
105 7222
105 7224
105 7224
105 7247
105 7247
105 7297
105 7297
105 7299
105 7299
105 7326
105 7326
105 7379
105 7379
105 7382
105 7382
126 7386
105 7440
105 7440
105 7444
105 7444
105 7533
105 7533
126 7562
105 7635
105 7635
105 7762
105 7762
105 7765
105 7765
105 7766
105 7766
105 7769
105 7769
105 8026
105 8026
105 8028
105 8028
105 8029
105 8029
105 8193
105 8193
105 8196
105 8196
105 8198
105 8198
126 8319
126 8331
105 8373
105 8373
105 8385
105 8385
105 8539
105 8539
105 8555
105 8555
105 8602
105 8602
105 8605
105 8605
105 8607
105 8607
105 8690
105 8690
105 8692
105 8692
105 8694
105 8694
105 8696
105 8696
105 8833
105 8833
105 8834
105 8834
105 8935
105 8935
105 8953
105 8953
105 8955
105 8955
105 8958
105 8958
105 9034
105 9034
105 9080
105 9080
126 9118
105 9177
105 9177
126 9287
126 9290
105 9292
105 9292
105 9332
105 9332
105 9454
105 9454
105 9542
105 9542
105 9545
105 9545
105 9610
105 9610
105 9613
105 9613
105 9614
105 9614
105 9752
105 9752
105 9803
105 9803
105 9809
105 9809
105 9906
105 9906
104 9950
104 9953
104 10022
126 10112
104 10157
126 10239
104 10248
126 10271
104 10307
104 10308
104 10318
104 10320
104 10321
104 10324
104 10327
104 10328
104 10331
104 10648
105 10658
105 10658
105 10661
105 10661
104 10756
104 10759
104 10789
104 10934
104 10937
104 10969
104 10972
104 10988
126 11038
105 11166
105 11166
104 11212
104 11215
104 11304
104 11306
104 11345
104 11428
104 11643
104 11646
104 11751
107 11771
107 11772
107 11773
107 11776
107 11778
104 11817
107 11933
107 11936
105 12274
105 12274
105 12277
105 12277
105 12279
105 12279
107 12280
105 12282
105 12282
107 12417
105 12431
105 12431
105 12433
105 12433
105 12436
105 12436
105 12437
105 12437
105 12443
105 12443
105 12444
105 12444
105 12444
105 12444
105 12446
105 12446
105 12446
105 12446
105 12581
105 12581
107 12725
107 12795
105 13243
105 13243
105 13245
105 13245
105 13247
105 13247
105 13249
105 13249
105 13252
105 13252
105 13253
105 13253
105 13256
105 13256
105 13259
105 13259
107 13273
107 13275
107 13278
107 13281
105 13397
105 13397
105 13399
105 13399
105 13401
105 13401
105 13403
105 13403
105 13409
105 13409
105 13409
105 13409
105 13410
105 13410
105 13411
105 13411
105 13560
105 13560
105 13561
105 13561
105 13619
105 13619
105 13620
105 13620
105 13623
105 13623
105 13685
105 13685
