104 286
104 679
104 980
104 983
104 1069
104 1345
104 2048
104 2130
104 2504
104 2601
104 2646
104 2657
104 2834
104 3116
104 3159
104 3294
105 3604
105 3604
104 3834
104 3903
126 4038
126 4058
104 4079
104 4092
126 4191
104 4213
104 4214
104 4218
104 4453
105 4647
105 4647
105 4650
105 4650
105 4695
105 4695
104 4755
104 4860
104 5153
104 5156
104 5158
110 5504
110 5507
104 5685
104 5688
110 5691
104 5739
110 5796
110 5799
110 5802
104 5831
104 5882
104 5885
104 5946
104 5947
104 6160
104 6162
104 6166
104 6404
104 6406
104 6409
104 6985
104 6988
104 6991
104 6994
104 6997
104 7000
104 7002
110 7219
104 7246
104 7249
104 7251
104 7254
104 7257
104 7283
104 7364
104 7365
104 7369
104 7706
104 7709
104 7712
104 7713
104 7787
104 7790
104 8042
104 8075
110 8105
104 8108
110 8108
110 8111
110 8114
104 8151
104 8154
104 8157
110 8331
110 8334
110 8337
104 8517
110 8711
110 8713
110 8716
110 8718
110 8723
110 9041
110 9070
110 9091
110 9142
104 9478
110 9483
110 9486
110 9489
110 9491
110 9494
110 9504
110 9884
110 9886
110 9889
110 9892
110 9894
110 10087
110 10090
110 10093
110 10096
104 10283
110 10308
110 10309
110 10464
110 10477
110 10570
110 10572
110 10676
110 10679
110 10682
110 10800
110 10801
110 10804
110 10965
110 10968
110 11560
104 11580
104 11583
110 11669
110 11672
110 11675
110 11678
110 11681
110 11885
110 11888
110 11891
110 11894
110 11897
110 11995
110 12000
110 12002
110 12003
110 12003
105 12266
105 12266
105 12272
105 12272
105 12272
105 12272
105 12273
105 12273
105 12273
105 12273
104 12459
104 12465
104 12467
104 12468
104 12468
104 12469
104 12469
104 12694
104 12697
104 12698
104 12701
104 12749
104 12752
104 12753
110 13120
110 13123
110 13126
110 13129
104 13274
104 13301
104 13303
104 13309
110 13352
110 13355
110 13358
110 13538
126 13609
110 13781
110 13784
110 13785
104 13863
104 13897
110 13944
110 13947
110 14137
110 14139
110 14285
110 14288
110 14291
110 14517
110 14519
110 14522
110 14525
110 14528
110 14728
110 14730
110 14732
110 14933
110 14935
110 14938
110 15202
110 15203
110 15232
110 15235
110 15311
110 15320
110 15320
110 15320
110 15321
110 15321
110 15478
110 15485
110 15485
110 15492
110 15540
110 15582
110 15657
110 15693
104 15713
104 15714
104 15717
104 15744
110 15780
104 15967
104 15969
110 15986
110 15988
110 15991
104 16126
110 16299
110 16301
110 16335
110 16425
110 16428
110 16479
110 16620
110 16709
110 16712
110 16814
110 16817
110 16820
110 16821
110 17024
110 17027
110 17115
110 17342
110 17345
110 17378
110 17381
110 17384
110 17387
110 17436
110 17439
110 17463
110 17466
110 17561
110 17686
110 17688
110 17809
104 17822
110 17843
104 17888
110 17909
110 17991
110 18066
110 18124
110 18236
110 18308
110 18331
110 18390
110 18458
110 18541
110 18543
110 18600
110 18603
110 18677
110 18741
110 18743
110 18795
110 18819
126 18898
110 18924
110 19067
110 19070
