106 673
86 1011
89 1695
88 1763
106 2965
86 3663
106 4325
138 4641
99 4742
97 4804
106 4860
87 5196
88 5388
88 5397
106 5512
106 5885
138 5944
87 6021
106 6118
106 6313
106 6319
99 6375
99 6398
99 6470
106 6560
90 7489
87 8160
106 8164
138 8544
88 8563
87 8650
138 8684
106 8859
106 8862
87 8902
86 8987
138 9009
106 9146
106 9148
106 9151
138 9324
87 9328
106 9527
87 9529
106 9530
106 9533
87 9542
138 9716
106 9803
138 10095
87 10160
88 10213
91 10490
87 10558
88 10615
87 10748
87 10764
138 10845
138 10858
87 10862
138 11013
87 11680
87 11685
88 11771
106 11771
106 11775
106 11778
