104 761
104 934
104 1042
104 1207
104 1240
104 1273
105 1842
105 1842
105 1842
105 1842
105 1847
105 1847
105 2094
105 2094
105 2344
105 2344
105 2596
105 2596
105 2818
105 2818
126 2885
105 3100
105 3100
9 3278
9 3280
9 3781
105 3819
105 3819
105 3927
105 3927
105 4087
105 4087
105 4345
105 4345
105 4348
105 4348
105 4351
105 4351
9 4409
9 4412
9 4416
105 4437
105 4437
105 4667
105 4667
9 4805
105 4833
105 4833
105 4836
105 4836
105 5039
105 5039
105 5122
105 5122
104 5265
104 5359
9 5365
9 5369
104 6107
104 6166
104 6235
104 6363
105 6707
105 6707
104 6728
105 6808
105 6808
105 6858
105 6858
105 6864
105 6864
105 6887
105 6887
105 7067
105 7067
126 7618
105 7663
105 7663
105 7669
105 7669
105 7670
105 7670
105 7670
105 7670
105 7728
105 7728
105 7785
105 7785
105 8069
105 8069
105 8259
105 8259
105 8262
105 8262
105 8539
105 8539
105 8545
105 8545
105 8716
105 8716
105 8724
105 8724
105 8767
105 8767
105 8773
105 8773
105 8774
105 8774
9 8903
9 8909
9 8910
9 8910
9 8912
9 8912
9 8913
9 8929
9 8962
9 9014
9 9033
105 9240
105 9240
105 9255
105 9255
105 9623
105 9623
105 9629
105 9629
105 9631
105 9631
105 9631
105 9631
105 9651
105 9651
105 9785
105 9785
105 9813
105 9813
104 10035
105 10061
105 10061
105 10067
105 10067
9 10139
9 10145
