104 286
104 675
104 965
104 1360
104 1440
104 1522
104 1612
104 1851
104 2107
104 2300
104 2324
104 2578
104 2867
104 3012
104 3230
105 3650
105 3650
126 3650
105 3670
105 3670
126 3959
104 4230
104 4249
104 4325
105 4328
105 4328
105 4333
105 4333
105 4335
105 4335
104 4469
104 4532
104 4538
126 4738
104 4796
104 4801
104 4801
104 4958
104 5589
104 5596
104 5596
104 5597
104 5605
104 5648
104 5746
104 5751
104 5786
104 5893
104 5926
104 5985
104 5990
104 6045
104 6051
104 6139
104 6144
105 6366
105 6366
105 6369
105 6369
105 6372
105 6372
104 6487
104 6684
104 6710
104 6752
104 6774
104 6883
104 6889
104 6890
126 6898
104 6933
104 6972
104 7054
104 7300
104 7305
104 7308
104 7310
104 7356
104 7422
104 7562
104 7565
110 7751
110 7758
110 7984
110 7990
110 7990
110 8045
110 8072
110 8140
110 8207
110 8264
110 8269
110 8353
110 8359
110 8360
104 8776
104 8782
104 8782
104 8783
104 8784
104 8991
104 9318
104 9321
104 9324
104 9327
104 9330
110 9497
110 9503
110 9504
110 9504
110 9594
110 9599
104 9678
110 9712
110 9717
110 9719
104 9942
104 9946
104 9953
104 9953
104 9955
104 9955
104 9956
110 10312
110 10567
110 10572
110 10574
110 10574
110 10575
105 10653
105 10653
110 10699
110 10748
105 10749
105 10749
110 10796
110 10843
110 10896
110 10973
110 11150
110 11263
110 11413
105 11420
105 11420
105 11427
105 11427
105 11427
105 11427
105 11428
105 11428
105 11428
105 11428
110 11466
105 11492
105 11492
110 11540
110 11643
105 11689
105 11689
105 11695
105 11695
110 11914
