106 683
86 1111
88 1592
89 1697
106 2869
86 3538
106 4241
138 4316
99 4898
106 5028
106 5031
87 5120
99 5133
99 5356
138 5477
99 6080
138 6229
97 6288
88 6574
88 6613
87 6620
87 6636
106 6688
106 6786
106 7016
106 7074
87 7381
87 7456
90 7464
87 7495
88 7517
88 7543
106 8346
87 8386
87 8404
87 8535
106 8637
106 8702
106 8705
106 8824
106 8955
95 9119
106 9501
142 9994
138 10564
142 10714
106 11045
106 11123
106 11176
142 11228
106 11245
106 11284
142 11845
142 12164
142 12988
142 13367
91 13776
142 13781
87 14331
88 14486
87 15154
87 15348
87 15366
106 15443
86 15504
87 16648
87 16651
99 17255
12 17600
13 17607
142 17913
142 18041
106 18345
142 18360
106 18490
106 18532
142 18681
142 19106
142 19503
142 19823
106 20482
