106 705
86 1290
88 1620
89 1725
86 2653
106 2757
86 3318
106 4155
138 4427
106 5122
87 5125
138 5162
97 5405
87 5743
138 5744
87 5754
88 5970
88 5973
106 6196
106 6441
106 6582
87 6699
87 6702
87 6723
106 6819
106 7116
12 7419
87 7581
13 7602
88 7677
90 7701
92 7702
106 7718
87 7825
106 7873
138 8034
88 8162
88 8204
87 8448
12 8762
106 8779
106 8781
87 8784
138 8801
138 8807
13 8817
106 8855
12 9023
13 9030
138 9061
87 9158
87 9306
99 9469
99 9475
99 9490
99 9495
99 9497
99 9521
106 9638
106 9750
106 9753
96 9851
138 9870
138 9966
86 9979
87 10009
87 10032
106 10061
106 10064
138 10087
138 10240
106 10617
106 10942
106 10945
87 11020
87 11021
138 11092
138 11096
106 11450
12 11535
13 11806
