104 287
104 649
104 964
104 967
104 1430
104 1511
104 1587
104 2000
104 2072
104 2252
104 2488
104 2782
104 2963
104 2982
104 3460
104 3516
105 3681
105 3681
105 3788
105 3788
126 3825
105 3959
105 3959
105 4033
105 4033
105 4058
105 4058
105 4267
105 4267
126 4337
104 4358
104 4600
104 4624
126 4643
104 4714
104 4773
104 4778
104 4801
104 4928
126 4987
104 5030
104 5140
126 5511
104 5661
104 5665
104 5675
104 5697
104 5703
104 5704
104 5737
105 5948
105 5948
105 5953
105 5953
104 6127
104 6130
104 6134
105 6277
105 6277
105 6284
105 6284
105 6284
105 6284
105 6379
105 6379
105 6385
105 6385
105 6386
105 6386
105 6413
105 6413
105 6480
105 6480
105 6482
105 6482
104 7388
104 7394
110 7478
110 7483
110 7483
110 7527
110 7532
110 7534
110 7534
104 7561
104 7567
104 7567
104 7568
104 7570
104 7610
104 7617
104 7705
104 7850
104 7857
104 7911
104 7916
104 7918
104 8060
104 8239
104 8383
104 8404
104 8410
104 8412
104 8413
104 8450
104 8635
110 8730
110 8736
110 8737
104 9068
104 9074
104 9075
104 9075
104 9293
104 9295
104 9300
104 9306
104 9331
107 9664
107 9671
110 9712
110 9715
110 9739
110 9771
105 9800
105 9800
105 9946
105 9946
105 9952
105 9952
105 9953
105 9953
105 9954
105 9954
107 10113
107 10182
107 10468
107 10474
107 10474
107 10476
105 10529
105 10529
105 10535
105 10535
105 10535
105 10535
105 10536
105 10536
105 10536
105 10536
104 10556
104 10559
104 10564
104 10566
107 10658
107 10663
107 11208
107 11215
107 11264
110 11561
107 11636
107 11639
110 11653
110 11700
110 11707
110 11737
110 11757
110 11800
110 11855
110 11957
110 11963
110 11963
110 12074
110 12077
105 12461
105 12461
105 12466
105 12466
105 12466
105 12466
105 12468
105 12468
105 12468
105 12468
105 12469
105 12469
105 12469
105 12469
105 12471
105 12471
105 12471
105 12471
105 12472
105 12472
107 12584
107 12590
107 12590
110 13073
110 13079
110 13080
104 13111
110 13125
110 13130
104 13144
107 13282
107 13288
107 13290
104 13365
104 13371
104 13372
104 13373
104 13373
104 13373
104 13375
104 13376
104 13376
104 13378
104 13398
126 13723
107 13802
107 13805
110 14835
110 14840
110 14840
110 14842
105 14908
105 14908
105 14913
105 14913
105 14915
105 14915
105 14915
105 14915
105 14916
105 14916
105 14916
105 14916
107 14941
107 14947
107 14948
107 14948
107 14949
107 14949
107 14955
107 14958
107 15014
107 15033
107 15036
107 15039
107 15042
107 15046
110 15386
107 15453
107 15459
107 15460
107 15460
110 15465
110 15472
107 15771
107 15776
107 15779
107 15846
107 15947
105 16023
105 16023
105 16029
105 16029
105 16030
105 16030
105 16030
105 16030
105 16032
105 16032
105 16032
105 16032
105 16033
105 16033
105 16033
105 16033
107 16161
107 16166
