104 286
104 670
104 954
104 954
104 1466
104 1558
104 1616
104 2020
104 2121
104 2318
104 2500
104 3060
105 3146
105 3146
104 3294
105 3372
105 3372
104 3441
104 3489
126 3546
126 3549
104 3932
104 3952
104 4018
104 4329
104 4583
104 4584
105 4709
105 4709
105 4712
105 4712
104 4738
105 4738
105 4738
126 4811
104 4894
104 4895
104 4937
104 5163
104 5298
104 5300
104 5302
104 5348
104 5574
104 5577
104 5641
104 5743
105 5833
105 5833
104 5859
104 5917
104 5960
104 5972
104 6011
104 6107
110 6530
110 6533
110 6533
110 6533
110 6703
110 6706
110 6709
104 6892
104 6933
104 6936
104 6936
104 6936
104 6991
110 7001
110 7004
104 7074
104 7077
104 7103
104 7125
104 7388
104 7391
110 7627
110 7629
110 7802
104 7964
104 7967
104 7968
104 7971
110 8002
110 8003
110 8174
110 8176
104 8479
110 8669
110 8672
110 8675
110 8677
110 8680
110 8779
126 8876
110 8888
110 8891
110 9070
110 9073
110 9149
110 9152
110 9155
104 9530
104 9533
110 9771
110 9774
110 9776
126 10016
104 10135
104 10136
104 10139
105 10285
105 10285
105 10288
105 10288
105 10291
105 10291
105 10293
105 10293
110 10312
110 10313
110 10316
110 10319
105 10651
105 10651
105 10653
105 10653
105 10653
105 10653
105 10654
105 10654
105 10654
105 10654
105 10654
105 10654
105 10654
105 10654
110 10695
110 10832
110 10932
110 10934
105 11211
105 11211
105 11214
105 11214
105 11214
105 11214
105 11214
105 11214
105 11214
105 11214
105 11215
105 11215
105 11215
105 11215
105 11215
105 11215
105 11215
105 11215
105 11215
105 11215
105 11744
105 11744
110 11786
126 11795
110 11842
110 11845
110 11846
110 11849
9 12168
9 12171
9 12171
9 12171
9 12171
9 12172
9 12172
9 12172
9 12172
9 12172
9 12172
9 12173
9 12173
9 12173
9 12173
9 12173
9 12173
9 12175
9 12175
9 12175
9 12175
105 12188
105 12188
105 12191
105 12191
105 12191
105 12191
9 12191
105 12191
105 12191
9 12205
9 12420
9 12422
9 12422
9 12422
9 12422
9 12424
9 12424
9 12424
9 12424
9 12424
9 12424
9 12424
9 12425
9 12425
105 12561
105 12561
105 12564
105 12564
110 12602
110 12709
110 12711
105 13111
105 13111
110 13153
110 13155
110 13155
110 13156
110 13241
110 13244
110 13379
110 13382
110 13382
104 13435
104 13435
105 13474
105 13474
105 13477
105 13477
105 13477
105 13477
105 13477
105 13477
105 13477
105 13477
105 13478
105 13478
105 13478
105 13478
104 13595
104 13595
104 13595
