106 693
86 1076
88 1564
89 1644
86 2449
106 3546
138 3715
87 4286
138 4326
106 4336
99 4767
99 4799
87 4970
87 4988
106 5012
138 5049
106 5538
106 5805
106 5888
106 6013
97 6469
88 6529
87 6672
87 6708
90 7140
88 7288
88 7306
87 7348
87 7362
87 7535
87 8318
87 8342
94 8418
88 8479
106 8507
88 8509
106 8509
106 8512
106 8658
106 8815
87 8838
87 9188
12 9245
138 9306
87 9432
87 9458
138 9498
138 9579
13 9780
106 9978
106 9981
106 10091
106 10096
88 10238
106 10258
106 10261
106 10264
87 10556
87 10605
87 10675
87 10922
12 11022
13 11037
106 11292
106 11295
98 11327
86 11332
106 11334
489 11525
489 11525
489 11525
489 11525
489 11525
489 11525
489 11525
489 11525
489 11525
489 11525
489 11525
489 11525
489 11525
489 11525
489 11525
489 11525
489 11525
489 11525
12 11569
13 11576
87 11710
489 11948
489 11948
489 11948
489 11948
489 11948
489 11948
489 11948
489 11948
489 11948
489 11948
489 11948
489 11948
489 11948
489 11948
489 12026
489 12026
489 12026
489 12026
489 12026
489 12026
138 12170
138 12243
138 12245
98 12256
98 12338
489 12515
489 12515
489 12515
489 12515
489 12515
489 12515
489 12515
489 12515
489 12515
489 12515
489 12515
489 12515
489 12515
489 12515
489 12515
489 12515
489 12515
489 12515
489 12983
489 12983
489 12983
489 12983
489 12983
489 12983
489 12983
489 12983
489 12983
489 12983
489 12983
489 12983
489 12983
489 12983
489 13020
489 13020
489 13020
489 13020
489 13020
489 13020
106 13225
106 13226
489 13530
489 13530
489 13530
489 13530
489 13530
489 13530
489 13530
489 13530
489 13530
489 13530
489 13530
489 13530
489 13530
489 13530
489 13530
489 13530
106 13589
106 13591
489 13996
489 13996
489 13996
489 13996
489 13996
489 13996
489 13996
489 13996
489 13996
489 13996
489 13996
489 13996
489 13996
489 13996
489 13996
489 13996
489 13996
489 13996
489 13996
489 13996
98 14222
489 14525
489 14525
489 14525
489 14525
489 14525
489 14525
489 14525
489 14525
489 14525
489 14525
489 14525
489 14525
489 14525
489 14525
489 14525
489 14525
87 14653
138 14707
138 14748
489 15084
489 15084
489 15084
489 15084
489 15084
489 15084
489 15084
489 15084
489 15084
489 15084
489 15084
489 15084
489 15084
489 15084
489 15084
489 15084
489 15084
489 15084
489 15084
489 15084
489 15529
489 15529
489 15529
489 15529
489 15529
489 15529
489 15529
489 15529
489 15529
489 15529
489 15529
489 15529
489 15529
489 15529
489 15529
489 15529
489 16088
489 16088
489 16088
489 16088
489 16088
489 16088
489 16088
489 16088
489 16088
489 16088
489 16088
489 16088
489 16088
489 16088
489 16088
489 16088
489 16088
489 16088
489 16088
489 16088
87 16236
489 16561
489 16561
489 16561
489 16561
489 16561
489 16561
489 16561
489 16561
489 16561
489 16561
489 16561
489 16561
489 16561
489 16561
489 16561
489 16561
92 16675
88 16909
88 16943
138 16989
