106 699
86 1110
88 1633
89 1708
106 3012
138 3721
86 4147
106 4174
138 4415
87 4454
106 5010
87 5267
87 5289
138 5338
106 5521
87 5799
106 5823
99 6017
99 6066
99 6092
87 6217
138 6424
87 6449
96 6581
106 6739
106 6766
87 6856
87 6864
88 6958
88 6990
106 7071
138 7266
138 7316
106 7411
90 7506
90 7549
138 7553
87 7584
87 7634
87 7645
106 7703
106 7958
106 8114
88 8243
88 8265
86 8288
87 8382
87 8385
87 8385
87 8457
87 8467
88 8648
91 8658
106 8845
106 9061
106 9231
106 9308
99 9525
86 9921
86 10080
87 10146
87 10164
87 10176
138 10179
87 10184
138 10184
87 10239
87 10770
87 10804
87 10838
87 10840
138 10865
94 10921
87 10974
87 10995
87 10999
12 11486
12 11487
12 11490
138 11882
138 11918
138 11948
15 11989
15 11990
106 12088
15 12129
138 12141
138 12189
88 12516
106 12525
87 12553
87 12565
87 12570
138 12658
138 12668
138 12716
138 12722
138 12904
106 13045
87 13278
87 13279
87 13281
87 13288
106 13301
106 13307
92 13388
87 13388
138 13478
138 13513
138 13516
138 13524
138 13560
138 13596
106 13670
138 13682
138 13690
138 13724
138 13724
106 13890
106 13965
106 14221
