106 682
86 1004
88 1648
89 1789
86 2507
138 3793
106 3926
99 4641
87 4729
99 4983
87 5118
138 5217
106 5289
106 5292
106 5570
99 5691
87 5829
138 5921
88 6377
97 6396
88 6435
87 6457
106 6601
87 6652
87 6739
87 7107
106 7201
106 7528
106 7611
106 7811
138 8059
87 8083
88 8413
106 8465
106 8472
106 8698
106 8705
106 8705
106 8707
94 9029
88 9064
106 9102
106 9104
106 9107
87 9136
90 9375
87 9422
87 9516
88 9745
87 9845
106 9926
106 10228
87 10353
87 10403
106 10487
106 10490
106 10492
138 10696
106 10984
