104 286
104 443
104 791
104 1049
104 1052
104 1338
104 1505
104 1732
104 1989
104 2075
105 2501
105 2501
104 2697
126 2822
104 2939
104 3215
104 3448
104 3535
126 3621
104 3682
104 3761
104 3830
104 3833
104 3980
104 4030
126 4047
104 4234
104 4303
104 4456
104 4521
104 4669
104 4672
104 4678
104 4724
104 4747
104 5003
104 5033
110 5573
110 5576
110 5579
110 5582
110 5755
110 5759
110 5880
104 6121
110 6148
104 6180
104 6227
104 6232
110 6444
110 6489
110 6530
110 6683
110 6777
110 6892
104 6892
104 6959
110 6987
104 7128
104 7133
104 7135
104 7273
104 7276
104 7279
104 7285
104 7444
110 7738
110 7741
110 7829
110 7948
110 7956
110 8032
110 8035
110 8039
104 8088
110 8292
110 8295
110 8300
110 8544
110 8550
110 8551
110 8716
110 8723
110 8877
110 8884
110 8884
110 9026
110 9032
110 9034
110 9202
110 9208
110 9208
110 9402
110 9408
110 9409
110 9539
110 9545
110 9545
110 9785
110 9788
110 9882
110 9884
110 9962
110 10267
110 10273
110 10274
110 10274
110 10475
110 10480
110 10482
110 10482
110 10483
110 10639
110 10646
110 10647
110 10647
110 10878
110 10885
110 10885
110 10886
110 10886
104 10984
104 10991
104 10993
104 10993
104 10994
104 10994
104 10995
104 11255
104 11257
110 11448
110 11451
126 11627
110 11720
110 11727
110 11727
110 11728
110 11999
110 12002
110 12005
110 12399
110 12406
110 12406
110 12408
126 12547
110 13155
110 13162
110 13162
110 13163
110 13163
110 13165
110 13165
110 13166
110 13365
110 13371
110 13372
110 13372
110 13374
110 13374
