106 677
86 1097
88 1651
89 1823
86 2542
88 3445
106 3598
138 4464
106 4738
97 4916
87 4991
106 5026
88 5032
88 5044
138 5470
99 5696
106 5940
106 6288
87 6318
88 6467
106 6801
106 6802
87 7040
87 7200
106 7508
106 7510
88 7597
87 7630
106 7687
92 7792
138 7825
90 7896
87 8223
106 8597
106 8629
106 8715
106 8720
87 8855
12 8929
12 8935
13 8966
13 8968
138 8991
106 9282
12 9367
12 9373
12 9373
138 9391
13 9396
13 9396
13 9406
106 9710
106 9716
87 9808
106 10194
106 10310
106 10317
98 10708
98 10723
12 10805
13 11164
