104 287
104 670
104 965
104 970
104 1445
104 1543
104 1607
104 2029
104 2102
104 2259
104 2481
104 2721
105 3136
105 3136
105 3140
105 3140
104 3224
126 3542
126 3545
104 3551
104 3712
104 3715
104 3771
104 4181
104 4243
104 4421
126 4447
104 4636
104 4640
104 4645
104 4647
104 4699
104 4839
104 4904
104 5053
104 5291
104 5295
126 5298
104 5300
104 5471
104 5475
126 5540
105 5597
105 5597
105 5602
105 5602
105 5653
105 5653
105 5855
105 5855
105 5863
105 5863
105 5868
105 5868
104 5885
104 5890
104 5894
105 6094
105 6094
9 6181
9 6185
9 6188
104 6227
104 6231
105 6232
105 6232
104 6296
104 6300
104 6360
104 6785
104 6795
104 6795
104 6795
104 6795
104 7027
104 7031
104 7035
104 7087
126 7144
104 7316
104 7323
104 7325
104 7325
104 7326
104 7431
104 7436
104 7487
104 7620
104 7624
104 7629
104 7631
104 7781
105 8072
105 8072
104 8075
104 8083
104 8083
104 8085
104 8085
104 8086
104 8086
104 8088
104 8088
104 8089
104 8089
105 8539
105 8539
105 8544
105 8544
105 8547
105 8547
104 8671
104 8679
104 8681
104 8681
105 8712
105 8712
105 8716
105 8716
105 8719
105 8719
105 9190
105 9190
105 9196
105 9196
105 9197
105 9197
105 9197
105 9197
105 9199
105 9199
105 9199
105 9199
105 9200
105 9200
105 9370
105 9370
105 9377
105 9377
105 9379
105 9379
105 9379
105 9379
105 9380
105 9380
9 9470
9 9476
9 9476
9 9477
9 9492
9 9495
105 9628
105 9628
105 9636
105 9636
105 9636
105 9636
105 9638
105 9638
104 9800
104 9833
104 10007
9 10096
9 10102
9 10102
104 10120
9 10368
9 10373
104 10634
104 10659
104 10661
107 10932
107 10939
107 10939
107 10941
107 10941
107 10942
107 10942
107 10943
107 10943
105 11046
105 11046
126 11051
105 11053
105 11053
105 11054
105 11054
105 11054
105 11054
105 11056
105 11056
107 11329
107 11336
107 11338
107 11338
107 11339
107 11428
107 11440
105 11469
105 11469
105 11476
105 11476
105 11476
105 11476
105 11477
105 11477
126 11490
105 11582
105 11582
105 11588
105 11588
107 11611
105 11689
105 11689
107 11725
107 11832
104 11933
105 11942
105 11942
105 11951
105 11951
105 11951
105 11951
105 11952
105 11952
105 11952
105 11952
104 11954
105 12197
105 12197
105 12206
105 12206
105 12206
105 12206
105 12207
105 12207
105 12207
105 12207
105 12209
105 12209
105 12285
105 12285
105 12292
105 12292
9 12821
9 12827
9 12827
9 12828
9 12828
9 12830
9 12830
9 12831
9 12844
9 12850
9 12851
105 12853
9 12853
105 12853
105 12864
105 12864
105 12864
105 12864
105 12865
105 12865
105 12865
105 12865
105 12866
105 12866
105 12866
105 12866
105 12868
105 12868
105 12868
105 12868
105 12869
105 12869
105 12869
105 12869
105 12871
105 12871
105 12871
105 12871
105 12872
105 12872
105 12874
105 12874
105 12874
105 12874
105 12875
105 12875
9 12985
9 12991
9 12992
9 12992
9 13030
9 13034
9 13037
105 13111
105 13111
105 13121
105 13121
105 13123
105 13123
105 13123
105 13123
105 13124
105 13124
105 13124
105 13124
104 13657
104 13661
104 13670
104 13674
104 13677
105 13704
105 13704
105 13710
105 13710
105 13711
105 13711
105 13711
105 13711
105 13713
105 13713
105 13713
105 13713
105 13714
105 13714
105 13714
105 13714
105 13716
105 13716
105 13716
105 13716
104 13805
107 13845
105 14240
105 14240
105 14250
105 14250
105 14250
105 14250
105 14251
105 14251
105 14251
105 14251
105 14253
105 14253
105 14253
105 14253
105 14254
105 14254
104 14388
104 14391
104 14394
104 14401
104 14405
104 14408
104 14430
104 14433
104 14437
105 14600
105 14600
105 14608
105 14608
105 14608
105 14608
105 14610
105 14610
105 14610
105 14610
9 14638
9 14643
9 14645
9 14645
9 14646
9 14796
9 14799
9 14805
9 14806
9 14806
9 14808
105 14879
105 14879
105 14887
105 14887
105 14887
105 14887
105 14889
105 14889
105 14889
105 14889
105 14890
105 14890
105 14890
105 14890
105 14892
105 14892
9 15203
9 15209
9 15211
9 15211
9 15212
9 15212
9 15214
126 15443
105 15881
105 15881
105 15888
105 15888
105 15889
105 15889
105 15889
105 15889
105 15891
105 15891
105 15891
105 15891
105 15892
105 15892
105 15892
105 15892
105 15894
105 15894
105 15894
105 15894
105 15895
105 15895
105 15895
105 15895
105 15896
105 15896
105 15896
105 15896
105 15898
105 15898
105 15898
105 15898
105 15899
105 15899
105 15899
105 15899
105 15901
105 15901
105 15901
105 15901
105 15902
105 15902
105 15904
105 15904
105 15904
105 15904
105 15905
105 15905
105 15905
105 15905
105 15907
105 15907
105 15907
105 15907
105 16203
105 16203
105 16212
105 16212
105 16212
105 16212
105 16213
105 16213
105 16213
105 16213
105 16215
105 16215
105 16216
105 16216
105 16380
105 16380
105 16386
105 16386
105 16387
105 16387
105 16389
105 16389
105 16389
105 16389
105 16390
105 16390
105 16390
105 16390
105 16392
105 16392
105 16392
105 16392
105 16554
105 16554
105 16563
105 16563
105 16713
105 16713
105 16718
105 16718
105 16720
105 16720
105 16720
105 16720
105 16721
105 16721
105 16721
105 16721
9 16770
9 16775
9 16777
9 16777
9 16778
9 16778
9 16780
105 16970
105 16970
105 16978
105 16978
105 16978
105 16978
105 16979
105 16979
105 16979
105 16979
105 16980
105 16980
105 16980
105 16980
105 16982
105 16982
112 17543
104 17546
112 17549
112 17550
112 17550
104 17551
112 17552
112 17552
104 17554
104 17567
112 17573
112 17578
112 17580
112 17583
104 17603
9 17972
9 17977
9 17977
9 17979
9 17979
9 17980
9 17980
9 17982
105 17991
105 17991
105 17998
105 17998
105 18000
105 18000
105 18000
105 18000
105 18001
105 18001
105 18001
105 18001
105 18002
105 18002
105 18002
105 18002
105 18683
105 18683
105 18690
105 18690
105 18690
105 18690
105 18692
105 18692
105 18692
105 18692
105 18693
105 18693
105 18693
105 18693
105 18695
105 18695
105 18695
105 18695
105 18696
105 18696
105 18698
105 18698
105 18829
105 18829
105 18834
105 18834
105 18836
105 18836
105 18836
105 18836
105 18837
105 18837
105 18837
105 18837
105 18839
105 18839
105 18839
105 18839
105 18840
105 18840
105 18840
105 18840
105 18842
105 18842
105 18842
105 18842
105 18843
105 18843
105 18843
105 18843
105 18844
105 18844
105 18844
105 18844
105 19024
105 19024
105 19033
105 19033
105 19033
105 19033
105 19034
105 19034
105 19034
105 19034
105 19036
105 19036
105 19036
105 19036
105 19037
105 19037
105 19037
105 19037
105 19039
105 19039
105 19039
105 19039
105 19040
105 19040
9 20208
9 20214
9 20214
9 20216
9 20216
9 20217
111 20226
111 20231
111 20234
111 20236
105 20434
105 20434
105 20439
105 20439
105 20441
105 20441
105 20441
105 20441
105 20442
105 20442
105 20442
105 20442
105 20444
105 20444
105 20444
105 20444
9 20527
9 20532
9 20534
9 20534
9 20535
9 20535
9 20537
9 20537
9 20538
105 20848
105 20848
105 20857
105 20857
105 20857
105 20857
105 20858
105 20858
105 20858
105 20858
105 20860
105 20860
105 20860
105 20860
105 20861
105 20861
105 20861
105 20861
105 20863
105 20863
105 20864
105 20864
105 20864
105 20864
105 20864
105 20864
105 20865
105 20865
105 20865
105 20865
105 20867
105 20867
105 20867
105 20867
105 20868
105 20868
105 20870
105 20870
104 21100
104 21109
104 21109
104 21110
104 21110
104 21112
104 21112
104 21113
104 21113
104 21115
104 21115
104 21116
9 21333
9 21338
9 21338
9 21340
9 21340
9 21341
9 21341
9 21343
9 21344
9 21344
112 22138
112 22142
112 22145
104 22203
104 22213
111 22255
111 22259
112 22341
112 22345
112 22348
126 22686
9 22710
9 22716
9 22717
9 22717
9 22719
9 22719
9 22720
9 22810
9 22815
9 22817
9 22817
9 22818
112 23314
112 23317
112 23321
112 23324
9 23349
9 23355
9 23355
112 23606
112 23613
104 23917
104 23922
104 23925
104 23936
104 23940
104 23943
112 24052
112 24055
112 24058
112 24062
104 24172
104 24181
104 24182
104 24182
104 24184
104 24184
111 24401
105 24487
105 24487
105 24496
105 24496
105 24496
105 24496
105 24497
105 24497
105 24497
105 24497
105 24499
105 24499
126 24584
104 24837
104 24842
111 24974
126 25093
126 25096
