104 764
104 878
104 973
105 1809
105 1809
105 1809
105 1809
105 1840
105 1840
105 2081
105 2081
105 2324
105 2324
104 2478
126 2918
104 2929
104 3182
104 3427
104 3648
104 3687
126 3724
104 3724
104 3790
104 3895
104 3929
104 3951
104 4039
104 4210
104 4211
126 4237
104 4417
104 4658
104 4660
104 4865
104 4921
104 5059
104 5062
104 5098
104 5101
104 5261
104 5264
104 5500
104 5538
104 5569
104 5750
104 5802
104 5864
104 5929
104 5931
104 6011
104 6013
104 6049
110 6510
110 6695
110 6785
110 6788
110 6944
110 6946
104 7069
110 7576
110 7578
110 7581
110 7584
110 7588
110 7590
104 7620
110 7728
110 7886
110 7909
104 8042
104 8045
110 8212
110 8215
110 8218
110 8318
110 8348
110 8350
110 8524
110 8527
110 8528
110 8639
110 8642
110 8919
110 8921
110 8924
104 9052
110 9061
110 9185
104 9386
126 9510
104 9601
104 9602
104 9602
104 9603
104 9603
104 9603
104 9603
104 9733
104 9734
104 9736
110 10190
110 10192
110 10192
110 10421
110 10424
110 10427
110 10430
110 10699
110 10702
110 10705
110 10709
110 10711
104 10860
104 10862
104 10864
110 11124
110 11127
110 11266
110 11269
110 11337
110 11340
110 11404
110 11597
110 11600
110 11600
110 11600
110 11603
110 11694
110 11697
110 11933
110 11936
110 11938
110 12009
104 12099
104 12101
110 12304
104 12429
104 12432
104 12435
104 12438
110 12635
110 12638
110 12640
110 12640
110 12640
110 12642
110 12732
110 13012
110 13017
110 13017
110 13017
110 13017
104 13323
104 13326
104 13543
110 13769
110 13772
110 14692
110 14696
110 14696
110 14816
110 14989
110 14992
110 14992
110 15108
110 15111
110 15111
110 15111
110 15336
110 15338
110 15338
110 15340
110 15340
110 15340
110 15340
110 15340
110 15537
110 15540
110 15540
110 15540
110 15540
110 15540
110 15541
110 15541
110 15713
110 15716
110 15716
110 15717
110 15717
110 15717
110 15717
110 15717
110 15717
110 15717
110 15717
110 15718
110 15844
110 15847
110 16068
110 16071
110 16073
110 16073
110 16263
110 16267
110 16267
126 16291
110 16414
110 16480
110 16483
110 16483
110 16574
110 16576
110 16680
110 16683
110 16748
110 16892
110 16895
110 16896
110 17038
110 17043
110 17043
110 17298
110 17300
110 17302
110 17302
110 17302
110 17302
104 17335
110 17442
110 17590
110 17593
110 17596
126 17638
110 17691
110 17788
110 17793
110 17944
110 17947
110 17947
110 18272
110 18275
110 18488
110 18491
110 18491
110 18491
110 18491
110 18554
110 18753
110 18756
110 18756
110 18921
110 18924
110 18924
110 18926
110 19075
110 19319
110 19321
110 19321
110 19510
110 19513
110 19631
110 20247
110 20251
110 20680
110 20683
110 20685
110 20685
110 20685
110 20685
110 20685
110 20685
110 20686
110 20686
110 20686
110 20836
110 20839
110 20997
110 21000
110 21001
110 21001
110 21001
110 21125
110 21129
110 21129
110 21129
110 21278
110 21281
110 21281
110 21463
110 21466
110 21466
110 21642
110 21645
110 21645
110 21750
110 21754
110 22035
110 22038
110 22038
110 22038
110 22038
110 22038
110 22248
110 22251
110 22252
110 22543
110 22546
110 22546
110 22546
110 22546
110 23149
110 23386
110 23389
110 23391
110 23391
110 23559
