104 289
104 666
104 967
104 967
104 1050
104 1525
104 1603
104 2005
104 2075
104 2092
104 2254
104 2733
104 3063
104 3073
104 3232
104 3343
104 3461
126 3514
104 3540
126 3585
104 3885
104 3948
104 3982
105 4427
105 4427
105 4454
105 4454
104 4571
104 4578
104 4580
104 4580
104 4580
104 4630
104 4706
104 4725
126 4759
104 5294
104 5300
104 5300
110 5945
110 5952
110 5952
110 5953
110 5953
110 6146
110 6152
110 6153
110 6382
110 6385
110 6388
110 6392
104 6506
104 6512
104 6513
104 6513
104 6514
104 6648
104 6654
104 6655
104 6797
104 6801
104 6897
104 6903
104 7204
104 7211
104 7213
104 7213
104 7377
104 7381
104 7460
104 7578
104 7633
104 7637
104 7670
104 7677
104 7705
104 7736
104 7870
104 7915
104 7981
104 7986
104 8032
104 8045
104 8079
104 8109
104 8304
104 8308
104 8322
104 8345
110 8747
110 8777
110 9137
110 9143
110 9143
110 9143
110 9145
110 9235
110 9238
110 9281
110 9286
110 9323
110 9382
110 9399
110 9706
110 9709
110 9712
110 9716
110 10207
110 10214
110 10214
110 10217
110 10305
110 10319
110 10436
110 10441
110 10492
110 10562
110 10565
110 10616
110 10623
110 10762
110 10773
110 10840
110 10845
110 10882
110 10944
110 11011
110 11020
110 11298
110 11305
110 11807
110 11813
110 11813
110 11815
110 11815
110 11815
110 11815
110 11815
110 11815
110 11815
110 11815
110 11816
110 12077
110 12080
110 12082
110 12307
110 12313
110 12314
110 12314
110 12314
126 12328
126 12331
110 12503
110 12510
110 12511
110 12586
104 12598
104 12602
104 12605
104 12608
104 12610
104 12875
110 12896
110 12899
104 12924
110 13005
110 13007
110 13162
110 13351
110 13358
110 13358
110 13359
110 13418
110 13618
110 13626
110 13626
110 13626
