104 290
104 462
104 817
104 1088
104 1089
104 1540
104 1620
104 2028
104 2104
104 2251
104 2511
104 2729
105 3152
105 3152
105 3208
105 3208
104 3607
104 3610
126 3612
126 3615
104 4039
104 4188
104 4216
104 4354
104 4357
104 4370
126 4533
104 4586
104 4769
104 4777
104 4780
104 4833
104 5189
104 5248
104 5251
126 5332
104 5465
104 5469
105 5593
105 5593
126 5594
105 5596
105 5596
105 5610
105 5610
105 5613
105 5613
105 5616
105 5616
104 5726
104 5760
104 5849
104 5976
104 6060
104 6062
104 6103
126 6212
104 6273
104 6294
104 6483
104 6486
104 6743
104 6876
126 6957
104 6979
104 6982
104 6985
104 7064
104 7099
105 7116
105 7116
105 7119
105 7119
105 7122
105 7122
104 7135
104 7148
104 7172
104 7221
104 7367
104 7369
104 7372
104 7374
104 7460
104 7463
104 7534
104 7642
104 7666
104 7745
104 7842
104 7844
104 7847
104 7896
104 7899
104 8248
104 8250
105 8489
105 8489
105 8495
105 8495
105 8496
105 8496
105 8496
105 8496
105 8498
105 8498
104 8514
104 8517
104 8564
9 8969
9 8975
9 8975
9 8976
9 8976
9 8978
9 8978
9 8979
9 8979
9 8981
105 9065
105 9065
105 9071
105 9071
105 9072
105 9072
105 9233
105 9233
105 9239
105 9239
105 9239
105 9239
105 9240
105 9240
107 9569
107 9572
105 9626
105 9626
105 9629
105 9629
105 9632
105 9632
105 9635
105 9635
105 9638
105 9638
104 9658
104 9661
104 9664
104 9667
104 9670
107 9713
107 9718
107 9767
104 10001
104 10004
105 10039
105 10039
105 10044
105 10044
105 10045
105 10045
105 10048
105 10048
105 10051
105 10051
104 10067
107 10179
107 10180
104 10237
104 10238
104 10258
104 10261
104 10264
107 10396
104 10565
104 10566
104 10571
105 10651
105 10651
105 10657
105 10657
105 10658
105 10658
105 10658
105 10658
105 10660
105 10660
105 10660
105 10660
104 10785
107 10794
105 10963
105 10963
105 10969
105 10969
105 10971
105 10971
104 11100
105 11119
105 11119
105 11122
105 11122
105 11125
105 11125
104 11133
105 11220
105 11220
9 11252
9 11258
9 11258
9 11259
9 11259
9 11261
9 11261
9 11262
9 11262
104 11262
107 11263
9 11264
104 11265
104 11267
104 11269
104 11272
105 11280
105 11280
105 11283
105 11283
105 11286
105 11286
107 11421
105 11477
105 11477
105 11480
105 11480
105 11872
105 11872
105 11878
105 11878
105 11878
105 11878
105 11879
105 11879
107 12013
105 12060
105 12060
105 12066
105 12066
105 12068
105 12068
105 12068
105 12068
105 12069
105 12069
104 12124
104 12127
104 12130
104 12133
104 12135
104 12138
107 12201
104 12282
105 12299
105 12299
105 12305
105 12305
105 12306
105 12306
105 12306
105 12306
105 12308
105 12308
9 12375
9 12382
9 12382
9 12384
9 12384
9 12385
9 12385
9 12386
9 12388
9 12388
9 12388
105 12517
105 12517
105 12520
105 12520
104 12639
104 12642
105 12774
105 12774
105 12777
105 12777
107 12813
107 12816
105 12901
105 12901
107 12915
107 13042
9 13069
9 13074
9 13076
9 13076
9 13077
9 13077
9 13079
105 13079
105 13079
9 13079
9 13080
105 13085
105 13085
105 13087
105 13087
105 13087
105 13087
105 13088
105 13088
105 13088
105 13088
107 13221
105 13386
105 13386
105 13392
105 13392
105 13392
105 13392
105 13393
105 13393
104 13656
104 13658
104 13661
104 13664
104 13667
104 13670
104 13673
104 13676
104 13679
9 13886
9 13891
9 13892
105 13911
105 13911
105 13914
105 13914
105 13916
105 13916
105 13919
105 13919
112 14085
112 14091
112 14093
112 14093
105 14094
112 14094
112 14094
105 14094
112 14096
105 14101
105 14101
105 14101
105 14101
105 14101
105 14101
104 14280
104 14517
104 14550
104 14602
104 14635
104 14668
105 14854
105 14854
105 14860
105 14860
105 14862
105 14862
105 14862
105 14862
105 14915
105 14915
105 14921
105 14921
105 14921
105 14921
105 14922
105 14922
105 14922
105 14922
105 14923
105 14923
105 14923
105 14923
104 14927
104 14929
104 15340
126 15377
105 15642
105 15642
105 15647
105 15647
105 15647
105 15647
105 15647
105 15647
105 15649
105 15649
105 15650
105 15650
105 15650
105 15650
105 15652
105 15652
105 15652
105 15652
105 15653
105 15653
105 15653
105 15653
104 15780
104 15783
104 15786
104 15789
104 15792
105 15948
105 15948
105 15954
105 15954
105 15954
105 15954
105 15956
105 15956
105 15956
105 15956
105 15957
105 15957
105 15957
105 15957
105 15958
105 15958
105 15958
105 15958
105 15960
105 15960
105 15960
105 15960
105 16065
105 16065
107 16089
105 16183
105 16183
105 16186
105 16186
105 16189
105 16189
107 16207
105 16292
105 16292
105 16300
105 16300
105 16300
105 16300
105 16301
105 16301
105 16301
105 16301
105 16308
105 16308
107 16324
105 16458
105 16458
105 16461
105 16461
105 16465
105 16465
9 16577
9 16582
107 16600
105 16610
105 16610
105 16616
9 16616
105 16616
105 16618
9 16618
105 16618
105 16618
105 16618
105 16619
105 16619
9 16621
105 16622
105 16622
9 16624
9 16631
9 16676
9 16682
9 16682
9 16683
9 16689
105 16811
105 16811
105 16816
105 16816
105 16816
105 16816
9 16879
9 16880
9 16880
9 16882
9 16882
9 16883
9 16883
9 16885
9 16885
9 16886
9 16888
9 16888
9 16888
9 16889
105 16969
105 16969
105 17185
105 17185
105 17191
105 17191
105 17192
105 17192
105 17192
105 17192
105 17193
105 17193
105 17193
105 17193
105 17195
105 17195
105 17196
105 17196
105 17196
105 17196
105 17198
105 17198
105 17198
105 17198
105 17252
105 17252
105 17255
105 17255
105 17329
105 17329
105 17332
105 17332
105 17335
105 17335
105 17432
105 17432
105 17476
105 17476
105 17520
105 17520
105 17556
105 17556
107 17561
107 17566
105 17581
105 17581
105 17594
105 17594
105 17643
105 17643
105 17645
105 17645
105 17684
105 17684
105 17687
105 17687
9 17738
9 17740
9 17743
9 17746
