106 693
86 1184
88 1453
89 1670
106 2651
86 3583
96 3759
106 4266
138 5097
106 5181
88 5508
90 5563
106 5597
88 5718
106 6070
88 6550
106 6591
88 6605
92 6810
88 7060
106 7601
98 7797
98 7821
98 7836
98 7856
98 8746
98 8818
98 8857
106 8885
289 10072
289 10072
289 10072
289 10072
289 10072
289 10072
289 10126
289 10126
289 10126
289 10126
289 10126
289 10126
289 10126
289 10126
289 10126
289 11731
289 11731
289 11731
289 11731
289 11731
289 11731
289 11731
289 11731
289 11731
289 12341
289 12341
289 12341
289 12341
289 12341
289 12341
86 12412
289 13016
289 13016
289 13016
289 13016
289 13016
289 13016
