104 286
104 650
104 974
104 977
104 1443
104 1511
104 1594
104 2013
104 2073
104 2074
104 2257
104 2498
105 3108
105 3108
105 3111
105 3111
105 3113
105 3113
104 3339
126 3549
126 3550
104 3687
104 3690
104 3889
104 3955
104 4014
104 4384
104 4410
104 4692
104 4694
104 4696
104 4698
104 4701
104 4702
126 4731
104 4896
104 5099
104 5289
104 5471
104 5472
104 5475
104 5498
104 5500
104 5502
104 5635
105 5914
105 5914
105 5917
105 5917
105 5918
105 5918
126 6118
105 6219
105 6219
105 6223
105 6223
104 6244
104 6245
104 6314
104 6319
126 6482
104 6834
104 6837
104 6838
104 6841
104 6843
104 6845
105 6966
105 6966
105 6968
105 6968
105 6970
105 6970
105 7192
105 7192
105 7194
105 7194
105 7196
105 7196
104 7213
105 7257
105 7257
105 7258
105 7258
105 7261
105 7261
105 7264
105 7264
104 7348
104 7349
104 7480
104 7482
104 7485
105 7627
105 7627
105 7761
105 7761
105 7762
105 7762
105 7765
105 7765
105 7766
105 7766
105 7920
105 7920
126 7939
105 8237
105 8237
105 8240
105 8240
105 8241
105 8241
105 8244
105 8244
105 8452
105 8452
105 8453
105 8453
105 8456
105 8456
105 8457
105 8457
104 8577
104 8580
105 8588
105 8588
105 8591
105 8591
105 8593
105 8593
105 8597
105 8597
105 8598
105 8598
126 8638
126 8638
105 8791
105 8791
105 8793
105 8793
105 8796
105 8796
105 8898
105 8898
126 8899
105 8901
105 8901
105 8902
105 8902
105 8989
105 8989
105 9035
105 9035
105 9037
105 9037
105 9161
105 9161
105 9215
105 9215
105 9217
105 9217
105 9304
105 9304
105 9307
105 9307
105 9308
105 9308
105 9402
105 9402
105 9482
105 9482
105 9485
105 9485
105 9487
105 9487
126 9495
105 9510
105 9510
104 9559
104 9562
104 9565
104 9567
126 9769
105 9821
105 9821
105 9822
105 9822
105 9825
105 9825
104 9955
105 9972
105 9972
105 10018
105 10018
105 10160
105 10160
105 10163
105 10163
105 10166
105 10166
105 10221
105 10221
104 10257
105 10270
105 10270
105 10273
105 10273
105 10274
105 10274
105 10277
105 10277
105 10278
105 10278
105 10281
105 10281
126 10460
105 10563
105 10563
105 10565
105 10565
105 10624
105 10624
104 10772
104 10774
104 10777
104 10778
104 10805
104 10808
104 10810
105 10834
105 10834
105 10835
105 10835
105 10838
105 10838
105 10840
105 10840
104 10873
104 11072
105 11106
105 11106
105 11107
105 11107
104 11155
104 11158
126 11177
104 11316
104 11318
104 11321
104 11406
104 11407
104 11410
104 11499
104 11524
104 11525
104 11541
104 11542
104 11610
104 11612
105 11899
105 11899
105 11901
105 11901
104 12390
104 12392
104 12395
104 12472
104 12475
104 12477
104 12480
104 12710
104 12731
107 12832
107 12835
107 12836
107 12839
107 12841
107 12843
107 12846
107 12933
104 12963
104 12965
104 12966
107 13141
107 13143
107 13144
104 13265
104 13270
104 13271
107 13280
104 13330
104 13337
107 13494
107 13496
104 13552
104 13553
104 13707
104 13709
104 13710
104 13717
107 13740
107 13742
107 13746
104 13987
104 13988
107 14335
107 14336
107 14339
105 14552
105 14552
105 14558
105 14558
105 14558
105 14558
105 14559
105 14559
105 14559
105 14559
105 14561
105 14561
105 14561
105 14561
9 15126
105 15126
105 15126
105 15131
9 15131
105 15131
9 15131
105 15132
105 15132
9 15133
9 15133
105 15134
105 15134
105 15134
9 15134
105 15134
9 15134
105 15135
105 15135
105 15135
105 15135
105 15136
9 15136
105 15136
9 15136
105 15136
105 15136
9 15137
9 15137
105 15138
105 15138
105 15138
105 15138
105 15139
105 15139
105 15139
105 15139
9 15139
9 15139
9 15140
105 15141
105 15141
105 15141
105 15141
9 15142
9 15142
9 15143
9 15143
9 15144
9 15144
9 15146
9 15146
9 15147
9 15147
105 15434
105 15434
105 15440
105 15440
105 15440
105 15440
105 15442
105 15442
105 15442
105 15442
105 15443
105 15443
105 15443
105 15443
105 15444
105 15444
104 15609
104 15610
104 15613
104 15615
104 15618
104 15620
104 15728
104 15751
104 15852
104 15854
104 15856
104 15858
104 15859
107 15902
107 15905
9 16011
9 16017
9 16018
9 16018
9 16020
9 16020
9 16021
9 16021
9 16022
9 16022
9 16024
9 16024
104 16072
104 16333
104 16340
104 16340
104 16342
104 16342
104 16343
104 16344
105 17085
105 17085
9 17403
9 17409
9 17409
9 17410
9 17410
9 17412
9 17412
9 17413
9 17413
9 17414
9 17414
9 17416
9 17417
9 17417
9 17419
9 17419
9 17420
9 17420
9 17422
9 17422
9 17423
9 17423
105 17905
105 17905
105 17910
105 17910
105 17912
105 17912
105 17912
105 17912
105 17913
105 17913
105 17913
105 17913
105 17915
105 17915
105 17915
105 17915
105 17916
105 17916
105 17916
105 17916
105 17917
105 17917
105 17917
105 17917
105 17919
105 17919
105 17919
105 17919
105 17920
105 17920
105 17920
105 17920
105 17922
105 17922
105 17922
105 17922
105 17923
105 17923
105 17923
105 17923
105 18169
105 18169
9 18293
9 18298
9 18300
9 18301
9 18301
9 18303
9 18303
9 18304
9 18304
9 18305
9 18305
9 18307
9 18307
9 18308
9 18308
9 18310
9 18310
9 18311
104 18498
105 19148
105 19148
105 19157
105 19157
105 19163
105 19163
105 19164
105 19164
105 19164
105 19164
105 19165
105 19165
105 19165
105 19165
105 19167
105 19167
105 19167
105 19167
105 19168
105 19168
105 19168
105 19168
105 19170
105 19170
105 19170
105 19170
105 19171
105 19171
105 19171
105 19171
105 19176
105 19176
9 19274
107 19298
105 19304
105 19304
105 19309
105 19309
105 19311
105 19311
105 19311
105 19311
105 19312
105 19312
105 19312
105 19312
9 19359
9 19365
9 19366
9 19368
9 19368
9 19369
9 19369
9 19371
9 19371
9 19372
9 19374
9 19374
9 19375
9 19375
9 19376
107 19443
105 19540
105 19540
105 19543
105 19543
105 19546
105 19546
105 19547
105 19547
105 19553
105 19553
105 19554
105 19554
105 19554
105 19554
105 19556
105 19556
105 19556
105 19556
105 19557
105 19557
105 19557
105 19557
105 19558
105 19558
105 19558
105 19558
105 19560
105 19560
105 19560
105 19560
105 19561
105 19561
105 19561
105 19561
107 19681
107 19682
105 19691
105 19691
105 19692
105 19692
