104 289
104 672
104 997
104 1000
104 1312
104 1389
104 1969
105 2390
105 2390
105 2397
105 2397
105 2397
105 2397
104 2619
104 2792
126 2979
104 3130
104 3346
104 3556
104 3559
126 3778
104 3820
104 3918
104 4033
126 4037
104 4037
104 4059
104 4206
104 4737
104 4740
104 4742
104 4799
104 4836
104 4977
104 5169
126 5599
104 5648
104 5651
104 5655
104 5658
104 5662
104 5665
105 6095
105 6095
105 6098
105 6098
104 6163
104 6166
104 6170
104 6254
104 6255
126 6398
104 6399
104 6412
104 6428
105 6660
105 6660
105 6662
105 6662
104 6850
104 6853
104 6897
104 6953
104 6956
126 6995
9 7252
9 7255
9 7258
9 7262
9 7265
9 7268
9 7272
105 7595
105 7595
105 7601
105 7601
105 7601
105 7601
105 7602
105 7602
105 7602
105 7602
105 7756
105 7756
105 7762
105 7762
105 7764
105 7764
105 7764
105 7764
105 7764
105 7764
105 7765
105 7765
