106 680
86 1111
88 1558
89 1705
106 2868
86 3644
96 3790
106 4275
106 4944
86 5442
106 5787
106 6153
97 6170
88 6572
106 6665
90 6870
88 7201
106 7506
138 8025
106 8410
106 8420
88 8671
106 8892
106 9056
87 9224
106 9576
12 9620
16 9635
88 9757
88 9768
92 9856
106 9909
106 10707
106 10713
106 10962
106 10995
86 11091
87 11375
12 11459
16 11466
106 11951
106 11955
106 11960
106 12505
106 12510
106 12512
289 13640
289 13640
289 13640
289 13640
289 13640
289 13640
289 13640
289 13640
289 13640
88 14310
86 14363
88 14397
99 15167
99 15237
289 15365
289 15365
289 15365
289 15365
289 15365
289 15365
289 15365
289 15365
289 15365
99 15395
106 15757
106 15918
106 16031
106 16033
106 16172
99 16343
99 16412
99 16723
106 17507
138 17548
138 17551
138 17556
106 17804
106 17805
106 17811
99 18760
87 19705
87 19857
87 19872
87 19897
