104 292
104 663
104 973
104 974
104 1079
104 1319
104 1535
104 1599
104 2087
104 2199
104 2280
105 2884
105 2884
126 3059
105 3491
105 3491
105 3494
105 3494
105 3588
105 3588
105 3788
105 3788
105 3876
105 3876
105 3981
105 3981
126 4162
105 4202
105 4202
105 4290
105 4290
105 4728
105 4728
105 4731
105 4731
105 4732
105 4732
105 4735
105 4735
105 4736
105 4736
105 4978
105 4978
105 4981
105 4981
105 4984
105 4984
105 4987
105 4987
105 5193
105 5193
105 5194
105 5194
105 5430
105 5430
105 5432
105 5432
105 5843
105 5843
105 5846
105 5846
105 5849
105 5849
104 6162
104 6163
104 6491
104 6494
104 6496
104 6499
104 7385
104 7418
107 7895
107 7898
107 7899
107 7902
107 7903
107 8539
105 8574
105 8574
105 8577
105 8577
105 8580
105 8580
105 8581
105 8581
105 8584
105 8584
105 8587
105 8587
107 8951
