104 289
104 673
104 964
104 967
104 1443
104 1540
104 1602
104 2043
104 2090
104 2115
104 2123
104 2156
104 2246
104 2501
105 3140
105 3140
105 3141
105 3141
104 3212
104 3231
104 3456
104 3507
126 3578
126 3585
104 3706
104 3742
104 4116
104 4172
104 4275
104 4465
104 4541
126 4555
104 4744
104 4790
104 4833
104 4979
104 4980
104 5068
104 5069
104 5102
104 5180
104 5677
104 5678
104 5681
104 5783
104 5785
110 5965
110 5966
104 6083
104 6363
110 6558
110 6559
110 6561
110 6792
110 6794
110 6797
110 7098
110 7099
104 7381
104 7384
104 7387
104 7388
110 7581
110 7583
104 7700
110 7757
110 7758
110 7791
110 7793
104 7803
110 8327
110 8389
110 8426
104 8472
104 8474
104 8476
104 8478
104 8481
110 8563
110 8652
110 8708
110 8720
110 8851
110 8901
110 8903
110 9098
110 9155
110 9157
110 9160
110 9191
110 9227
110 9396
110 9398
110 9740
110 9743
110 9746
110 9748
110 9902
110 9905
110 9907
110 10066
110 10066
110 10069
110 10087
110 10257
110 10260
110 10262
110 10272
110 10328
110 10405
110 10407
110 10483
110 10525
110 10541
110 10597
110 10679
110 10775
110 10777
110 10778
110 10856
110 10937
110 10938
110 11001
110 11040
110 11043
110 11167
110 11168
110 11252
110 11255
110 11302
110 11376
110 11377
110 11430
110 11533
110 11535
110 11664
110 11666
110 11668
110 11736
110 11815
110 11823
110 11885
