104 287
104 672
104 967
104 967
104 1440
104 1531
104 1604
104 2029
104 2091
104 2269
104 2508
104 2744
104 2972
104 2973
104 3404
126 3690
104 3719
104 3798
105 3958
105 3958
105 3991
105 3991
126 4068
104 4105
104 4136
104 4308
126 4571
104 4614
104 4619
104 4619
104 4881
104 4944
104 5145
104 5148
104 5148
126 5170
104 5305
126 5370
104 5494
104 5497
104 5587
104 5590
104 5592
104 5799
104 5802
104 5854
104 5920
104 5924
105 6220
105 6220
126 6262
105 6354
105 6354
105 6357
105 6357
105 6357
105 6357
105 6357
105 6357
105 6517
105 6517
105 6521
105 6521
105 6521
105 6521
126 7064
104 7109
104 7113
104 7166
104 7169
105 7178
105 7178
105 7181
105 7181
105 7182
105 7182
105 7182
105 7182
105 7182
105 7182
105 7183
105 7183
105 7183
105 7183
105 7183
105 7183
105 7183
105 7183
105 7185
105 7185
105 7185
105 7185
126 7468
105 7637
105 7637
105 7640
105 7640
105 7641
105 7641
105 7641
105 7641
105 7641
105 7641
105 7785
105 7785
105 7789
105 7789
105 7789
105 7789
126 7893
105 7979
105 7979
105 7982
105 7982
105 7982
105 7982
105 7982
105 7982
105 7984
105 7984
126 8123
105 8178
105 8178
105 8182
105 8182
105 8182
105 8182
105 8482
105 8482
105 8486
105 8486
105 8486
105 8486
105 8486
105 8486
105 8570
105 8570
105 8573
105 8573
105 8573
105 8573
105 8573
105 8573
105 8574
105 8574
105 8574
105 8574
105 8574
105 8574
105 8692
105 8692
105 8780
105 8780
105 8869
105 8869
105 8971
105 8971
105 9065
105 9065
105 9069
105 9069
105 9069
105 9069
105 9069
105 9069
105 9069
105 9069
126 9117
126 9120
126 9238
105 9328
105 9328
105 9333
105 9333
105 9333
105 9333
105 9495
105 9495
105 9498
105 9498
105 9498
105 9498
105 9500
105 9500
105 9500
105 9500
