88 324
106 892
86 1014
89 1562
88 1678
106 2927
86 3426
138 3594
87 4185
138 4207
106 4263
99 4746
99 4746
106 4823
87 4896
138 4905
87 4919
96 5017
88 5097
87 5463
87 5479
87 5546
99 5580
106 5734
106 5989
106 6346
97 6775
106 6779
87 6911
88 6984
106 7011
87 7152
88 7178
87 7292
91 7669
90 7717
106 7728
106 8001
87 8080
87 8105
106 8833
138 8875
106 9146
88 9466
88 9500
138 9581
87 10079
87 10102
106 10346
106 10428
106 10500
289 11160
289 11160
289 11160
289 11160
289 11160
289 11160
289 11160
289 11160
289 11160
106 11591
106 11594
106 11597
106 11600
106 11603
86 11774
86 11858
