104 284
104 650
104 958
104 961
104 1407
104 1509
104 1910
104 1999
104 2068
104 2265
104 2516
105 3121
105 3121
105 3124
105 3124
104 3211
104 3214
126 3396
104 3435
104 3453
126 3488
104 3676
104 3679
104 3949
104 4171
104 4174
104 4384
104 4385
104 4410
104 4456
104 4459
104 4459
104 4699
104 4724
104 4765
104 4810
104 4967
104 4970
104 5108
104 5111
105 5492
105 5492
105 5498
105 5498
105 5603
105 5603
105 5606
105 5606
105 5633
105 5633
105 5639
105 5639
104 5674
104 5677
104 5760
104 5877
104 5906
104 5936
104 5992
104 6078
126 6334
110 6414
110 6417
110 6417
110 6417
110 6928
110 6928
110 6928
110 6928
110 6948
104 7290
104 7293
104 7296
110 7303
110 7306
110 7309
110 7312
110 7515
110 7518
110 7521
110 7665
110 7678
104 7735
104 7738
104 7741
104 7745
110 7761
110 7764
104 8081
104 8083
104 8086
104 8309
104 8312
104 8315
104 8380
104 8383
110 8550
110 8553
110 8553
110 8553
110 8884
110 8887
110 8890
110 9065
110 9070
110 9070
110 9117
110 9241
110 9244
110 9244
110 9418
110 9421
110 9421
110 9654
110 9657
110 9820
110 9824
110 9824
110 9824
110 10109
110 10112
110 10112
110 10112
110 10238
110 10241
110 10241
110 10241
104 10402
110 10578
110 10581
110 10581
110 10708
110 10852
110 10855
110 10855
110 10856
104 10866
104 10880
104 10882
104 10885
110 11109
110 11112
104 11129
104 11195
110 11404
110 11409
110 11959
110 11962
110 11962
110 11962
110 11962
110 12054
110 12058
110 12058
110 12058
110 12058
110 12439
110 12442
110 12442
110 12599
110 12602
110 12602
110 12604
110 12604
110 12604
110 12604
110 12604
110 12795
110 12799
110 12799
110 12982
110 12985
110 12985
110 12985
110 12985
110 12986
110 12986
110 12986
110 13037
110 13102
110 13104
110 13241
110 13312
110 13313
110 13315
110 13400
110 13574
110 13577
110 13578
