104 286
104 670
104 977
104 980
104 1473
104 1547
104 1619
104 2059
104 2144
104 2171
104 2204
104 2259
104 2480
104 2716
105 3195
105 3195
104 3308
104 3369
105 3388
105 3388
126 3569
126 3572
104 3578
104 3581
104 4096
104 4148
105 4151
105 4151
104 4190
104 4404
104 4509
104 4512
104 4682
105 4800
105 4800
104 4812
104 4878
105 4888
105 4888
105 4890
105 4890
105 5177
105 5177
105 5180
105 5180
9 5232
9 5235
105 5328
105 5328
105 5406
105 5406
105 5410
105 5410
105 5410
105 5410
9 5538
9 5543
105 5566
105 5566
105 5568
105 5568
105 5573
105 5573
105 5678
105 5678
105 5681
105 5681
9 5850
9 5853
105 5891
105 5891
105 5895
105 5895
105 5895
105 5895
105 5895
105 5895
9 6257
9 6260
105 6422
105 6422
105 6426
105 6426
105 6428
105 6428
105 6428
105 6428
105 6428
105 6428
105 6428
105 6428
105 6429
105 6429
9 6529
9 6532
104 6625
104 6628
9 6783
126 6945
104 6952
104 6956
104 6958
105 7280
105 7280
105 7284
105 7284
105 7284
105 7284
105 7286
105 7286
105 7471
105 7471
105 7477
105 7477
9 7507
9 7510
9 7512
9 7517
9 7520
104 7546
104 7549
105 7994
105 7994
105 7998
105 7998
105 7998
105 7998
105 8000
105 8000
105 8162
105 8162
105 8167
105 8167
105 8167
105 8167
105 8167
105 8167
9 8274
9 8277
105 8305
105 8305
105 8378
105 8378
105 8538
105 8538
105 8778
105 8778
105 8783
105 8783
9 8786
9 8791
9 8791
105 8960
105 8960
105 8964
105 8964
105 8964
105 8964
105 8966
105 8966
105 9055
105 9055
9 9056
9 9058
105 9193
105 9193
105 9412
105 9412
105 9416
105 9416
105 9416
105 9416
105 9416
105 9416
104 9530
104 9534
104 9536
105 9550
105 9550
105 9790
105 9790
104 9989
104 9992
104 9996
9 10019
9 10021
104 10031
104 10034
104 10037
104 10160
104 10197
104 10201
104 10201
104 10226
104 10361
104 10365
104 10569
104 10574
104 10574
104 10575
104 11014
104 11017
104 11020
105 11041
105 11041
105 11046
105 11046
105 11047
105 11047
105 11047
105 11047
105 11047
105 11047
105 11047
105 11047
105 11048
105 11048
9 11239
9 11244
104 11778
104 11781
104 11783
104 11783
104 11783
104 11783
104 11784
104 11784
104 11784
108 12380
108 12384
108 12384
108 12450
108 12573
108 12697
108 12776
108 12779
108 12894
105 12930
105 12930
105 12934
105 12934
105 12934
105 12934
108 12954
108 12960
108 13336
108 13339
108 13343
105 13422
105 13422
105 13426
105 13426
105 13426
105 13426
105 13428
105 13428
105 13428
105 13428
105 13428
105 13428
108 13540
105 13611
105 13611
105 13615
105 13615
105 13616
105 13616
105 13616
105 13616
105 13616
105 13616
105 13616
105 13616
105 13798
105 13798
105 13802
105 13802
105 13804
105 13804
105 13804
105 13804
105 13804
105 13804
105 13804
105 13804
104 13812
104 13815
104 13818
104 13821
105 14048
105 14048
105 14053
105 14053
104 14060
104 14066
104 14066
104 14066
104 14204
104 14217
104 14344
104 14346
104 14349
104 14472
105 14846
105 14846
105 14850
105 14850
105 14850
105 14850
105 14850
105 14850
105 15000
105 15000
105 15005
105 15005
105 15005
105 15005
105 15005
105 15005
105 15005
105 15005
105 15206
105 15206
105 15211
105 15211
105 15211
105 15211
105 15211
105 15211
105 15211
105 15211
105 15213
105 15213
105 15213
105 15213
105 15391
105 15391
105 15396
105 15396
105 15396
105 15396
105 15401
105 15401
108 15911
108 15915
108 15915
