106 685
86 1148
88 1566
89 1636
86 2418
97 3364
138 3772
106 4161
106 4292
87 4390
87 4622
106 5461
106 5669
138 5927
87 5948
106 6034
87 6566
106 7097
106 7163
106 7356
87 7416
88 7513
88 7715
88 8023
138 8103
106 8555
106 8645
106 8648
106 8887
106 8889
138 8930
138 8972
106 9042
106 9045
87 9236
96 9929
90 9955
87 9993
87 10007
106 10038
88 10225
106 10245
106 10248
86 10307
87 10379
106 10385
106 10483
106 10509
106 10671
138 10685
87 10737
87 10738
87 10890
87 11555
87 11572
138 11632
87 13742
87 14136
87 14141
87 14362
12 14746
13 14761
289 15426
289 15426
289 15426
289 15426
289 15426
289 15426
289 15426
289 15426
289 15426
