104 287
104 663
104 957
104 960
104 1039
104 1512
104 1587
104 1976
104 2074
104 2095
104 2245
104 2737
105 3078
105 3078
105 3186
105 3186
104 3353
104 3356
126 3480
126 3586
104 3736
104 3841
104 3867
104 4028
104 4031
104 4227
104 4263
126 4279
104 4486
104 4593
104 4596
104 4614
104 4816
104 4945
126 5191
104 5233
104 5236
104 5239
104 5242
105 5328
105 5328
104 5346
104 5347
105 5554
105 5554
104 5561
104 5728
105 5767
105 5767
104 5897
126 6100
104 6239
104 6457
104 6460
104 6463
104 6465
104 6467
104 6480
104 6612
104 6717
104 6720
104 6736
104 6739
104 6742
104 6768
126 6901
104 6969
105 6975
105 6975
105 6978
105 6978
105 6981
105 6981
105 7191
105 7191
105 7194
105 7194
105 7598
105 7598
105 7601
105 7601
126 7771
105 7811
105 7811
105 7814
105 7814
105 7817
105 7817
105 7820
105 7820
105 7823
105 7823
105 7834
105 7834
105 7836
105 7836
105 7869
105 7869
105 7916
105 7916
105 7955
105 7955
105 7958
105 7958
105 7959
105 7959
105 7962
105 7962
104 8047
104 8050
104 8128
104 8341
104 8345
104 8471
104 8472
104 8475
104 8545
104 8569
104 8699
104 8729
104 8762
104 8792
104 8869
104 8879
104 9012
104 9015
104 9018
104 9020
104 9177
104 9189
104 9300
104 9303
104 9306
104 9308
9 9493
9 9496
9 9499
9 9502
104 9550
104 9553
104 9556
104 9740
104 9743
104 9746
104 9783
104 9968
105 9975
105 9975
105 9977
105 9977
104 9979
105 9980
105 9980
104 9982
104 10094
110 10475
110 10477
110 10480
110 10483
110 10485
104 10519
104 10522
104 10523
104 10613
104 10615
104 10617
104 10624
110 11069
110 11072
110 11072
110 11072
104 11540
104 11542
110 11770
110 11773
110 11776
110 11777
110 12067
110 12069
110 12069
110 12069
110 12069
110 12069
110 12071
110 12395
110 12398
110 12398
110 12398
110 12398
494 13006
494 13009
494 13009
494 13009
494 13009
494 13216
494 13219
494 13219
104 13273
104 13274
104 13274
104 13276
494 13471
494 13474
104 13666
104 13668
104 13671
104 13674
104 13677
104 13679
494 13800
494 13802
494 13975
494 13977
494 13980
494 13983
110 14391
110 14393
110 14394
110 14394
104 14971
104 15063
104 15066
104 15069
494 15299
494 15302
494 15305
494 15308
126 15744
126 15751
126 15994
126 16192
107 16279
107 16281
107 16281
107 16281
107 16282
126 16543
107 16652
107 16654
107 16657
107 16969
110 17252
110 17253
110 17342
107 17542
107 17545
107 17545
107 17545
107 17545
107 17545
107 17889
107 17892
107 17893
107 17893
107 17893
107 17893
107 17893
107 17893
107 17893
107 17893
107 17895
107 18004
107 18007
107 18007
107 18007
107 18008
107 18008
107 18246
107 18249
107 18249
107 18249
110 18517
110 18520
110 18520
110 18520
110 18520
110 18520
110 18521
110 18521
110 18521
110 18521
110 18678
110 18681
110 18684
110 18685
110 18772
110 18872
110 19052
110 19055
110 19058
110 19061
107 19361
107 19364
107 19367
107 19370
107 19371
107 19374
126 19445
126 19449
494 19534
494 19721
494 19724
494 19727
126 19741
126 19769
107 19831
107 19833
107 19833
107 19833
110 19886
110 19887
110 20107
110 20110
110 20110
110 20110
110 20110
110 20112
