104 286
104 659
104 957
104 1178
104 1439
104 1532
104 1606
104 1771
104 1999
104 2164
104 2231
104 2481
104 2729
104 2876
104 2969
104 3031
104 3293
126 3722
105 3778
105 3778
105 3855
105 3855
104 3899
104 3975
104 4039
104 4092
126 4136
104 4326
104 4508
104 4539
104 4696
104 4731
126 4746
104 4894
126 5029
104 5115
104 5118
104 5131
104 5194
104 5200
104 5202
104 5300
104 5405
104 5410
104 5592
104 5597
104 5671
104 5675
104 5677
104 5750
104 5756
104 5962
110 6280
110 6286
110 6552
110 6558
110 6559
110 6559
104 6755
104 7064
104 7154
104 7159
104 7161
110 7234
110 7236
110 7240
110 7246
110 7246
110 7267
110 7289
104 7814
104 7817
104 7820
104 7833
104 7839
104 7840
104 7840
104 7842
104 7842
104 7843
104 7843
110 8075
110 8082
104 8134
104 8151
104 8188
110 8505
110 8513
110 8513
104 8516
104 8549
104 8653
104 8659
104 8659
110 9025
110 9031
110 9032
110 9052
110 9234
110 9240
110 9241
110 9624
110 9631
110 9631
110 9632
110 9632
110 9634
110 9634
108 9998
108 10003
108 10005
108 10041
108 10094
108 10157
110 10175
110 10182
110 10390
110 10449
110 10454
110 10456
110 10650
110 10657
110 10657
110 10657
110 10718
110 10724
105 10812
105 10812
105 10818
105 10818
105 10818
105 10818
110 11083
110 11089
110 11091
105 11094
105 11094
105 11100
105 11100
105 11264
105 11264
105 11270
105 11270
105 11270
105 11270
105 11272
105 11272
105 11272
105 11272
110 11309
105 11381
105 11381
105 11512
105 11512
105 11541
105 11541
110 11558
110 11795
105 11865
105 11865
110 11874
110 11879
110 11879
110 11881
105 11941
105 11941
110 11987
126 12053
126 12056
110 12062
105 12076
105 12076
105 12082
105 12082
105 12210
105 12210
110 12215
