106 685
86 1105
88 1583
89 1695
106 3106
86 3238
106 4085
138 4329
87 4856
106 4869
138 4971
138 5191
99 5361
99 5410
106 5497
99 5514
87 5591
87 5602
138 5733
88 5855
97 5874
88 5876
106 6624
106 6746
87 7229
87 7241
87 7259
106 7476
87 7526
90 7672
106 7680
88 7682
106 7685
88 7697
88 7815
106 7840
91 8733
87 8942
87 8954
106 8996
87 9084
106 9105
86 9125
106 9209
106 9347
106 9377
106 9648
138 9684
138 9705
138 9723
106 9765
94 9863
138 9868
87 9934
95 10174
87 10266
86 10608
106 10671
106 10689
106 10705
86 10792
87 10801
138 10808
87 10854
87 10888
87 10895
87 10896
138 11062
87 11358
87 11554
87 11572
138 11638
87 11778
87 11787
106 11793
87 11801
106 11891
142 12220
142 12540
94 12618
87 12708
87 12737
106 12871
142 13049
88 13671
95 13679
88 13694
12 13708
12 13711
13 13715
13 13718
142 13832
98 14132
87 14209
87 14233
87 14371
106 14554
92 14566
138 14615
142 14772
12 14905
12 14909
12 14909
12 14909
13 14912
13 14916
13 14916
13 14916
106 15161
87 15337
87 15349
138 15465
106 15473
98 15488
138 15494
98 15502
138 15507
98 15518
99 15518
99 15567
138 15599
138 15642
99 15816
504 16044
12 16140
12 16143
13 16147
13 16150
12 16438
12 16442
13 16445
13 16449
90 16690
289 16796
289 16796
289 16796
289 16796
289 16796
289 16796
92 16848
289 17146
289 17146
289 17146
289 17146
289 17146
289 17146
289 17146
289 17146
289 17146
98 17252
98 17329
98 17580
106 18643
12 18666
12 18669
12 18670
13 18673
13 18676
13 18677
106 18731
99 18786
106 18803
106 18806
88 18886
88 18929
87 18997
87 19000
87 19001
87 19001
12 19024
13 19071
289 19595
289 19595
289 19595
289 19595
289 19595
289 19595
94 20050
289 20640
289 20640
289 20640
289 20640
289 20640
289 20640
12 22791
12 22796
12 22796
13 22798
13 22803
13 22803
89 23633
87 23708
87 23752
87 23754
88 23933
12 23946
13 24081
12 24114
12 24117
12 24117
13 24172
13 24172
13 24177
87 24434
87 24445
87 25436
12 25447
13 25462
106 25568
106 25571
106 26399
12 26458
12 26461
13 26468
