104 293
104 667
104 987
104 991
104 1199
104 1509
104 1570
104 1990
104 2051
104 2248
104 2503
104 2733
104 3250
104 3434
104 3510
126 3611
104 3695
126 3709
105 3913
105 3913
105 3917
105 3917
104 4072
104 4242
104 4269
126 4515
104 4555
104 4561
104 4633
104 4701
104 4704
126 4882
104 4895
104 4901
104 4981
104 5040
104 5084
104 5199
104 5278
104 5353
104 5502
104 5505
104 5681
104 5770
104 5775
104 5875
104 5881
104 5882
104 5983
104 6080
104 6222
104 6322
104 6327
104 6329
104 6329
104 6330
104 6480
104 6486
104 6513
104 6540
104 6579
104 6582
104 6655
104 6661
104 6661
105 6903
105 6903
105 6909
105 6909
110 7358
110 7364
110 7365
110 7367
110 7367
110 7367
126 7438
110 7488
110 7492
110 7623
110 7629
110 7630
104 8062
104 8188
104 8327
104 8332
104 8458
104 8463
104 8737
104 8743
126 8773
104 9043
107 9212
107 9217
126 9346
107 9511
107 9517
107 9626
107 9632
107 9632
107 9842
107 9848
107 9849
107 9849
107 9851
107 10109
107 10114
107 10116
107 10116
107 10117
107 10117
107 10320
107 10326
107 10326
104 10460
104 10463
107 10491
107 10497
107 10497
107 10499
104 10621
104 10624
104 10627
107 10742
107 10748
107 10906
107 11107
107 11113
107 11115
107 11256
107 11262
107 11263
107 11703
107 11709
104 11718
104 11722
104 11727
110 11816
110 11822
110 11822
107 12180
107 12186
107 12187
105 12240
105 12240
105 12246
105 12246
105 12246
105 12246
105 12247
105 12247
107 12307
107 12312
107 12314
110 12441
110 12447
110 12447
110 12448
110 12448
110 12658
110 12664
110 12665
110 12665
126 12767
110 12806
110 12812
110 13143
110 13205
110 13211
110 13211
110 13279
110 13284
110 13284
110 13286
110 13286
110 13287
110 13289
107 13632
107 13638
107 13638
107 13639
107 13639
107 13641
107 13641
110 13826
110 13831
110 13833
110 13834
110 13834
105 14080
105 14080
105 14086
105 14086
105 14086
105 14086
110 14092
110 14098
110 14099
110 14099
110 14101
110 14101
110 14102
110 14282
110 14288
105 14353
105 14353
105 14359
105 14359
105 14361
105 14361
110 14599
110 14604
110 14604
105 14971
105 14971
105 14977
105 14977
105 14978
105 14978
