104 287
104 672
104 961
104 962
104 1458
104 1531
104 1616
104 2033
104 2121
104 2144
104 2295
104 2498
104 2726
105 3136
105 3136
104 3251
104 3293
104 3497
104 3500
126 3540
126 3540
104 3876
104 3923
104 4139
104 4142
104 4324
104 4403
104 4446
104 4541
104 4724
104 4727
104 4731
104 4794
105 5026
105 5026
105 5055
105 5055
105 5141
105 5141
105 5342
105 5342
105 5377
105 5377
105 5481
105 5481
105 5483
105 5483
105 5570
105 5570
105 5573
105 5573
105 5645
105 5645
105 5648
105 5648
105 5656
105 5656
104 5681
126 5791
105 5843
105 5843
105 5957
105 5957
105 5960
105 5960
105 6030
105 6030
105 6150
105 6150
105 6153
105 6153
105 6153
105 6153
105 6154
105 6154
105 6154
105 6154
105 6606
105 6606
105 6609
105 6609
105 6612
105 6612
105 6615
105 6615
110 6942
110 6945
110 6945
110 6945
110 7269
110 7270
110 7273
105 7278
105 7278
105 7280
105 7280
105 7404
105 7404
105 7405
105 7405
105 7408
105 7408
105 7417
105 7417
104 7557
104 7558
104 7562
104 7565
104 7646
104 7647
