104 302
104 677
104 983
104 985
104 1459
104 1560
104 1645
104 2046
104 2100
104 2118
104 2323
104 2477
105 3150
105 3150
105 3152
105 3152
104 3208
104 3335
104 3490
104 3493
126 3556
104 3676
104 3931
104 3933
104 4189
104 4222
126 4355
126 5162
126 5269
110 5418
110 5418
110 5419
110 5448
110 5451
110 5516
110 5575
110 5778
110 5852
110 6008
110 6558
110 6708
110 6710
110 6710
110 6712
104 6768
104 6774
110 6900
104 6920
104 6923
110 7421
110 7426
110 7426
104 7734
110 7895
110 7899
110 7899
104 8006
104 8009
104 8011
110 8680
110 8684
110 8684
110 8798
110 8800
110 8907
110 9026
110 9029
126 9181
110 9199
110 9204
110 9330
110 9335
110 9379
110 10007
110 10285
110 10287
110 10290
110 10295
110 10298
110 10862
110 10866
110 10866
110 10866
110 10868
110 10868
110 10990
110 10993
110 11075
110 11322
110 11325
110 11328
110 11659
110 11664
110 11664
110 12385
110 12389
110 12389
110 12389
110 12673
110 12677
110 12933
