106 689
86 1159
88 1568
89 1651
86 2391
106 3458
138 3659
106 4152
87 4295
106 4554
138 5013
87 5111
106 5124
106 5404
88 5538
106 5540
88 5544
87 5603
106 5795
138 6319
138 6320
88 6337
90 6405
106 6484
106 6526
88 6648
138 6662
138 6667
96 6727
91 6918
106 7251
106 7335
138 7420
138 7428
87 7450
12 7450
87 7454
106 7591
106 7673
87 7718
86 7838
87 8163
87 8168
13 8201
87 8893
106 8895
87 8896
12 8948
13 8955
106 9069
12 9089
13 9096
87 9106
106 9134
106 9220
106 9290
106 9462
87 9549
87 9550
138 9643
87 9668
12 9904
13 10007
106 10217
106 10358
12 10958
13 11053
106 11090
106 11341
86 11724
