104 305
104 673
104 954
104 955
104 1456
104 1528
104 1616
104 2033
104 2118
104 2258
104 2487
104 2719
104 3112
104 3145
105 3170
105 3170
105 3317
105 3317
104 3388
104 3493
104 3496
126 3557
126 3560
104 3713
104 3716
104 3982
104 4216
126 4359
104 4377
104 4446
104 4519
104 4557
104 4603
104 4606
105 4970
105 4970
105 5065
105 5065
126 5171
104 5225
104 5228
105 5311
105 5311
104 5798
104 5800
105 5862
105 5862
105 5865
105 5865
105 5868
105 5868
104 5943
104 5983
104 5986
104 6002
104 6080
104 6191
104 6193
105 6255
105 6255
105 6258
105 6258
126 6313
104 6359
104 6362
104 6440
104 6605
104 6607
104 6827
104 6830
104 6837
105 6897
105 6897
105 6900
105 6900
104 6917
104 6920
126 7073
105 7188
105 7188
105 7191
105 7191
126 7230
105 7304
105 7304
105 7440
105 7440
105 7441
105 7441
105 7444
105 7444
104 7636
104 7637
104 7675
104 7676
104 7676
104 7677
104 8011
104 8014
104 8056
104 8059
104 8117
104 8118
104 8122
126 8247
126 8256
104 8358
104 8390
105 8609
105 8609
105 8610
105 8610
105 8614
105 8614
105 8626
105 8626
9 8788
9 8791
9 8794
9 8796
9 8808
9 8811
105 8994
105 8994
105 8996
105 8996
105 8997
105 8997
105 8997
105 8997
105 8997
105 8997
126 9202
126 9204
105 9298
105 9298
105 9299
105 9299
105 9299
105 9299
105 9301
105 9301
105 9301
105 9301
105 9310
105 9310
105 9429
105 9429
105 9432
105 9432
105 9432
105 9432
105 9432
105 9432
105 9432
105 9432
9 9495
9 9497
9 9686
9 9689
9 9692
9 9695
9 9698
9 9700
105 9862
105 9862
105 9865
105 9865
105 9865
105 9865
105 9867
105 9867
105 9867
105 9867
105 9867
105 9867
105 9867
105 9867
104 9983
104 9986
104 9989
104 10058
9 10059
104 10061
9 10062
104 10064
9 10065
104 10068
9 10069
9 10070
104 10071
9 10075
9 10078
126 10137
126 10142
9 10268
9 10270
9 10275
9 10276
105 10357
105 10357
105 10359
105 10359
105 10360
105 10360
105 10360
105 10360
105 10360
105 10360
105 10532
105 10532
105 10535
105 10535
105 10535
105 10535
105 10535
105 10535
105 10536
105 10536
105 10645
105 10645
105 10648
105 10648
9 10826
9 10829
9 10829
9 10829
105 10843
105 10843
105 10845
105 10845
105 10845
105 10845
105 10845
105 10845
105 10923
105 10923
105 11030
105 11030
105 11033
105 11033
105 11034
105 11034
9 11048
9 11051
9 11054
9 11054
9 11054
9 11054
9 11054
9 11054
9 11055
9 11055
9 11055
9 11055
126 11077
105 11562
105 11562
105 11562
105 11562
105 11562
105 11562
105 11562
105 11562
105 11562
105 11562
105 11562
105 11562
105 11562
105 11562
105 11564
105 11564
105 11564
105 11564
105 11564
105 11564
105 11564
105 11564
105 11564
105 11564
104 11581
104 11584
104 11665
104 11666
104 11774
104 11918
104 11921
105 12096
105 12096
105 12099
105 12099
105 12104
105 12104
105 12106
105 12106
104 12115
104 12118
104 12272
104 12275
104 12278
104 12328
104 12474
104 12492
104 12494
104 12497
107 12839
107 12843
107 12843
107 12843
104 13101
104 13104
104 13107
107 13124
107 13127
107 13128
104 13300
104 13313
104 13314
104 13317
105 13449
105 13449
105 13452
105 13452
105 13452
105 13452
105 13452
105 13452
107 13481
107 13485
107 13588
105 13674
105 13674
105 13675
105 13675
105 13675
105 13675
105 13677
105 13677
105 13677
105 13677
105 13677
105 13677
105 13677
105 13677
105 13677
105 13677
105 13678
105 13678
9 13777
9 13780
9 13780
9 13780
9 13780
9 13780
9 13780
9 13781
9 13781
9 13781
105 13884
105 13884
105 13887
105 13887
105 13887
105 13887
105 13887
105 13887
105 13887
105 13887
105 13887
105 13887
105 13888
105 13888
105 13989
105 13989
105 13992
105 13992
105 14276
105 14276
105 14279
105 14279
105 14279
105 14279
105 14279
105 14279
105 14279
105 14279
104 14279
105 14279
105 14279
105 14279
105 14279
105 14279
105 14279
104 14341
104 14344
107 14411
107 14414
107 14418
105 14610
105 14610
105 14612
105 14612
105 14612
105 14612
126 14723
107 14748
107 14751
105 14919
105 14919
105 14922
105 14922
105 14922
105 14922
105 14922
105 14922
105 14922
105 14922
105 14922
105 14922
105 14922
105 14922
104 15348
104 15360
104 15363
104 15366
105 15400
105 15400
105 15403
105 15403
105 15403
105 15403
105 15403
105 15403
105 15403
105 15403
105 15404
105 15404
105 15404
105 15404
105 15404
105 15404
105 15404
105 15404
105 15404
105 15404
105 15404
105 15404
105 15404
105 15404
499 15630
499 15836
104 15855
104 15858
104 15861
104 16065
104 16068
9 16395
9 16398
9 16401
9 16404
9 16408
9 16411
9 16415
9 16418
9 16421
105 16741
105 16741
104 16743
105 16744
105 16744
105 16744
105 16744
105 16744
105 16744
105 16746
105 16746
105 16746
105 16746
104 16746
105 16746
105 16746
105 16746
105 16746
105 16746
105 16746
105 16746
105 16746
105 16747
105 16747
105 16747
105 16747
105 16747
105 16747
105 16747
105 16747
105 16747
105 16747
104 16749
104 16755
104 16758
104 16760
104 16799
104 16802
104 16805
104 16808
104 16811
9 17053
9 17055
9 17057
9 17334
9 17337
9 17340
105 17853
105 17853
105 17856
105 17856
105 17858
105 17858
105 17861
105 17861
105 17866
105 17866
105 17869
105 17869
112 18163
112 18166
112 18166
112 18166
112 18166
112 18168
112 18168
112 18168
112 18638
104 18940
104 18943
104 18946
104 18948
111 19747
111 19750
111 19753
111 19756
111 19759
111 19761
112 20737
112 20739
112 20743
104 20788
104 20791
104 20794
112 21656
112 21660
112 21660
112 22567
104 23296
112 23495
104 23599
104 23602
104 23807
104 23809
104 23812
104 23891
104 23893
104 23902
104 23904
104 23917
112 24552
112 24555
112 24556
105 25269
105 25269
105 25272
105 25272
105 25272
105 25272
105 25272
105 25272
105 25272
105 25272
105 25273
105 25273
105 25273
105 25273
105 25273
105 25273
105 25273
105 25273
105 25273
105 25273
105 25413
105 25413
105 25416
105 25416
105 25416
105 25416
112 25554
112 25556
112 25559
112 25564
112 25567
112 25650
9 25873
9 25876
9 25876
9 25876
9 25876
9 25876
9 25876
9 25876
9 25877
9 25877
9 25877
9 25877
9 25878
9 25880
9 25881
9 25881
9 25881
9 25881
9 25881
9 25881
9 25881
9 25883
9 25883
9 25884
9 25884
9 25884
105 27439
105 27439
105 27442
105 27442
105 27442
105 27442
105 27442
105 27442
105 27442
105 27442
105 27442
105 27442
105 27442
105 27442
105 27442
105 27442
105 27444
105 27444
105 27444
105 27444
112 28170
112 28175
112 28175
112 28175
112 28175
112 28175
112 28175
112 28175
112 28175
112 28176
112 28176
112 28176
112 28176
112 28176
112 28178
112 28178
112 28349
112 29044
112 29047
112 29049
112 29049
499 29182
111 29514
111 29517
111 29517
111 29517
126 30108
9 30108
9 30109
9 30110
9 30110
9 30110
9 30110
9 30110
9 30112
9 30112
9 30112
9 30112
9 30112
9 30112
9 30112
9 30112
9 30113
9 30113
9 30113
9 30113
105 30698
105 30698
105 30932
105 30932
105 30934
105 30934
105 30936
105 30936
112 31850
112 31854
112 31854
112 31854
104 31973
104 31975
104 31978
104 31981
104 32350
104 32351
104 32354
104 32383
104 32386
9 32414
9 32416
9 32416
9 32416
9 32416
9 32416
9 32418
112 32431
112 32434
105 32564
105 32564
105 32567
105 32567
105 32567
105 32567
105 32567
105 32567
105 32568
105 32568
105 32568
105 32568
105 32568
105 32568
105 32568
105 32568
105 32568
105 32568
105 32570
105 32570
105 32570
105 32570
105 32570
105 32570
105 33543
105 33543
105 33546
105 33546
105 33546
105 33546
105 33546
105 33546
105 33546
105 33546
105 33546
105 33546
105 33546
105 33546
105 33546
105 33546
105 33547
105 33547
105 33547
105 33547
105 33547
105 33547
105 33547
105 33547
105 33547
105 33547
105 33547
105 33547
105 33549
105 33549
112 33874
112 33905
112 33908
112 33908
112 33908
112 33908
105 34013
105 34013
105 34016
105 34016
105 34019
105 34019
105 34022
105 34022
499 34197
499 34199
499 34202
111 34488
111 34491
111 34494
9 34792
9 34794
9 34797
9 34802
9 34804
9 34807
9 34812
9 34816
9 34819
104 34820
9 34822
9 34825
9 34828
9 34832
105 34903
105 34903
105 34906
105 34906
105 34909
105 34909
105 34912
105 34912
9 35261
9 35264
104 35552
104 35554
112 35692
112 35695
112 35695
112 35696
105 35964
105 35964
105 35967
105 35967
105 35967
105 35967
105 35967
105 35967
105 35967
105 35967
105 35968
105 35968
105 36057
105 36057
105 36060
105 36060
105 36060
105 36060
105 36060
105 36060
9 36145
9 36147
9 36250
9 36253
9 36255
111 36662
111 36963
111 36966
105 37472
105 37472
105 37477
105 37477
105 37478
105 37478
105 37483
105 37483
105 37484
105 37484
105 37576
105 37576
105 37580
105 37580
105 37583
105 37583
105 37586
105 37586
104 37925
104 37926
104 37929
126 38150
126 38153
104 38701
104 38702
104 38705
9 38828
9 38831
9 38834
9 38838
105 38912
105 38912
105 38915
105 38915
105 38915
105 38915
105 39342
105 39342
105 39345
105 39345
105 39345
105 39345
105 39345
105 39345
105 39345
105 39345
105 39345
105 39345
105 39347
105 39347
105 39347
105 39347
105 39347
105 39347
105 39445
105 39445
105 39449
105 39449
105 39452
105 39452
9 40046
9 40050
9 40051
105 40757
105 40757
105 40760
105 40760
105 40762
105 40762
105 40766
105 40766
104 40876
104 40877
104 40880
104 40884
9 41488
9 41491
9 41494
499 41615
499 41618
499 41621
105 41686
105 41686
105 41689
105 41689
105 41689
105 41689
105 41689
105 41689
105 41690
105 41690
105 41690
105 41690
105 41690
105 41690
105 41690
105 41690
499 41873
112 41881
112 41886
112 41896
105 42511
105 42511
105 42513
105 42513
105 42513
105 42513
105 42513
105 42513
105 42513
105 42513
105 42515
105 42515
105 42515
105 42515
105 42515
105 42515
105 42515
105 42515
105 42515
105 42515
105 42515
105 42515
105 42515
105 42515
112 43082
112 43085
112 43089
112 43090
112 43095
112 43096
112 43096
112 43096
112 43096
112 43098
112 43098
499 43446
9 43582
9 43585
9 43588
9 43591
9 43594
9 43597
9 43600
9 43602
9 44316
9 44319
9 44322
9 44325
9 44329
9 44332
111 44822
111 44825
111 44828
9 44984
9 44987
9 44990
9 44993
9 44997
9 45000
499 45166
499 45169
126 46334
126 46337
126 46339
499 47505
112 47508
111 50098
111 50099
111 50102
105 51120
105 51120
105 51123
105 51123
105 51123
105 51123
105 51123
105 51123
111 51362
111 51363
126 51627
126 51629
126 51632
126 54385
126 54386
126 54389
126 54393
126 54395
112 57060
