104 287
104 664
104 967
104 967
104 1055
104 1517
104 1577
104 2000
104 2002
104 2074
104 2251
104 2766
104 2982
105 3180
105 3180
104 3231
104 3330
104 3460
126 3514
104 3553
126 3591
104 3692
104 3879
104 4218
104 4226
105 4391
105 4391
104 4462
104 4541
104 4544
104 4578
104 4584
104 4658
105 4951
105 4951
105 4974
105 4974
9 5060
9 5062
105 5116
105 5116
126 5282
104 5488
104 5495
104 5495
104 5497
104 5497
104 5498
104 5589
104 5665
104 5718
104 5858
104 5901
9 5920
9 5923
104 6038
104 6172
104 6179
104 6179
104 6180
104 6182
104 6198
104 6251
104 6510
104 6517
104 6517
104 6519
105 6818
105 6818
105 6824
105 6824
105 6825
105 6825
105 7101
105 7101
105 7123
105 7123
105 7255
105 7255
104 7266
104 7272
104 7273
104 7273
105 7278
105 7278
104 7287
105 7296
105 7296
104 7353
105 7517
105 7517
105 7699
105 7699
105 7705
105 7705
105 7706
105 7706
9 7747
9 7750
9 7754
105 7792
105 7792
105 7797
105 7797
105 7969
105 7969
105 7975
105 7975
105 7977
105 7977
105 7977
105 7977
105 7978
105 7978
105 7978
105 7978
105 7979
105 7979
108 8954
108 8960
108 8960
108 8961
108 8961
108 8963
108 8963
108 9261
105 9325
105 9325
105 9328
105 9328
108 9380
108 9386
108 9387
108 9449
105 9508
105 9508
105 9514
105 9514
105 9515
105 9515
105 9515
105 9515
108 9566
105 9677
105 9677
108 9741
108 10075
104 10220
108 10283
108 10653
108 10799
108 11010
108 11299
104 12216
104 12222
104 12223
104 12952
104 12973
104 13055
