106 722
86 1113
88 1589
89 1695
86 2455
106 3550
138 3667
87 4360
138 4362
106 4655
106 5060
138 5179
97 5439
106 5474
87 5492
87 5518
106 5780
106 5936
88 5938
99 5961
88 5966
99 6078
87 6123
87 6283
87 6352
106 6575
87 7170
88 7261
88 7275
106 7326
106 7470
106 7510
106 7698
86 7934
96 8152
87 8182
138 8531
138 8536
92 8569
88 8613
106 8666
87 8680
106 8722
138 8828
138 8832
87 8845
106 8852
87 9289
87 9296
106 9518
106 9664
106 9803
87 9853
87 9854
87 9894
138 9972
138 9978
138 10025
90 10322
90 10357
106 10414
138 10431
138 10455
138 10470
138 10548
138 10564
87 10564
87 10573
87 10578
138 10595
138 10613
106 11246
86 11835
87 11914
87 11918
87 11921
87 11922
87 11930
87 11932
87 11934
88 11975
87 12095
87 12101
138 12103
138 12144
138 12196
138 12206
138 12293
99 12315
106 12478
86 12534
94 12612
87 12831
87 12834
87 12837
87 12842
87 12842
87 12926
87 12930
87 12932
87 12932
87 12932
87 12932
138 13100
138 13166
106 13247
87 13335
87 13353
106 13360
106 13588
12 13885
12 13888
14 13892
14 13895
87 14327
87 14332
87 14420
87 14430
87 14449
87 14449
87 14451
87 14454
87 14474
87 14482
99 14508
138 14555
138 14567
138 14612
138 14616
86 15045
93 15931
87 15946
87 15953
87 15968
87 15981
87 15981
87 16145
87 16147
87 16153
138 16178
87 16247
87 16252
87 16387
87 16390
87 16500
87 16510
87 16520
87 16522
87 16525
