104 283
104 667
104 971
104 971
104 1452
104 1535
104 1600
104 2019
104 2091
104 2265
104 2500
104 2724
105 3143
105 3143
105 3146
105 3146
104 3496
126 3549
126 3552
104 3559
104 3847
104 3847
104 3873
104 4213
104 4301
104 4373
126 4572
104 4607
104 4610
104 4624
104 4637
104 4640
104 4734
104 5048
104 5050
104 5216
104 5219
104 5340
126 5377
126 5633
105 5692
105 5692
105 5695
105 5695
105 5698
105 5698
105 5701
105 5701
105 5704
105 5704
104 5717
104 5718
104 5767
104 5793
104 5816
104 5855
104 5989
104 6045
104 6070
104 6142
126 6176
105 6516
105 6516
105 6518
105 6518
104 6527
104 6527
104 6529
105 6559
105 6559
9 6724
9 6727
9 6729
9 6732
104 6879
104 6879
9 6994
105 7183
105 7183
105 7186
105 7186
105 7186
105 7186
105 7188
105 7188
105 7188
105 7188
105 7188
105 7188
104 7296
104 7296
104 7297
104 7297
104 7297
104 7328
104 7467
104 7467
104 7469
104 7473
104 7486
104 7551
104 7561
104 7863
104 7863
104 7863
104 8089
104 8089
104 8089
104 8091
104 8091
104 8235
104 8235
104 8236
104 8236
104 8324
104 8391
104 8393
104 8393
104 8393
104 8449
104 8672
104 8687
104 8689
104 8699
105 8960
105 8960
105 8963
105 8963
105 8963
105 8963
104 9013
104 9271
104 9274
105 9438
105 9438
105 9441
105 9441
105 9441
105 9441
105 9442
105 9442
105 9442
105 9442
105 9442
105 9442
105 9777
105 9777
105 9780
105 9780
105 9780
105 9780
105 9782
105 9782
105 9782
105 9782
105 9782
105 9782
105 9782
105 9782
105 9927
105 9927
9 9968
9 9971
9 9974
9 9977
105 10051
105 10051
105 10178
105 10178
105 10180
105 10180
104 10244
104 10244
104 10244
104 10244
104 10245
104 10245
104 10319
104 10322
104 10325
104 10329
9 10676
9 10679
9 10679
9 10679
9 10679
9 10681
9 10681
105 10706
105 10706
105 10709
105 10709
105 10942
105 10942
105 10945
105 10945
105 10945
105 10945
105 10946
105 10946
105 10946
105 10946
105 11105
105 11105
105 11109
105 11109
105 11109
105 11109
108 11479
108 11482
108 11482
108 11558
108 11654
108 11657
108 11734
108 11737
104 11764
104 11767
104 11770
104 11773
108 11843
105 11993
105 11993
105 11996
105 11996
105 11997
105 11997
105 11997
105 11997
108 12079
108 12082
105 12102
105 12102
105 12105
105 12105
105 12106
105 12106
105 12106
105 12106
9 12277
9 12280
9 12281
9 12281
9 12281
105 12315
105 12315
105 12318
105 12318
105 12318
105 12318
105 12319
105 12319
105 12319
105 12319
105 12319
105 12319
105 12319
105 12319
105 12489
105 12489
9 12493
105 12494
105 12494
105 12494
105 12494
105 12494
105 12494
9 12496
9 12497
9 12497
9 12497
9 12497
9 12499
9 12502
105 12620
105 12620
105 12625
105 12625
105 12780
105 12780
105 12783
105 12783
105 12784
105 12784
105 12784
105 12784
105 12784
105 12784
9 12794
9 12798
9 12798
9 12798
9 12798
9 12800
9 12800
9 12800
9 12800
105 12969
105 12969
105 12973
105 12973
105 12973
105 12973
105 12973
105 12973
105 12973
105 12973
9 12998
9 13001
9 13003
9 13003
9 13003
9 13003
9 13004
9 13004
9 13004
9 13007
105 13143
105 13143
105 13146
105 13146
105 13147
105 13147
105 13245
105 13245
105 13249
105 13249
105 13249
105 13249
105 13249
105 13249
105 13491
105 13491
105 13494
105 13494
105 13495
105 13495
105 13495
105 13495
105 13495
105 13495
105 13495
105 13495
105 13497
105 13497
105 13497
105 13497
104 13506
104 13509
104 13512
9 13698
9 13701
9 13702
9 13702
9 13702
9 13702
9 13704
9 13704
9 13704
9 13704
9 13704
9 13705
105 13724
105 13724
105 13729
105 13729
108 14048
108 14053
108 14053
