104 302
104 675
104 983
104 984
104 1328
104 1479
104 2016
105 2407
105 2407
105 2410
105 2410
105 2413
105 2413
104 3099
126 3471
104 3506
104 3509
104 3657
104 3944
104 4109
104 4239
104 4328
105 4587
105 4587
126 4807
126 4885
105 4947
105 4947
105 4949
105 4949
105 4951
105 4951
105 4955
105 4955
105 4957
105 4957
104 5498
104 5501
104 5504
104 5700
104 5703
104 5704
104 6068
104 6071
104 6071
104 6072
104 6072
104 6719
105 7014
105 7014
105 7018
105 7018
105 7019
105 7019
105 7019
105 7019
105 7021
105 7021
105 7021
105 7021
105 7021
105 7021
104 7031
104 7046
104 7048
104 7051
105 7055
105 7055
105 7460
105 7460
126 7461
104 7499
104 7500
104 7669
104 7675
104 7675
104 7675
104 7675
104 7675
105 7693
105 7693
104 8150
104 8183
126 8233
126 8486
104 8514
104 8518
104 8518
104 8518
104 8520
104 8520
104 8520
104 8520
104 8520
104 8521
104 8521
104 8521
104 8990
104 8995
104 8995
104 8995
104 8996
104 9127
104 9130
104 9133
104 9136
104 9137
104 9140
104 9598
104 9601
104 9603
104 9606
104 9609
104 9612
105 9834
105 9834
105 9836
105 9836
105 9838
105 9838
105 9838
105 9838
105 9838
105 9838
105 9838
105 9838
105 9839
105 9839
105 10422
105 10422
105 10424
105 10424
105 10427
105 10427
105 10427
105 10427
105 10428
105 10428
105 10428
105 10428
105 10428
105 10428
105 10428
105 10428
104 10598
104 10601
104 10602
104 10607
104 10610
104 10613
104 10615
104 10618
104 10621
104 10787
104 10788
104 10985
104 10987
104 10990
104 10993
104 11017
104 11020
104 11023
104 11049
104 11052
104 11056
110 11317
110 11320
110 11429
110 11432
110 11501
110 11593
110 11813
110 11818
110 11818
110 11818
110 11818
110 11819
110 11819
110 12236
110 12483
110 12485
110 12485
110 12487
110 12487
110 12487
110 12488
110 12488
110 12488
110 12488
110 12703
110 12706
110 12707
110 12707
110 12709
494 12908
110 12996
110 12999
110 12999
110 13001
110 13001
110 13001
110 13002
110 13002
110 13922
110 13925
110 13926
110 13926
110 13926
110 13926
110 13928
110 13928
110 13929
110 14145
110 14148
110 14246
110 14250
110 14373
110 14540
110 14544
126 14926
126 14929
126 14931
110 14970
110 14973
110 14973
110 14974
110 14974
110 14976
110 15104
104 15435
104 15438
104 15439
110 15468
110 15472
110 15472
110 15472
110 15474
105 15619
105 15619
105 15623
105 15623
105 15623
105 15623
105 15623
105 15623
105 15623
105 15623
105 15967
105 15967
105 15971
105 15971
105 15971
105 15971
105 15973
105 15973
105 15973
105 15973
105 15974
105 15974
105 15974
105 15974
105 15976
105 15976
110 16684
110 16687
110 16687
110 16689
110 16689
110 16690
110 16690
110 16692
110 16692
110 16693
110 16693
110 16694
110 16694
110 16694
494 17267
494 17270
494 17271
494 17271
494 17271
494 17272
110 17731
110 17735
110 17735
110 17737
110 17737
110 17737
110 17737
110 18048
110 18050
110 18052
110 18052
110 18053
110 18537
110 18540
110 18541
110 18541
110 18541
110 18543
110 18543
110 18790
110 18793
110 18795
110 18795
110 18795
110 18796
110 18796
110 18952
110 18954
110 19136
110 19139
110 19140
494 19506
494 19511
494 19511
494 19512
104 19534
104 19534
110 19696
110 19700
110 19700
110 19909
110 19913
110 19913
110 19913
110 19913
110 19915
110 19915
110 19915
110 19916
110 19916
110 20309
110 20312
110 20313
110 20577
110 20581
110 20581
110 20582
110 20582
110 20582
110 20584
110 20584
110 20866
110 20870
110 20870
110 20870
110 20872
110 20872
110 20873
108 20962
110 21109
110 21114
110 21114
110 21114
