106 702
86 1184
88 1593
89 1705
106 2877
86 3489
138 3762
106 4247
87 4768
106 4881
138 4951
106 5171
106 5436
99 5514
99 5524
87 5782
87 5823
87 5961
88 6023
88 6051
97 6072
99 6264
106 6591
106 6984
106 7161
87 7173
95 7328
106 7388
106 7389
106 8167
142 8221
106 8364
138 8658
90 8746
142 8797
88 9137
88 9155
90 9160
138 9191
138 9196
106 9288
106 9474
106 9799
91 9810
106 10087
88 10104
87 10255
138 10305
138 10321
138 10326
86 10365
87 10448
99 10685
138 10728
138 10753
87 11162
87 11164
138 11178
87 11203
106 11375
88 11546
142 12138
87 12325
87 12345
87 12359
106 12787
106 12855
106 13258
