104 286
104 649
104 964
104 968
104 1262
104 1351
104 1701
104 2205
104 2271
105 2357
105 2357
105 2357
105 2357
105 2366
105 2366
104 2795
126 2904
104 2972
105 3359
105 3359
104 3451
104 3631
126 3703
105 4038
105 4038
104 4054
104 4076
104 4240
105 4274
105 4274
104 4312
104 4411
104 4552
104 4583
104 4706
104 5010
104 5068
104 5242
104 5242
104 5264
104 5275
104 5327
104 5505
104 5554
105 5793
105 5793
104 5813
105 5815
105 5815
105 5825
105 5825
105 5839
105 5839
105 5891
105 5891
105 5999
105 5999
105 6055
105 6055
105 6210
105 6210
105 6215
105 6215
105 6223
105 6223
104 6317
105 6330
105 6330
105 6334
105 6334
105 6386
105 6386
105 6421
105 6421
105 6455
105 6455
105 6516
105 6516
105 6590
105 6590
105 6657
105 6657
105 6785
105 6785
104 6789
105 6811
105 6811
104 6892
105 6940
105 6940
105 6953
105 6953
9 7050
9 7056
9 7056
9 7058
9 7058
9 7059
9 7088
105 7195
105 7195
105 7278
105 7278
9 7324
105 7507
105 7507
104 7552
104 7557
104 7571
104 7590
104 7595
104 7675
9 7819
9 7835
105 7854
105 7854
105 7861
105 7861
105 7863
105 7863
105 7863
105 7863
104 7867
105 7998
105 7998
105 8031
105 8031
105 8181
105 8181
105 8252
105 8252
105 8272
105 8272
105 8309
105 8309
105 8375
105 8375
105 8380
105 8380
105 8398
105 8398
9 8488
9 8488
9 8490
9 8490
104 8501
105 8570
105 8570
126 8583
9 8629
9 8631
105 8659
105 8659
105 8738
105 8738
105 8833
105 8833
105 8912
105 8912
105 8915
105 8915
126 8945
105 8953
105 8953
105 8961
105 8961
105 9030
105 9030
105 9035
105 9035
9 9089
105 9091
105 9091
9 9094
105 9138
105 9138
105 9215
105 9215
105 9287
105 9287
9 9294
9 9296
9 9297
9 9297
105 9331
105 9331
105 9400
105 9400
105 9479
105 9479
105 9554
105 9554
105 9648
105 9648
126 9684
105 9727
105 9727
105 9756
105 9756
105 9770
105 9770
105 9783
105 9783
105 9821
105 9821
9 9909
9 9915
105 9917
105 9917
9 9942
9 9945
9 9947
9 9947
105 9966
105 9966
105 9993
105 9993
9 10055
105 10244
105 10244
