106 693
86 1115
88 1575
89 1696
106 2865
86 3625
90 4018
106 4221
138 4289
97 4776
88 4873
106 4876
88 5261
87 5669
106 5848
88 6023
106 6208
87 6235
106 6611
106 6772
106 6910
106 7178
12 7453
17 7508
106 7551
106 7846
87 7927
106 8216
88 8216
106 8496
106 8853
12 8909
17 8916
106 9053
106 9101
106 9159
106 9249
106 9387
106 9423
106 9454
12 9605
17 9612
88 10674
106 11324
106 11325
106 11328
106 11377
92 11880
86 12014
86 12269
12 12447
12 12450
17 12454
17 12457
106 13196
106 13275
289 14283
289 14283
289 14283
289 14283
289 14283
289 14283
289 14283
289 14283
289 14283
138 14718
86 14739
138 14848
88 14962
88 15002
91 15241
98 15347
98 15546
504 15942
98 17164
98 17201
94 17327
98 18395
