104 287
104 673
104 961
104 962
104 1448
104 1547
104 1609
104 2029
104 2100
104 2269
104 2487
104 2736
105 3133
105 3133
105 3136
105 3136
104 3392
126 3537
104 3845
126 3857
104 3902
104 4096
104 4100
104 4100
105 4128
105 4128
104 4217
104 4570
104 4574
104 4617
104 4702
104 4855
104 4858
104 4858
104 4859
126 4908
104 5157
105 5324
105 5324
105 5456
105 5456
105 5468
105 5468
126 5499
104 5705
126 5707
104 5708
104 5708
104 5832
104 5835
104 5835
104 6048
104 6052
104 6052
105 6220
105 6220
104 6346
104 6349
104 6349
104 6349
104 6350
126 6498
105 6665
105 6665
105 6668
105 6668
105 6668
105 6668
104 6920
104 6925
104 6925
104 6925
104 6925
104 6926
104 6926
104 6926
104 6926
104 7162
104 7165
104 7165
104 7166
105 7457
105 7457
105 7460
105 7460
105 7460
105 7460
105 7461
105 7461
105 7461
105 7461
105 7461
105 7461
104 7529
104 7532
104 7534
104 7914
104 7916
104 8033
104 8161
104 8165
104 8165
104 8288
104 8291
104 8292
104 8292
104 8292
104 8292
104 8294
104 8512
104 8517
104 8603
104 8606
104 8607
9 8840
9 8843
9 8844
9 8844
9 8844
104 9039
104 9042
104 9046
104 9065
104 9067
104 9069
105 9333
105 9333
105 9337
105 9337
105 9337
105 9337
105 9337
105 9337
105 9338
105 9338
9 9428
9 9431
9 9433
9 9433
9 9433
9 9443
9 9657
9 9662
9 9662
9 9662
9 9662
9 9663
9 9663
105 9695
105 9695
105 9698
105 9698
105 9700
105 9700
105 9700
105 9700
105 9700
105 9700
105 9921
105 9921
105 9926
105 9926
105 9926
105 9926
105 9927
105 9927
105 10304
105 10304
105 10307
105 10307
105 10307
105 10307
105 10309
105 10309
105 10309
105 10309
105 10309
105 10309
105 10309
105 10309
105 10310
105 10310
105 10310
105 10310
105 10310
105 10310
105 10310
105 10310
9 10328
9 10331
9 10331
9 10332
9 10332
105 10522
105 10522
105 10524
105 10524
105 10526
105 10526
105 10526
105 10526
105 10526
105 10526
105 10526
105 10526
9 10712
9 10715
9 10717
9 10807
9 10810
9 10812
9 10812
9 10812
9 10812
9 10813
9 10813
9 10815
108 10857
108 10861
108 10861
108 10861
108 10863
104 11286
104 11291
104 11291
104 11291
105 11343
105 11343
105 11346
105 11346
105 11348
105 11348
105 11348
105 11348
105 11348
105 11348
105 11349
105 11349
105 11349
105 11349
105 11349
105 11349
105 11349
105 11349
104 11914
104 11917
104 11920
104 11922
104 11925
108 11957
108 11961
108 11961
108 11963
9 12044
9 12048
9 12048
9 12048
9 12050
9 12050
9 12050
9 12051
9 12051
104 12115
104 12118
104 12118
104 12120
104 12120
104 12120
104 12120
104 12121
104 12121
104 12462
104 12465
104 12468
104 12474
104 12477
104 12480
108 13242
108 13245
108 13245
108 13247
108 13375
105 13487
105 13487
105 13490
105 13490
105 13490
105 13490
105 13491
105 13491
105 13491
105 13491
105 13493
105 13493
105 13493
105 13493
105 13493
105 13493
105 13493
105 13493
105 13493
105 13493
105 13494
105 13494
105 13494
105 13494
105 13494
105 13494
105 13494
105 13494
105 13495
105 13495
105 13495
105 13495
108 13601
105 13776
105 13776
105 13779
105 13779
105 13780
105 13780
105 13780
105 13780
105 13780
105 13780
105 13780
105 13780
105 13782
105 13782
105 13782
105 13782
108 13900
105 14235
105 14235
105 14238
105 14238
105 14238
105 14238
105 14240
105 14240
105 14240
105 14240
105 14240
105 14240
105 14240
105 14240
105 14240
105 14240
105 14241
105 14241
105 14241
105 14241
108 14355
105 14577
105 14577
105 14581
105 14581
105 14581
105 14581
105 14581
105 14581
105 14582
105 14582
105 14582
105 14582
105 14582
105 14582
105 14582
105 14582
105 14584
105 14584
9 14654
9 14656
9 14658
9 14658
9 14658
9 14658
105 14673
105 14673
105 14677
105 14677
105 14677
105 14677
105 14677
105 14677
105 14679
105 14679
108 14693
108 14697
108 14697
9 14756
9 14759
9 14762
9 14762
9 14762
9 14763
9 14763
9 14764
9 14764
9 14766
9 14766
9 14766
9 14802
9 14806
9 14806
9 14808
9 14808
105 14893
105 14893
105 14896
105 14896
105 14896
105 14896
105 14898
105 14898
105 14898
105 14898
104 14927
105 15112
105 15112
105 15115
105 15115
105 15115
105 15115
105 15116
105 15116
105 15416
105 15416
105 15420
105 15420
105 15420
105 15420
105 15421
105 15421
105 15421
105 15421
9 15483
9 15486
9 15486
9 15487
9 15487
9 15487
9 15488
9 15488
105 15976
105 15976
105 15979
105 15979
105 15980
105 15980
105 15980
105 15980
105 15980
105 15980
105 15981
105 15981
105 15981
105 15981
105 15981
105 15981
105 15983
105 15983
105 15983
105 15983
105 15983
105 15983
105 15983
105 15983
105 15984
105 15984
105 15984
105 15984
105 15984
105 15984
105 15984
105 15984
105 15986
105 15986
105 15986
105 15986
105 15986
105 15986
105 15986
105 15986
105 16137
105 16137
105 16141
105 16141
105 16232
105 16232
105 16236
105 16236
105 16236
105 16236
105 16236
105 16236
105 16238
105 16238
9 16308
9 16312
9 16312
9 16313
9 16313
9 16313
9 16315
105 16320
105 16320
105 16323
105 16323
105 16323
105 16323
105 16395
105 16395
9 16457
9 16462
9 16462
9 16462
9 16462
9 16463
105 16662
105 16662
105 16665
105 16665
105 16667
105 16667
105 16667
105 16667
105 16667
105 16667
105 16668
105 16668
105 16825
105 16825
105 16828
105 16828
105 16828
105 16828
105 16829
105 16829
105 16829
105 16829
105 16829
105 16829
105 16829
105 16829
105 16831
105 16831
126 16841
126 16894
105 16927
105 16927
105 16930
105 16930
105 16930
105 16930
105 16930
105 16930
105 16931
105 16931
105 16931
105 16931
105 16931
105 16931
105 17015
105 17015
105 17018
105 17018
105 17018
105 17018
105 17019
105 17019
105 17019
105 17019
105 17127
105 17127
105 17132
105 17132
105 17132
105 17132
105 17215
105 17215
105 17219
105 17219
105 17219
105 17219
9 17802
9 17806
9 17806
9 17806
9 17807
109 17848
9 17849
9 17852
9 17853
9 17853
9 17855
9 17855
9 17856
9 17856
9 17856
9 17858
9 17858
9 17858
9 17992
109 17995
9 17995
9 17995
9 17996
9 17996
9 17997
9 17997
9 17997
109 18117
109 18249
105 18385
105 18385
105 18390
105 18390
105 18390
105 18390
105 18390
105 18390
105 18390
105 18390
105 18617
105 18617
105 18620
105 18620
105 18620
105 18620
105 18621
105 18621
105 18621
105 18621
105 18621
105 18621
105 18621
105 18621
105 18623
105 18623
105 18623
105 18623
105 18623
105 18623
105 18624
105 18624
105 18626
105 18626
105 18626
105 18626
105 18627
105 18627
105 18627
105 18627
105 18627
105 18627
105 18627
105 18627
105 18629
105 18629
9 18667
9 18671
9 18673
9 18673
9 18673
9 18673
9 18673
9 18674
9 18674
9 18674
9 18675
109 19109
126 19219
9 19359
9 19363
9 19363
9 19363
9 19365
9 19365
9 19365
111 19684
111 19687
105 19689
111 19689
105 19689
105 19694
105 19694
105 19694
105 19694
105 19694
105 19694
105 19694
105 19694
105 19695
105 19695
105 19695
105 19695
105 19695
105 19695
105 19695
105 19695
105 19697
105 19697
105 19697
105 19697
105 19697
105 19697
105 19697
105 19697
105 19698
105 19698
105 19698
105 19698
105 19700
105 19700
105 19700
105 19700
105 19700
105 19700
105 19700
105 19700
105 19700
105 19700
105 19701
105 19701
105 19701
105 19701
112 20249
112 20252
112 20252
112 20253
112 20255
9 20293
9 20298
9 20298
9 20298
9 20298
9 20299
9 20299
9 20301
9 20301
9 20301
9 20301
105 20429
105 20429
105 20434
105 20434
105 20434
105 20434
105 20434
105 20434
105 20435
105 20435
105 20435
105 20435
105 20435
105 20435
105 20437
105 20437
105 20437
105 20437
105 20437
105 20437
105 20437
105 20437
105 20438
105 20438
105 20438
105 20438
105 20439
105 20439
105 20439
105 20439
104 20450
9 20560
105 20946
105 20946
105 20949
105 20949
105 20950
105 20950
105 20950
105 20950
105 20950
105 20950
105 20950
105 20950
105 20952
105 20952
105 20952
105 20952
105 20952
105 20952
105 20952
105 20952
105 20953
105 20953
105 20953
105 20953
105 20953
105 20953
105 20955
105 20955
105 20955
105 20955
105 20955
105 20955
105 20956
105 20956
105 20956
105 20956
105 20958
105 20958
104 21518
104 21521
104 21524
112 21595
112 21599
112 21599
112 21599
112 21601
111 22141
111 22168
126 22226
111 22648
9 22794
9 22797
9 22797
9 22798
9 22798
9 22798
9 22798
9 22799
9 22799
9 22801
9 22801
112 23017
112 23020
112 23023
112 23026
112 23029
112 23033
105 23589
105 23589
105 23593
105 23593
105 23593
105 23593
105 23593
105 23593
105 23595
105 23595
105 23734
105 23734
105 23737
105 23737
105 23737
105 23737
105 23737
105 23737
499 23750
499 23751
104 24302
104 24315
112 24329
112 24331
112 24333
105 24339
105 24339
105 24342
105 24342
105 24343
105 24343
105 24343
105 24343
105 24343
105 24343
105 24345
105 24345
105 24345
105 24345
105 24345
105 24345
105 24346
105 24346
105 24346
105 24346
105 24346
105 24346
104 24523
104 24526
104 24528
104 24528
104 24528
104 24528
104 24663
104 24666
104 24669
105 25581
105 25581
105 25584
105 25584
105 25585
105 25585
105 25585
105 25585
105 25585
105 25585
105 25587
105 25587
105 25587
105 25587
105 25588
105 25588
105 25588
105 25588
109 25678
105 25868
105 25868
105 25872
105 25872
105 25872
105 25872
105 25873
105 25873
105 25873
105 25873
105 25873
105 25873
105 25875
105 25875
105 25875
105 25875
104 26062
109 26359
9 26516
9 26520
9 26520
9 26520
9 26522
9 26522
9 26522
9 26522
9 26523
9 26523
112 26538
112 26541
112 26542
112 26542
112 26542
112 26542
112 26544
104 26785
104 26788
104 26791
126 26924
105 27052
105 27052
105 27057
105 27057
105 27057
105 27057
105 27057
105 27057
9 27645
9 27648
9 27649
9 27649
9 27649
9 27649
104 28478
104 28480
104 28482
126 28611
499 28647
499 29767
105 30192
105 30192
105 30196
105 30196
105 30196
105 30196
105 30196
105 30196
105 30197
105 30197
105 30197
105 30197
105 30197
105 30197
105 30197
105 30197
105 30199
105 30199
105 30199
105 30199
105 30200
105 30200
105 30200
105 30200
105 30200
105 30200
105 30202
105 30202
126 30216
9 30614
9 30619
9 30619
126 31015
112 31120
112 31123
112 31124
112 31124
112 31126
112 31126
112 31126
499 31746
112 31752
112 31756
112 31756
112 31758
126 31814
111 32290
105 32586
105 32586
105 32590
105 32590
105 32590
105 32590
105 32591
105 32591
105 32591
105 32591
105 32591
105 32591
105 32593
105 32593
105 32593
105 32593
105 32593
105 32593
105 32593
105 32593
105 32594
105 32594
105 32594
105 32594
105 33071
105 33071
105 33075
105 33075
105 33075
105 33075
105 33075
105 33075
105 33076
105 33076
105 33076
105 33076
105 33076
105 33076
105 33076
105 33076
105 33078
105 33078
105 33078
105 33078
105 33078
105 33078
105 33078
105 33078
105 33079
105 33079
9 33107
9 33112
9 33112
9 33112
9 33112
9 33172
9 33175
9 33175
9 33176
9 33176
9 33176
9 33176
9 33178
9 33178
9 33178
9 33178
9 33179
9 33179
9 33179
9 33179
9 33181
9 33181
9 33181
9 33182
105 33206
105 33206
105 33209
105 33209
105 33210
105 33210
105 33212
105 33212
105 33212
105 33212
105 33212
105 33212
105 33212
105 33212
105 33213
105 33213
105 33213
105 33213
105 33213
105 33213
109 33564
112 34160
112 34163
112 34163
112 34326
112 34328
