106 700
86 1196
88 1588
89 1636
86 2433
106 3641
138 3819
138 4525
87 4560
106 4626
106 4895
97 4961
88 5025
87 5119
87 5136
138 5206
88 5517
88 5541
106 5701
87 5826
138 5869
87 5878
106 6107
106 6121
106 6373
106 6393
87 6886
87 6954
87 7254
95 7309
106 7343
106 7345
106 7348
87 7692
87 7695
106 7713
106 7728
12 7930
87 7944
142 8129
13 8537
138 8593
106 8702
142 8783
106 8911
142 9399
12 9697
12 9701
13 9704
12 9704
13 9708
142 9718
138 9804
138 9874
87 9945
88 10240
88 10266
92 10279
87 10294
87 10309
87 10311
86 10589
106 10617
87 10620
87 10627
142 11178
87 11504
87 11514
142 11595
106 11668
106 11699
106 11704
106 11706
106 11709
87 11867
87 11876
87 11906
12 11935
106 11940
13 11942
142 12063
106 12065
106 12068
142 12382
289 12812
289 12812
289 12812
289 12812
289 12812
289 12812
289 12812
289 12812
289 12812
