104 287
104 672
104 962
104 965
104 1072
104 1512
104 1591
104 1764
104 2497
104 2503
104 2592
104 2671
104 2857
104 3037
104 3057
104 3237
104 3296
104 3818
104 3870
104 3915
104 4021
126 4025
126 4028
104 4253
104 4257
105 4415
105 4415
105 4541
105 4541
105 4562
105 4562
105 4565
105 4565
104 4627
104 4652
126 4659
104 4747
104 5065
104 5068
104 5068
104 5069
105 5224
105 5224
105 5412
105 5412
105 5416
105 5416
105 5508
105 5508
105 5512
105 5512
105 5758
105 5758
105 5761
105 5761
105 5763
105 5763
105 5763
105 5763
105 5763
105 5763
105 5763
105 5763
110 6087
110 6090
110 6090
110 6091
110 6091
110 6499
126 6632
126 6674
110 6687
105 6858
105 6858
105 6862
105 6862
105 6862
105 6862
105 6862
105 6862
105 6862
105 6862
105 6864
105 6864
105 6864
105 6864
110 7059
104 7257
104 7260
104 7260
110 7334
110 7370
110 7374
104 7377
104 7495
104 7498
104 7654
104 7657
104 7659
104 7768
104 7771
104 7922
104 7927
126 7958
104 8078
104 8082
104 8082
104 8178
104 8268
104 8397
110 8531
110 8726
110 8730
110 8730
104 8820
104 8825
104 8825
104 8825
104 8826
104 8826
104 8972
104 8974
104 8974
104 8974
104 9111
104 9116
104 9116
104 9116
104 9117
104 9240
104 9281
104 9362
104 9373
104 9375
104 9376
104 9377
104 9377
104 9377
110 9861
110 9866
110 9866
104 9868
104 9871
104 9985
126 10025
104 10328
104 10332
104 10332
104 10332
104 10463
104 10466
104 10466
104 10466
104 10467
104 10548
108 11175
108 11292
108 11295
108 11295
108 11296
108 11296
110 11373
110 11377
110 11377
110 11377
110 11626
110 11629
110 11630
110 11630
110 11630
110 11797
110 11800
110 11802
110 12249
110 12254
110 12254
110 12254
110 12542
110 12546
110 12546
110 12546
110 12547
110 12547
110 12547
110 12547
110 12733
110 12737
110 12737
110 12739
110 12920
110 12925
110 12925
110 12925
110 13028
110 13031
110 13138
110 13142
110 13235
110 13238
110 13438
110 13441
110 13443
110 13443
110 13443
110 13443
110 13615
110 13618
110 13620
110 13719
110 13794
110 13798
110 13798
110 13798
110 13800
110 13921
110 13925
110 13925
110 13926
110 14014
110 14135
110 14240
110 14348
110 14351
110 14413
110 14417
110 14508
110 14557
110 14560
110 14561
110 14630
110 14743
110 14747
110 14904
110 14944
110 14977
110 15137
110 15140
110 15219
110 15222
110 15223
110 15223
