104 286
104 663
104 960
104 962
104 1053
104 1508
104 1574
104 1979
104 2045
104 2246
104 2481
104 2765
104 3031
104 3114
104 3208
126 3595
104 3617
104 3828
104 3836
104 3870
104 3982
104 4005
126 4074
104 4197
104 4309
105 4378
105 4378
104 4503
104 4751
126 4833
104 4846
104 4848
104 4850
104 4853
104 5058
104 5059
104 5062
126 5245
104 5249
104 5380
104 5382
104 5384
105 5597
105 5597
105 5600
105 5600
105 5626
105 5626
104 5836
104 5839
104 5841
104 5844
105 5869
105 5869
105 5872
105 5872
104 5989
104 5990
104 5993
104 5996
126 6108
104 6176
104 6179
104 6244
104 6247
104 6250
104 6310
104 6640
104 6643
104 6645
104 6877
105 6939
105 6939
105 6942
105 6942
105 6945
105 6945
105 6947
105 6947
104 7169
104 7801
104 7804
104 7814
107 7975
107 7977
105 8039
105 8039
105 8040
105 8040
105 8041
105 8041
107 8095
107 8098
107 8236
105 8257
105 8257
105 8260
105 8260
107 8378
107 8381
110 8383
110 8384
105 8598
105 8598
105 8601
105 8601
105 8603
105 8603
107 8603
107 8606
110 8626
107 8717
110 8767
110 8770
110 8838
110 8955
110 9021
105 9078
105 9078
105 9081
105 9081
105 9084
105 9084
110 9100
110 9101
110 9104
110 9123
110 9156
110 9252
110 9255
110 9326
110 9327
107 9527
107 9597
110 9628
110 9630
110 9644
110 9759
110 9762
110 9765
110 9788
105 9897
105 9897
107 9976
105 10114
105 10114
105 10116
105 10116
105 10201
105 10201
107 10222
107 10225
107 10252
