104 292
104 688
104 993
104 996
104 1458
104 1544
104 1612
104 2032
104 2123
104 2272
104 2749
104 3057
104 3077
104 3267
104 3326
126 3562
126 3565
105 3716
105 3716
105 3719
105 3719
105 3824
105 3824
105 3841
105 3841
104 4111
104 4262
104 4265
104 4681
104 4683
104 4688
104 4787
104 4790
104 4855
104 4970
104 4973
104 4976
104 5682
104 5685
104 5777
104 5780
104 5848
104 5851
9 5997
9 6000
104 6232
104 6237
104 6303
105 6599
105 6599
105 6605
105 6605
105 6605
105 6605
105 6606
105 6606
9 6623
9 6629
9 6630
105 6775
105 6775
105 6782
105 6782
126 7326
110 7439
110 7445
110 7445
110 7445
126 7589
110 7682
110 7689
110 7689
110 7689
110 8484
110 8490
110 8490
110 8490
110 8491
110 8491
110 8491
126 8580
110 8691
110 8965
110 9011
110 9483
110 9487
110 9550
110 9553
104 9603
104 9606
126 9635
126 9638
110 9982
110 9985
110 10404
126 10501
126 10510
110 10797
110 10801
110 11239
110 11403
110 11453
110 11458
110 11459
110 11547
126 11559
126 11562
110 11580
110 11641
