104 287
104 659
104 968
104 968
104 1432
104 1512
104 1617
104 1999
104 2087
104 2251
104 2510
104 2834
104 3137
105 3166
105 3166
104 3232
104 3286
126 3519
105 3781
105 3781
105 3844
105 3844
104 4033
104 4244
104 4244
110 4676
110 4679
110 4679
110 4684
110 4779
110 4843
110 4951
105 5063
105 5063
105 5200
105 5200
105 5203
105 5203
105 5203
105 5203
105 5304
105 5304
105 5306
105 5306
105 5538
105 5538
105 5543
105 5543
105 5672
105 5672
105 5675
105 5675
105 5701
105 5701
105 5829
105 5829
105 5833
105 5833
105 5938
105 5938
105 6074
105 6074
105 6077
105 6077
105 6078
105 6078
105 6174
105 6174
105 6268
105 6268
105 6272
105 6272
105 6272
105 6272
105 6422
105 6422
105 6426
105 6426
105 6426
105 6426
105 6526
105 6526
105 6530
105 6530
105 6713
105 6713
105 6716
105 6716
