104 287
104 683
104 964
104 967
104 1044
104 1396
104 2023
104 2170
104 2513
104 2573
104 2657
104 2687
104 2818
104 3119
104 3196
104 3240
104 3384
105 3818
105 3818
104 4008
104 4054
126 4067
126 4070
104 4122
126 4179
104 4280
104 4337
105 4577
105 4577
105 4580
105 4580
105 4630
105 4630
105 4687
105 4687
104 4806
105 4893
105 4893
105 4896
105 4896
104 5121
104 5122
104 5187
104 5190
104 5193
104 5196
9 5277
9 5280
104 5282
9 5363
9 5388
104 5636
104 5638
104 5641
9 5833
9 5835
104 5857
105 5934
105 5934
105 5937
105 5937
105 5940
105 5940
105 5941
105 5941
104 6021
104 6119
104 6121
104 6150
104 6221
104 6222
104 6369
104 6370
104 6373
9 6619
9 6621
104 6641
104 6644
104 6647
104 6648
104 6651
104 6720
104 6723
105 6736
105 6736
105 6739
105 6739
104 6827
104 6830
9 6839
9 6842
104 6984
104 6985
104 6988
104 7005
105 7024
105 7024
105 7027
105 7027
104 7033
104 7096
9 7347
105 7348
105 7348
105 7349
105 7349
9 7350
105 7440
105 7440
105 7443
105 7443
105 7445
105 7445
105 7448
105 7448
9 7466
9 7468
104 7509
104 7512
104 7515
104 7559
104 7562
104 7565
104 7567
104 7785
104 7787
104 8261
104 8345
104 8348
105 8348
105 8348
105 8351
105 8351
105 8354
105 8354
104 8417
104 8420
110 8433
110 8435
110 8458
110 8459
110 8468
104 8564
104 8797
110 9002
110 9005
110 9008
110 9067
110 9204
110 9206
110 9227
110 9241
110 9244
110 9245
110 9265
110 9267
104 9326
104 9347
110 10558
110 10559
110 10562
110 10565
110 10666
110 10669
110 10672
110 10690
110 10692
110 11154
110 11157
110 11160
110 11163
110 11166
110 11168
110 11171
108 11202
108 11202
108 11202
108 11204
108 11204
108 11205
108 11228
110 11455
110 11459
110 11461
110 11463
110 11466
110 11469
110 11472
104 11475
110 11476
104 11478
110 11479
104 11577
104 11580
105 12003
105 12003
105 12009
105 12009
105 12009
105 12009
105 12010
105 12010
105 12010
105 12010
105 12011
105 12011
105 12011
105 12011
105 12013
105 12013
105 12013
105 12013
105 12014
105 12014
105 12014
105 12014
104 12291
105 12468
105 12468
105 12473
105 12473
105 12473
105 12473
105 12475
105 12475
105 12475
105 12475
105 12476
105 12476
105 12476
105 12476
9 12598
9 12602
9 12604
9 12604
9 12605
9 12607
9 12607
9 12608
9 12608
9 12608
9 12610
9 12611
9 12611
9 12612
9 12612
9 12614
9 12614
9 12615
9 12615
105 12714
105 12714
9 12741
9 12746
9 12748
9 12748
9 12748
9 12749
9 12751
9 12751
9 12752
9 12752
9 12753
9 12883
9 12889
9 12889
9 12890
9 12892
9 13017
126 13020
9 13023
9 13024
9 13024
9 13024
110 13480
110 13601
110 13604
110 13620
110 13682
110 13687
110 13689
110 13690
110 13690
110 13692
110 13692
110 13693
110 13693
110 13695
110 13726
110 13729
110 13732
110 13735
110 13738
110 13867
110 13875
110 13875
110 13876
110 14027
110 14030
110 14090
110 14092
110 14126
110 14170
110 14259
110 14308
104 14366
110 14381
110 14401
110 14455
110 14547
110 14699
110 14701
