104 764
104 875
104 964
105 1810
105 1810
105 1810
105 1810
105 1849
105 1849
105 2091
105 2091
105 2328
105 2328
105 2566
105 2566
104 2933
126 3019
104 3168
104 3420
105 3808
105 3808
105 3809
105 3809
126 3818
104 3896
104 3897
104 3987
104 3988
104 4165
105 4192
105 4192
104 4193
104 4226
126 4263
104 4394
104 4429
104 4919
104 4950
104 5009
104 5076
104 5137
104 5216
105 5724
105 5724
105 5727
105 5727
105 5728
105 5728
105 5825
105 5825
105 5826
105 5826
105 5836
105 5836
105 5924
105 5924
105 5927
105 5927
104 6062
105 6147
105 6147
104 6319
104 6322
104 6324
105 6448
105 6448
105 6451
105 6451
105 6452
105 6452
105 6546
105 6546
105 6549
105 6549
105 6660
105 6660
105 6661
105 6661
104 6807
104 6808
104 6809
105 6828
105 6828
105 6831
105 6831
104 7218
104 7220
110 7627
110 7629
110 7632
110 7771
105 7775
105 7775
105 7777
105 7777
105 7779
105 7779
110 8002
105 8062
105 8062
105 8112
105 8112
105 8113
105 8113
105 8142
105 8142
105 8144
105 8144
105 8145
105 8145
105 8149
105 8149
110 8360
110 8523
9 8542
9 8543
9 8552
105 8634
105 8634
9 8701
105 8708
105 8708
105 8787
105 8787
105 8790
105 8790
105 8791
105 8791
105 8794
105 8794
105 8937
105 8937
126 8953
110 8979
110 8982
105 9004
105 9004
110 9169
