104 295
104 705
104 996
104 1001
104 1482
104 1553
104 1622
104 1950
104 2016
104 2069
104 2138
104 2297
104 2562
104 2765
104 3158
105 3166
105 3166
104 3339
126 3572
126 3576
104 3723
104 4021
104 4026
104 4028
104 4210
104 4460
104 4465
126 4513
104 4776
104 4780
104 4960
104 4963
105 5171
105 5171
105 5175
105 5175
105 5180
105 5180
105 5183
105 5183
105 5371
105 5371
105 5376
105 5376
105 5492
105 5492
105 5496
105 5496
105 5501
105 5501
105 5659
105 5659
105 5662
105 5662
105 5666
105 5666
9 5823
9 5825
9 5952
105 5954
105 5954
105 5959
105 5959
105 5963
105 5963
105 5966
105 5966
105 7372
105 7372
105 7375
105 7375
105 7384
105 7384
9 7567
9 7571
105 7680
105 7680
105 7684
105 7684
