104 290
104 650
104 949
104 951
104 1068
104 1302
104 1509
104 1512
104 1575
104 1779
104 2115
104 2246
104 2534
126 3310
104 3409
104 3446
110 3549
110 3552
110 3591
110 3850
110 3852
104 4059
104 4289
126 4463
104 4649
104 4652
104 4653
104 4656
104 4658
104 4904
104 4907
104 5007
104 5010
104 5013
110 5357
110 5411
110 5737
104 5917
104 5920
104 5923
104 5942
110 6399
110 6402
110 6404
110 6546
110 6549
104 6552
104 6555
104 6558
104 6922
104 6925
104 6926
104 6929
104 6971
126 7071
104 7315
110 7385
110 7388
110 7809
110 7812
110 7814
110 7817
126 7912
110 8628
110 8631
110 8634
110 8636
110 8661
110 8664
126 8751
126 8774
110 9048
110 9052
110 9055
104 9593
110 9755
110 9756
110 9759
110 9847
126 10189
126 10190
110 10274
110 10277
110 10279
110 10282
110 10505
110 10506
