104 287
104 649
104 971
104 974
104 1429
104 1517
104 1589
104 2013
104 2082
104 2244
104 2645
104 2720
105 3118
105 3118
105 3121
105 3121
126 3523
126 3526
104 3595
104 3598
104 3625
104 3768
104 3795
104 4134
104 4170
104 4240
104 4292
104 4455
126 4473
104 4827
104 4830
104 4843
104 5042
104 5169
104 5183
104 5426
104 5429
126 5492
105 5504
105 5504
105 5507
105 5507
104 5622
104 5641
104 5644
104 5667
126 6010
110 6054
110 6055
110 6058
110 6146
110 6148
104 6566
104 6569
104 6584
104 6631
104 6664
110 6666
104 6762
104 6804
104 6992
104 6995
110 7075
104 7148
104 7151
104 7155
105 7453
105 7453
105 7458
105 7458
105 7460
105 7460
105 7530
105 7530
105 7536
105 7536
105 7542
105 7542
105 7700
105 7700
105 7705
104 7705
105 7705
105 7706
105 7706
104 7708
104 7711
104 7713
104 8226
104 8344
104 8347
104 8350
104 8353
104 8399
104 8406
104 8440
104 8461
104 8545
104 8548
104 8620
104 8623
104 8626
104 8757
104 8790
104 8986
104 8989
110 9019
110 9061
110 9064
110 9067
104 9159
104 9162
104 9164
104 9167
104 9179
104 9324
104 9327
110 9686
108 10143
108 10149
108 10150
108 10150
108 10152
108 10152
108 10153
104 10245
104 10248
104 10251
104 10395
104 10398
104 10401
104 10417
104 10420
104 10423
104 10425
104 10473
110 10479
104 10479
110 10483
104 10507
108 10519
108 10526
104 10611
104 10844
104 10846
110 11124
110 11127
110 11130
110 11284
110 11286
110 11315
104 11328
104 11331
110 11570
110 11573
110 11576
110 11579
110 11594
110 11597
110 11600
110 11737
110 11787
110 11892
110 11982
110 11985
104 12121
104 12124
104 12127
126 12209
126 12210
104 12249
104 12254
110 12578
110 12579
110 12582
126 12722
104 12734
104 12737
126 13009
110 13037
110 13040
110 13043
110 13045
104 13109
107 13877
107 13883
107 13883
107 13884
107 13886
107 13886
107 13886
107 13887
107 13887
107 13889
104 14108
107 14208
107 14214
107 14214
107 14215
107 14215
107 14217
107 14217
110 14341
110 14344
110 14348
107 14435
107 14771
107 14777
107 14777
107 14778
107 14780
110 15081
107 15168
110 15186
110 15189
110 15272
110 15279
107 15279
104 15332
104 15335
104 15338
104 15341
104 15344
104 15347
104 15350
104 15353
107 15367
126 16478
112 16668
104 16670
104 16673
112 16674
112 16675
112 16675
104 16676
112 16777
112 16780
112 16783
112 16802
499 17958
499 17960
499 18060
112 18335
112 18338
107 18676
107 18689
112 18898
