104 289
104 462
104 778
104 1052
104 1414
104 1492
104 1876
104 1950
104 2018
104 2213
104 2765
104 2768
104 3110
104 3178
104 3198
104 3428
104 3431
126 3474
126 3481
104 3666
104 3893
104 4026
104 4157
104 4159
126 4384
104 4478
104 4480
104 4483
104 4489
104 4804
104 4813
104 4896
110 5432
110 5435
110 5438
110 5441
110 5654
110 5657
110 5759
110 5845
110 6009
110 6243
110 6371
110 6374
110 6376
110 6470
110 6651
110 6700
110 6918
110 6967
110 7124
110 7201
110 7257
110 7322
110 7394
126 7444
126 7447
110 7506
110 7678
110 7751
104 7770
104 7771
110 7819
104 7987
110 8225
110 8256
110 8320
110 8386
104 8474
104 8511
110 8547
104 8550
104 8609
110 8626
110 8629
104 8640
104 8714
104 8915
104 9169
104 9172
104 9175
110 9417
110 9431
110 9627
110 9630
104 9666
104 9699
104 9732
110 9858
110 9861
110 9943
104 9948
104 9982
104 10018
104 10110
104 10113
104 10116
110 10424
110 10427
110 10430
110 10611
110 10614
110 10617
110 10739
110 10742
110 10829
104 10905
110 11037
110 11216
110 11219
110 11367
110 11368
110 11438
110 11440
110 11442
110 11456
110 11499
110 11528
110 11577
110 11632
110 11698
110 11725
110 11769
110 11812
110 11868
110 11901
110 11980
110 12067
110 12104
110 12211
110 12293
110 12326
