104 289
104 664
104 971
104 974
104 1455
104 1527
104 1615
104 2019
104 2072
104 2255
104 2510
104 2760
104 3017
104 3230
104 3232
126 3514
126 3517
104 3529
104 3532
104 3728
104 3729
104 4027
104 4204
104 4208
126 4316
104 4502
104 4503
104 4506
104 4509
104 4555
104 4567
110 5343
110 5350
110 5476
110 5483
110 5546
110 5625
110 5654
110 5748
110 5782
110 5906
110 5916
104 6289
104 6291
104 6294
104 6297
110 6335
110 6342
110 6342
110 6436
110 6567
104 6630
104 7157
104 7158
104 7161
104 7165
110 7603
126 7608
110 7610
110 7610
110 7610
126 7702
104 8062
104 8065
104 8068
110 8074
110 8082
110 8386
110 8642
110 8650
110 8886
110 9627
110 9634
110 9634
110 9634
110 9634
110 9634
110 9634
110 9634
110 9634
110 9634
104 9765
104 9765
104 9765
104 10021
104 10024
126 10313
110 10314
110 10321
110 10321
110 10321
110 10321
110 10321
104 10739
104 10739
104 10739
104 10739
104 10739
104 10739
104 10865
104 10865
110 11275
110 11282
110 11282
110 11282
110 11282
110 11282
110 11282
104 11412
104 11478
