104 289
104 673
104 971
104 974
104 1446
104 1541
104 1622
104 2041
104 2105
104 2265
104 2565
105 3147
105 3147
105 3150
105 3150
104 3251
104 3296
104 3469
104 3499
126 3547
126 3550
105 4113
105 4113
105 4138
105 4138
105 4355
105 4355
105 4358
105 4358
105 4362
105 4362
105 4676
105 4676
105 4682
105 4682
105 4682
105 4682
105 4682
105 4682
105 4683
105 4683
105 4683
105 4683
105 4683
105 4683
105 4731
105 4731
104 5074
104 5075
104 5271
104 5274
104 5395
104 5451
104 5455
104 5458
104 5491
104 5495
104 5511
104 5572
104 5724
104 5740
104 5976
104 5979
104 6039
104 6111
126 6151
104 6201
104 6319
104 6322
105 6530
105 6530
105 6536
105 6536
105 6536
105 6536
105 6537
105 6537
105 6710
105 6710
105 6770
105 6770
110 7125
110 7129
110 7160
110 7164
110 7167
110 7170
110 7233
110 7278
110 7326
110 7427
110 7449
110 7525
110 7604
110 8183
110 8197
110 8212
110 8275
110 8294
104 8317
110 8380
104 8475
104 8478
104 8481
104 8485
104 8537
104 8558
104 8937
104 8943
104 8943
104 8944
104 8944
104 8944
104 8946
104 9131
104 9134
104 9137
104 9167
104 9172
104 9208
104 9242
110 9651
110 9654
110 9658
110 9661
110 9733
110 9736
110 9843
104 10143
104 10146
104 10149
104 10179
104 10182
104 10186
104 10205
104 10208
104 10212
104 10471
110 10788
110 10796
110 10796
110 10796
110 10797
110 10797
110 10826
110 10993
110 11086
110 11091
110 11094
110 11439
110 11445
110 11445
110 11446
110 11446
110 11446
110 11448
108 12190
108 12196
108 12197
108 12197
108 12197
108 12199
108 12199
108 12199
110 12245
110 12248
110 12963
110 12969
110 12971
110 12971
110 12971
110 12972
110 13215
110 13218
