106 674
86 1080
88 1558
89 1646
106 2838
86 3563
106 4263
138 4284
138 4941
106 4942
87 4991
99 5069
99 5176
106 5194
106 5410
87 5652
87 5654
138 5742
138 5745
97 6011
106 6296
88 6410
88 6444
106 6447
87 6531
87 6542
87 6763
106 6818
106 7007
87 7179
106 7199
88 7212
87 7417
88 7607
106 7821
106 7824
99 7843
99 7887
106 7931
99 8091
87 8304
88 8390
87 8406
106 8482
86 8610
91 8868
94 9070
96 9111
87 9271
87 9297
87 9320
138 9438
106 9808
138 9947
138 9958
138 9966
87 10003
138 10010
92 10305
90 10397
90 10399
138 10561
138 10568
106 10633
106 10635
88 10682
87 10750
87 10756
87 10758
87 10761
87 10771
87 10784
106 10906
106 10909
87 11270
87 11286
87 11288
87 11289
87 11294
86 11463
106 11705
106 11708
87 11744
87 11748
87 11750
106 11971
87 12084
88 12358
87 13175
87 13180
87 13181
87 13187
87 13207
87 13234
87 13344
87 13345
87 13359
87 13689
87 13690
87 13693
106 13929
12 14365
12 14369
13 14372
13 14376
87 14571
87 14571
87 14574
87 14698
87 14701
87 14703
106 14984
106 14987
289 15197
289 15197
289 15199
289 15200
289 15201
289 15201
289 15202
289 15202
289 15457
289 15458
289 15459
289 15461
289 15463
289 15463
289 15498
289 15499
289 15540
289 15551
289 15554
289 15555
289 15570
289 15574
289 15577
289 15592
289 15595
289 15667
289 15669
289 15679
289 15683
98 15732
98 15747
98 15759
98 15777
98 15783
98 15834
289 15936
289 15937
289 15937
289 15939
289 15944
289 15950
289 15953
289 15958
289 15959
289 15969
88 16122
88 16124
289 16135
289 16144
289 16154
289 16160
289 16186
289 16196
289 16311
289 16311
289 16311
289 16311
289 16311
289 16311
289 16434
289 16434
289 16434
289 16434
289 16434
289 16434
289 16531
289 16531
289 16531
289 16531
289 16531
289 16531
289 16531
289 16531
289 16531
289 16531
289 16535
289 16547
289 16549
289 16554
289 16555
289 16586
289 16590
289 16600
289 16601
289 16607
289 16612
289 16617
289 16652
289 16654
289 16666
289 16669
289 16672
289 16675
289 16681
289 16684
289 16686
289 16720
289 16725
289 16726
289 16727
289 16731
289 16743
289 16779
289 16781
289 16784
289 16785
289 16802
289 16807
289 16808
289 16809
289 16809
289 16825
289 16836
289 16851
289 16853
289 16865
289 16876
289 16879
289 16887
289 16890
289 16912
289 16920
289 16923
289 16926
289 16927
289 16934
289 16962
289 16969
289 16972
289 16976
289 16977
289 16987
289 16989
