104 287
104 672
104 955
104 957
104 1068
104 1498
104 1589
104 1987
104 2000
104 2084
104 2274
104 2478
104 2828
104 2992
104 3068
104 3540
104 3602
104 3706
126 3891
105 3893
105 3893
105 4069
105 4069
105 4128
105 4128
105 4208
105 4208
104 4318
104 4421
104 4424
104 4429
126 4431
104 4662
126 4771
126 5099
104 5131
104 5137
104 5153
104 5190
104 5251
104 5269
104 5534
104 5537
104 5582
104 5631
126 5637
104 5675
104 5739
104 5782
104 5877
104 5882
104 5884
104 5884
105 6049
105 6049
104 6480
104 6486
104 6487
105 6547
105 6547
105 6733
105 6733
104 6738
105 6740
105 6740
104 6740
105 6740
105 6740
105 6742
105 6742
105 6742
105 6742
104 6827
104 6893
104 6913
104 6916
104 6936
104 6939
105 7132
105 7132
105 7139
105 7139
105 7139
105 7139
105 7140
105 7140
105 7284
105 7284
105 7291
105 7291
110 7548
110 7554
110 7554
110 8147
110 8251
110 8288
110 8323
104 8602
104 8609
104 8609
104 8610
104 8610
104 8612
104 8612
104 8613
104 8615
104 8615
104 8616
104 8616
104 8617
104 8668
104 8800
104 8805
110 8872
104 8966
104 8972
104 8999
104 9547
104 9552
104 9555
104 9557
110 9774
110 9778
110 9779
110 9779
110 9781
110 9781
110 9782
110 9784
105 9792
105 9792
104 9999
104 10005
104 10007
104 10008
104 10008
104 10008
104 10009
104 10173
104 10181
104 10181
107 11054
107 11060
107 11061
107 11061
107 11063
110 11171
110 11370
110 11384
110 11390
110 11391
110 11419
110 11426
110 11427
110 11619
110 11625
110 11625
110 11626
110 11626
110 11628
110 11635
110 11687
110 11931
110 12123
107 12135
110 12209
110 12213
110 12215
110 12280
110 12369
110 12401
110 12406
110 12471
110 12544
110 12699
110 12781
110 12959
110 13140
110 13267
105 13356
105 13356
105 13373
105 13373
105 13442
105 13442
105 13445
105 13445
105 13449
105 13449
105 13593
105 13593
105 13874
105 13874
105 14012
105 14012
