106 687
86 1094
88 1575
89 1671
106 2906
86 3281
138 3599
87 4202
106 4264
138 4326
97 4837
106 4960
88 5040
88 5058
87 5107
87 5113
138 5385
106 5666
87 5739
87 5743
106 5812
106 5921
106 6336
87 6552
87 6583
88 6764
87 6858
99 6918
106 6922
92 7441
88 7451
106 7562
138 7745
106 7955
88 8039
94 8265
90 8357
90 8368
91 8409
138 8493
106 8527
106 8558
99 8715
106 8845
106 9085
106 9173
87 9758
86 10114
106 10533
106 10556
106 10677
106 10748
12 10794
12 10795
87 10817
87 10863
87 10995
88 11226
88 11273
87 11393
87 11411
106 11603
106 11711
106 11780
15 12081
15 12082
87 12211
87 13151
87 13464
12 14703
12 14709
12 14710
15 14710
15 14716
15 14717
106 15272
106 15663
95 15798
12 16045
15 16052
86 16572
98 16799
142 16963
98 17133
12 17179
15 17186
86 17336
12 17883
15 17890
142 18071
106 18337
106 18378
106 18597
142 18770
142 19259
