104 286
104 644
104 955
104 955
104 1056
104 1279
104 1522
104 1546
104 2025
104 2215
105 2574
105 2574
126 2953
104 2972
104 3228
105 3434
105 3434
105 3629
105 3629
105 3860
105 3860
105 3863
105 3863
105 4106
105 4106
105 4110
105 4110
126 4112
105 4208
105 4208
105 4211
105 4211
105 4408
105 4408
105 4411
105 4411
105 4413
105 4413
105 4729
105 4729
105 4732
105 4732
105 4941
105 4941
105 4945
105 4945
105 5047
105 5047
105 5050
105 5050
105 5196
105 5196
105 5198
105 5198
105 5344
105 5344
105 5347
105 5347
105 5757
105 5757
105 5793
105 5793
105 5928
105 5928
105 6036
105 6036
105 6107
105 6107
126 6146
105 6438
105 6438
105 6441
105 6441
105 6444
105 6444
105 6513
105 6513
105 6703
105 6703
105 6789
105 6789
105 6793
105 6793
105 7152
105 7152
105 7155
105 7155
105 7264
105 7264
105 7268
105 7268
105 7476
105 7476
105 7633
105 7633
126 7705
105 7726
105 7726
105 7830
105 7830
126 7873
105 8181
105 8181
105 8184
105 8184
105 8387
105 8387
105 8528
105 8528
105 8532
105 8532
105 8532
105 8532
126 8679
105 8712
105 8712
105 8715
105 8715
126 8728
105 8981
105 8981
105 8984
105 8984
105 9160
105 9160
105 9327
105 9327
105 9554
105 9554
105 9714
105 9714
105 9900
105 9900
105 9904
105 9904
105 9904
105 9904
126 10074
105 10117
105 10117
105 10288
105 10288
105 10293
105 10293
105 10320
105 10320
105 10321
105 10321
105 10497
105 10497
105 10501
105 10501
105 10634
105 10634
105 10637
105 10637
105 11130
105 11130
105 11248
105 11248
105 11251
105 11251
126 11312
105 11375
105 11375
105 11379
105 11379
126 11494
105 11610
105 11610
105 11614
105 11614
105 11614
105 11614
105 11614
105 11614
105 11768
105 11768
105 12001
105 12001
105 12089
105 12089
105 12092
105 12092
