106 785
86 1189
88 1597
89 1672
106 2697
86 3593
138 3680
106 4285
138 4473
87 4492
88 4908
97 5149
106 5178
88 5202
138 5471
106 5502
87 5537
106 6034
90 6096
87 6302
87 6335
138 6532
138 6559
138 6629
106 6830
87 6890
88 6944
88 6956
106 7099
138 7443
138 7447
106 7449
88 7655
87 7742
87 7755
87 7755
106 7929
92 7958
87 8297
87 8300
106 8325
138 8326
138 8327
87 8340
87 8343
106 8725
106 8728
106 8731
106 8734
106 8737
87 8915
87 8920
87 8936
88 8978
87 9061
106 9082
87 9084
87 9084
87 9453
87 9461
87 9464
86 9845
87 10150
91 10487
138 10580
138 10614
138 10626
106 10870
106 10873
106 10877
106 10880
87 10945
87 10983
87 11057
106 11197
106 11200
106 11203
106 11205
106 11208
87 11855
289 13227
289 13227
289 13227
289 13227
289 13227
289 13227
289 13227
289 13227
289 13227
