104 289
104 650
104 951
104 955
104 1042
104 1479
104 1555
104 1969
104 2000
104 2023
104 2033
104 2241
105 3117
105 3117
105 3120
105 3120
105 3126
105 3126
105 3162
105 3162
105 3362
105 3362
126 3742
105 3773
105 3773
104 3906
104 4105
104 4132
104 4135
104 4276
104 4302
104 4371
104 4442
104 5163
104 5169
104 5170
104 5310
104 5370
126 5393
104 5416
104 5475
104 5569
104 5756
104 5776
105 6009
105 6009
105 6012
105 6012
105 6015
105 6015
126 6235
104 6411
104 6417
104 6417
104 6418
104 6470
104 7000
104 7007
104 7034
104 7095
104 7361
105 7372
105 7372
105 7379
105 7379
104 7392
104 7427
126 7483
104 7500
104 7559
104 7829
104 7884
104 7950
105 7985
105 7985
105 7991
105 7991
105 7991
105 7991
105 8076
105 8076
105 8079
105 8079
105 8358
105 8358
105 8568
105 8568
105 8574
105 8574
105 8575
105 8575
105 8691
105 8691
105 8986
105 8986
105 8989
105 8989
126 9092
126 9095
105 9371
105 9371
105 9376
105 9376
105 9377
105 9377
105 9382
105 9382
108 9618
108 9723
108 9773
108 10009
108 10081
108 10209
108 10247
105 10393
105 10393
108 10438
104 10447
105 10748
105 10748
105 10827
105 10827
105 10830
105 10830
