104 287
104 487
104 604
104 854
104 887
104 1068
104 1445
104 1688
105 2151
105 2151
105 2154
105 2154
105 2164
105 2164
105 2393
105 2393
126 3021
104 3041
104 3460
104 3463
104 3625
126 3889
104 4178
104 4400
104 4403
104 4404
104 4404
104 4658
104 4660
126 4736
104 4964
104 5020
104 5379
104 5382
105 5623
105 5623
105 5626
105 5626
126 5705
105 5845
105 5845
105 5848
105 5848
110 6290
110 6329
110 6460
110 6513
110 6715
110 6749
105 6788
105 6788
105 6791
105 6791
105 7253
105 7253
105 7255
105 7255
105 7257
105 7257
105 7257
105 7257
105 7257
105 7257
105 7257
105 7257
110 7793
110 7797
104 8000
104 8004
104 8004
104 8250
104 8255
104 8354
126 8354
104 8462
104 8603
104 8708
104 8953
104 9124
104 9215
104 9448
104 9451
104 9451
104 9452
104 9452
104 9477
104 9480
126 9553
104 9857
104 9860
104 9861
104 9966
104 10007
104 10009
104 10011
104 10077
104 10188
104 10191
104 10198
110 10597
110 10600
104 10641
104 10644
110 10832
110 10834
110 10924
104 10978
104 10981
104 10981
104 10981
126 11037
110 11214
110 11219
110 11603
126 12026
110 12044
110 12046
110 12048
110 12048
110 12048
110 12049
110 12049
110 12049
110 12108
110 12111
110 12251
110 12255
110 12424
110 12428
110 12428
110 12428
