104 284
104 644
104 945
104 948
104 1414
104 1499
104 1567
104 1977
104 2066
104 2255
104 2493
104 2716
104 2989
104 3068
104 3184
126 3478
104 3552
104 3700
105 3853
105 3853
104 3886
104 3910
126 3997
104 4085
104 4233
104 4444
104 4537
126 4541
104 4614
104 4747
104 4750
104 4753
104 4871
104 4873
126 4967
104 4994
104 4997
104 5012
104 5013
104 5233
104 5236
104 5423
104 5428
105 5639
105 5639
105 5642
105 5642
105 5653
105 5653
104 5661
104 5664
126 5751
104 5865
104 5868
104 5871
104 6003
104 6006
104 6009
104 6026
105 6029
105 6029
105 6030
105 6030
105 6264
105 6264
105 6267
105 6267
104 6300
104 6303
104 6306
104 6398
104 6404
110 7056
110 7059
110 7062
110 7065
110 7066
105 7114
105 7114
105 7117
105 7117
105 7120
105 7120
110 7827
110 7830
110 7830
110 7830
110 7830
110 7830
110 7830
110 7832
110 7832
107 8319
107 8321
107 8321
107 8322
107 8322
107 8322
107 8377
107 8496
107 8596
110 8680
110 8682
110 8682
110 8824
110 8826
110 8826
110 8973
110 8976
110 8976
110 9080
110 9081
110 9098
104 9130
104 9133
104 9136
110 9212
110 9215
110 9332
110 9333
110 9500
110 9503
110 9503
110 9588
110 9589
110 9775
110 9778
110 9778
110 9778
105 9815
105 9815
105 9818
105 9818
105 9818
105 9818
105 9818
105 9818
105 9937
105 9937
105 9939
105 9939
105 9939
105 9939
105 10201
105 10201
105 10202
105 10202
105 10203
105 10203
110 10407
110 10408
110 10408
110 10410
110 10410
110 10410
110 10542
110 10544
110 10657
110 10721
110 10724
110 10725
110 10741
110 10771
110 10837
110 10847
110 10983
110 10986
110 11009
110 11011
110 11081
110 11099
110 11209
110 11212
105 11253
105 11253
107 11390
107 11521
107 11526
105 11539
105 11539
107 11649
110 11712
110 11715
105 11850
105 11850
105 11853
105 11853
105 11853
105 11853
105 11853
105 11853
110 11891
107 11967
107 11970
110 12010
110 12013
110 12098
110 12212
110 12333
107 12413
110 12449
105 12449
105 12449
105 12452
105 12452
105 12455
105 12455
110 12490
110 12491
110 12493
110 12496
110 12782
110 12785
110 12922
110 12923
110 13106
110 13109
110 13143
110 13146
