104 283
104 666
104 968
104 970
104 1049
104 1517
104 1587
104 1993
104 2075
104 2248
104 2730
105 3090
105 3090
105 3159
105 3159
104 3332
126 3500
126 3569
104 3670
104 3726
104 3792
104 3850
104 4249
104 4273
104 4325
126 4585
104 4620
104 4623
104 4634
104 4636
104 4639
104 4643
104 4689
104 5206
104 5209
104 5223
104 5226
104 5228
104 5298
126 5449
104 5465
104 5482
104 5799
104 5802
105 5836
105 5836
105 5839
105 5839
105 5842
105 5842
104 6072
126 6118
104 6290
104 6313
104 6401
104 6507
104 6510
104 6519
104 6522
104 6524
104 6596
104 6818
110 6908
110 6910
110 6913
110 6942
104 6969
104 6972
104 6974
104 7066
104 7138
104 7141
104 7143
110 7596
104 7732
104 7803
104 7806
104 7948
104 7951
110 8004
110 8009
110 8010
104 8032
104 8033
104 8036
104 8039
110 8274
110 8277
110 8279
104 8289
104 8328
110 8377
110 8380
104 8639
104 8642
104 8645
104 8648
104 8698
104 8734
104 8737
104 8740
104 8979
104 9012
104 9166
104 9167
104 9170
104 9272
126 9412
110 9489
110 9491
110 9494
104 9681
104 9796
104 10038
104 10051
107 10153
107 10155
107 10157
107 10160
107 10163
107 10166
107 10169
107 10673
107 10676
107 10679
107 10680
126 10700
104 10886
104 10887
104 11065
104 11067
104 11067
104 11067
104 11067
104 11069
104 11069
104 11069
110 11623
110 11625
107 11711
107 11713
107 11716
104 11794
104 11806
104 11972
104 12005
104 12187
104 12313
104 12315
104 12318
104 12321
110 12670
110 12673
110 12675
107 12774
107 12777
499 12848
499 12850
110 13303
110 13306
110 13310
110 13312
110 13315
110 13317
104 13411
104 13414
104 13417
104 13419
499 13705
499 13708
110 13909
110 13912
110 13912
110 13912
110 13912
110 13912
110 13913
110 13913
107 14837
107 14839
107 14841
107 14844
107 14849
107 14850
110 15236
110 15239
110 15239
110 15239
110 15629
110 15632
110 15632
110 15632
104 16032
104 16034
104 16036
104 16057
104 16058
112 16184
112 16186
112 16188
112 16191
112 16194
112 16197
112 16199
110 16605
110 16608
110 16608
110 16608
110 16610
110 16610
110 16610
110 16610
110 16610
104 17061
104 17064
104 17067
104 17070
104 17073
104 17074
104 17077
110 17479
110 17480
110 17483
110 17486
110 17489
107 17563
107 17566
107 17568
107 17571
104 17600
104 17603
104 17605
104 17613
104 17615
104 17618
110 18310
110 18312
110 18315
110 18317
104 18355
104 18357
104 18357
104 18358
104 18358
104 18358
107 18391
107 18394
107 18397
107 18400
107 18401
107 19167
107 19170
107 19173
107 19173
107 19173
112 19681
112 19683
112 19685
112 19688
112 19691
112 19694
112 19696
112 19702
107 19790
107 19793
107 19796
107 19799
107 19802
107 20296
107 20298
107 20301
107 20304
107 20307
107 20624
107 20627
107 20629
107 20632
107 20635
107 20638
107 20641
107 20644
107 20647
107 20745
107 20747
107 20749
107 20811
107 20814
107 20817
107 20819
107 20821
107 20824
107 20827
107 20830
107 20973
107 20976
104 21362
112 21385
112 21388
112 21391
112 21392
112 21396
104 22597
104 22599
112 22761
112 22764
112 22765
112 22768
112 22771
112 22774
112 23268
112 23269
112 23269
112 23271
112 23271
112 23271
107 23983
107 23986
107 23988
107 23988
107 23989
107 23989
107 23989
107 23989
107 23989
107 23989
107 23991
