104 290
104 672
104 957
104 957
104 1253
104 1341
104 1865
104 1971
104 2266
105 2333
105 2333
105 2353
105 2353
104 2483
126 3236
110 3499
110 3502
110 3601
110 3604
110 3847
104 3895
104 4106
104 4223
104 4326
126 4371
104 4503
104 4519
104 4519
104 4714
104 4984
104 4987
104 5048
104 5186
104 5187
104 5357
104 5547
104 5780
104 5809
104 5831
105 6041
105 6041
104 6067
126 6141
104 6215
104 6257
104 6260
104 6277
104 6280
104 6283
104 6286
104 6378
105 6775
105 6775
126 6979
105 7122
105 7122
105 7124
105 7124
105 7124
105 7124
105 7124
105 7124
105 7124
105 7124
105 7124
105 7124
105 7379
105 7379
105 7382
105 7382
126 7498
105 7667
105 7667
105 7670
105 7670
105 7670
105 7670
105 7670
105 7670
105 7670
105 7670
105 7670
105 7670
105 7671
105 7671
126 7916
105 8036
105 8036
105 8039
105 8039
105 8041
105 8041
105 8043
105 8043
104 8301
104 8302
104 8302
104 8302
104 8302
105 8313
105 8313
105 8316
105 8316
105 8319
105 8319
105 8516
105 8516
105 8519
105 8519
105 8519
105 8519
104 8571
104 8638
104 8640
104 8816
104 8897
104 8897
104 8897
104 8897
104 8897
104 8898
104 9097
104 9203
104 9205
104 9412
105 9573
105 9573
105 9576
105 9576
105 9576
105 9576
105 9576
105 9576
105 9667
105 9667
105 9669
105 9669
105 9669
105 9669
105 9701
105 9701
105 9704
105 9704
126 9810
105 9894
105 9894
105 9969
105 9969
105 9972
105 9972
105 9975
105 9975
105 10147
105 10147
105 10150
105 10150
105 10150
105 10150
105 10150
105 10150
105 10205
105 10205
105 10208
105 10208
105 10208
105 10208
105 10208
105 10208
9 10236
9 10237
9 10239
9 10239
9 10239
9 10239
105 10254
105 10254
105 10255
105 10255
105 10255
105 10255
9 10367
9 10370
105 10388
105 10388
105 10480
105 10480
105 10483
105 10483
