104 290
104 670
104 980
104 980
104 1437
104 1515
104 1587
104 2009
104 2078
104 2115
104 2290
105 3095
105 3095
105 3097
105 3097
105 3118
105 3118
105 3121
105 3121
105 3355
105 3355
126 3523
126 3526
104 4011
104 4014
104 4016
104 4076
104 4319
104 4352
104 4375
104 4465
104 4466
104 4554
104 4611
104 4760
104 4760
104 4840
104 4843
104 5107
104 5118
104 5173
104 5258
104 5363
104 5458
104 5518
104 5520
104 5560
104 5834
104 5836
104 5986
104 6024
104 6113
104 6258
104 6352
104 6365
110 6864
110 6867
110 6867
110 6867
110 7085
110 7088
110 7260
110 7262
110 7265
110 7660
110 7663
110 7666
110 7747
110 7750
110 7921
105 8003
105 8003
105 8004
105 8004
105 8007
105 8007
105 8210
105 8210
105 8213
105 8213
105 8282
105 8282
105 8285
105 8285
105 8318
105 8318
105 8355
105 8355
105 8431
105 8431
105 8508
105 8508
105 8511
105 8511
105 8514
105 8514
105 8586
105 8586
105 8765
105 8765
105 8885
105 8885
105 8993
105 8993
105 8996
105 8996
105 8997
105 8997
105 8997
105 8997
105 9073
105 9073
105 9076
105 9076
105 9076
105 9076
105 9153
105 9153
105 9156
105 9156
105 9415
105 9415
105 9418
105 9418
105 9418
105 9418
105 9992
105 9992
105 9995
105 9995
105 9995
105 9995
105 9995
105 9995
105 9996
105 9996
105 10038
105 10038
110 10208
110 10211
110 10341
110 10447
110 10450
110 10450
110 10450
110 10450
110 10450
104 10483
104 10486
110 10535
104 10592
110 10606
104 10676
104 10722
110 10981
104 11099
104 11102
104 11103
104 11132
126 11133
104 11135
110 11141
110 11144
110 11351
110 11354
110 11360
110 11987
110 11989
110 11992
110 11995
110 12048
110 12051
110 12136
110 12139
110 12229
110 12301
110 12304
110 12360
110 12363
110 12473
110 12474
110 12572
110 12745
110 12821
110 12822
110 12825
110 12828
110 12834
110 13280
110 13283
110 13283
110 13591
110 13676
110 13679
110 14227
110 14229
110 14285
110 14424
110 14427
110 14427
110 14429
110 14429
