104 289
104 663
104 960
104 960
104 1426
104 1505
104 1586
104 2005
104 2066
104 2246
104 2485
104 2737
104 2981
104 3209
104 3212
104 3456
104 3460
126 3498
126 3501
104 3707
104 3712
104 3990
104 4026
104 4059
104 4185
104 4188
126 4300
104 4400
104 4535
104 4535
104 4535
104 4537
104 4537
104 4537
105 5196
105 5196
105 5198
105 5198
105 5198
105 5198
105 5367
105 5367
105 5371
105 5371
110 5546
110 5579
110 5739
126 5889
110 5891
126 5892
104 6002
104 6035
110 6191
110 6194
110 6197
104 6738
104 6742
104 6745
126 6953
110 7178
110 7183
110 7273
110 7460
110 7463
110 7567
110 7613
110 7774
110 7886
104 8142
