104 287
104 679
104 994
104 994
104 1442
104 1534
104 1600
104 2029
104 2100
104 2274
104 2524
104 2762
104 3031
104 3258
104 3306
104 3471
104 3486
126 3536
126 3540
104 3718
104 3722
105 4195
105 4195
104 4292
104 4295
104 4496
104 4499
104 4575
104 4578
104 4578
104 4580
104 4580
104 5004
104 5202
104 5205
126 5334
104 5482
105 5617
105 5617
105 5622
105 5622
105 5622
105 5622
105 5622
105 5622
105 5622
105 5622
104 5894
104 5897
104 5900
110 6168
110 6171
110 6172
110 6172
110 6172
104 6437
110 6456
110 6460
110 6460
110 6460
110 6460
104 6608
104 6612
104 6703
104 6707
104 6940
104 6989
104 6992
104 6992
104 7059
110 7622
110 7627
104 7711
104 7713
104 7716
110 7904
110 7907
110 7908
110 8061
110 8118
110 8166
110 8291
110 8294
110 8295
110 8432
110 8435
110 8436
110 8513
110 8678
110 8681
110 8681
110 8682
110 8885
110 8888
110 8888
110 8890
110 9395
110 9398
110 9398
110 9399
110 9704
110 9709
110 9709
110 9709
110 10059
110 10061
110 10061
110 10061
110 10063
110 10063
110 10063
110 10276
110 10279
110 10279
110 10280
110 10280
110 10778
110 10781
110 10783
110 10783
110 10783
110 10784
110 10784
110 10784
110 10880
110 10883
110 11109
110 11112
110 11112
110 11114
110 11255
110 11258
110 11259
110 11507
110 11510
110 11511
110 11511
110 11511
110 11605
110 11609
110 11790
110 11795
110 11795
110 12121
110 12126
110 12126
110 12126
110 12126
110 12416
110 12419
110 12421
110 12421
110 12421
110 12421
126 12720
110 12812
110 12817
110 12817
110 12817
110 12817
110 12818
110 12972
110 12975
110 12976
110 12976
110 12976
104 13074
104 13077
104 13077
104 13077
104 13078
104 13078
104 13597
104 13599
104 13599
104 13599
104 13601
104 13601
104 13601
