104 300
104 676
104 975
104 978
104 1463
104 1554
104 1607
104 2029
104 2118
104 2257
104 2508
104 3042
104 3045
104 3260
104 3263
104 3535
104 3536
126 3559
126 3560
104 3777
104 4052
105 4090
105 4090
104 4195
105 4385
105 4385
104 4414
104 4442
104 4583
104 4637
104 4640
104 4659
104 4660
105 4762
105 4762
104 4921
9 5051
9 5052
126 5324
105 5414
105 5414
9 5415
9 5419
105 5422
105 5422
105 5422
105 5422
105 5423
105 5423
105 5423
105 5423
105 5424
105 5424
105 5424
105 5424
105 5426
105 5426
105 5617
105 5617
104 5618
104 5655
104 5855
104 5857
104 5858
104 5992
105 6085
105 6085
104 6093
104 6334
104 6337
104 6389
104 6391
104 6463
110 7308
110 7314
110 7315
110 7316
110 7316
110 7318
110 7318
110 7319
110 7319
110 7350
110 7420
110 7573
110 7574
105 7608
105 7608
105 7610
105 7610
105 7615
105 7615
105 7615
105 7615
105 7712
105 7712
105 7719
105 7719
104 7761
104 7762
104 7765
104 7892
104 7893
104 7903
104 7937
104 7975
104 8153
104 8154
104 8157
104 8176
104 8177
104 8194
104 8197
104 8422
104 8423
104 8520
104 8522
104 8524
104 8694
104 8728
104 8730
104 8940
110 9018
110 9021
110 9193
110 9195
110 9198
110 9386
110 9394
110 9458
110 9501
9 9559
9 9562
110 9609
110 9611
110 9643
110 9694
110 9785
110 9787
110 9902
110 9905
110 9906
110 9909
110 9951
110 9978
110 10059
110 10184
110 10328
110 10331
110 10515
110 10518
110 10524
110 10524
110 10525
110 10552
110 10555
110 10557
110 10616
110 10629
110 10788
110 10842
110 10954
110 10957
110 10958
110 10975
110 11011
104 11043
104 11044
104 11046
110 11046
110 11118
110 11371
110 11373
110 11376
110 11534
110 11625
110 11662
110 11761
110 11903
110 11904
110 11907
126 11964
110 11973
110 11976
110 12137
110 12140
110 12141
110 12366
110 12402
110 12477
110 12543
110 12546
110 12858
110 12860
110 12863
110 12953
110 12955
110 13064
110 13152
110 13153
110 13235
110 13345
104 13383
104 13385
110 13446
110 13447
110 13450
104 13532
104 13533
104 13548
104 13608
104 13743
104 13745
104 13746
104 13776
104 13778
104 14188
104 14190
104 14204
107 14493
107 14499
107 15021
107 15023
107 15026
110 15137
107 15204
107 15207
110 15232
110 15235
110 15236
107 15443
107 15648
107 15658
107 15806
107 15871
107 15875
107 15876
107 15876
110 15965
107 16006
107 16007
107 17120
107 17193
107 17198
107 17309
107 17778
107 17781
107 17782
107 17923
107 17925
107 17926
107 18443
107 18881
107 19214
107 19216
107 19289
107 19328
110 19487
110 19488
110 19506
110 19509
110 19510
110 19522
110 19523
110 19592
110 19595
110 19608
110 19611
110 19638
110 19641
110 19642
110 19677
110 19684
110 19684
110 19686
110 19686
110 19687
110 19687
110 19689
110 19689
110 19690
110 19690
110 19724
110 19807
110 19847
499 20603
107 20661
107 20664
107 20853
107 20854
107 20962
107 21181
107 21293
107 21384
107 21437
107 21580
107 21673
107 21782
110 21907
107 21918
499 22141
107 22206
107 22250
107 22342
107 22443
107 22653
499 22662
107 22792
107 22897
107 22944
110 23088
110 23091
110 23093
104 23147
104 23149
110 23195
104 23198
110 23732
107 23759
107 23953
107 24061
110 24247
107 24283
110 24312
110 24516
107 24542
104 24705
104 24706
104 24708
499 24903
107 25103
104 25389
104 25408
107 25506
107 25652
104 25725
104 25728
104 25734
107 25784
499 26260
107 26367
104 26523
104 26524
499 26600
110 26627
110 26628
107 26903
110 26925
107 27173
110 27561
107 27594
107 27748
110 27855
110 28096
110 28099
110 28151
110 28214
110 28315
110 28409
110 28668
