106 692
86 1237
88 1549
89 1644
106 2860
86 3484
138 3776
106 4246
87 4287
87 4886
138 4894
97 5203
106 5295
138 5579
87 5728
87 5746
88 5826
99 5959
106 6038
99 6041
138 6119
88 6506
99 6598
106 6720
106 6723
106 7113
106 7116
87 7126
106 7269
87 7295
87 7311
87 7330
106 7667
94 8077
87 8152
289 8385
289 8385
289 8385
289 8385
289 8385
289 8385
289 8385
289 8385
289 8385
88 8485
88 8485
86 8575
138 9275
138 9281
106 9298
87 9334
12 9367
12 9370
12 9373
138 9472
138 9508
13 9884
13 9886
13 9889
106 9956
106 9959
106 9962
106 9975
87 10240
87 10243
12 10363
12 10365
12 10366
13 10370
13 10372
13 10373
106 10513
489 11258
489 11258
489 11258
489 11258
489 11258
489 11258
489 11258
489 11258
489 11258
489 11258
489 11258
489 11258
489 11258
489 11258
