104 292
104 672
104 968
104 973
104 1443
104 1512
104 1600
104 2020
104 2085
104 2248
104 2730
104 3091
105 3165
105 3165
104 3224
104 3289
104 3447
104 3457
126 3550
126 3555
104 3915
104 4004
104 4087
104 4176
104 4181
104 4223
104 4408
104 4639
104 4642
104 4666
104 4673
104 4675
104 4696
104 4931
126 4960
104 5078
104 5164
104 5259
104 5317
104 5320
104 5323
104 5348
104 5351
105 5514
105 5514
105 5518
105 5518
105 5675
105 5675
105 5714
105 5714
105 5760
105 5760
105 6005
105 6005
9 6014
9 6020
9 6021
9 6021
126 6042
105 6065
105 6065
105 6095
105 6095
105 6102
105 6102
9 6106
9 6108
105 6138
105 6138
105 6146
105 6146
105 6232
105 6232
105 6238
105 6238
105 6272
105 6272
105 6327
105 6327
105 6451
105 6451
105 6543
105 6543
105 6609
105 6609
105 6852
105 6852
105 6855
105 6855
105 6858
105 6858
105 6870
105 6870
105 6877
105 6877
105 6878
105 6878
105 6878
105 6878
105 6880
105 6880
105 6880
105 6880
105 6881
105 6881
105 6911
105 6911
105 6930
105 6930
105 7055
105 7055
105 7071
105 7071
105 7130
105 7130
9 7171
9 7171
9 7173
9 7174
9 7174
9 7176
105 7266
105 7266
105 7316
105 7316
105 7358
105 7358
9 7499
9 7501
104 7749
105 7774
105 7774
105 7781
105 7781
105 7782
105 7782
105 7782
105 7782
105 7784
105 7784
104 7984
105 7992
105 7992
105 8056
105 8056
105 8080
105 8080
105 8112
105 8112
105 8116
105 8116
9 8173
9 8176
105 8352
105 8352
105 8355
105 8355
105 8388
105 8388
105 8459
105 8459
9 8510
9 8516
9 8516
9 8517
105 8550
105 8550
105 8561
105 8561
126 8583
126 8586
105 8701
105 8701
105 8728
105 8728
9 8762
105 8863
105 8863
105 8876
105 8876
105 8891
105 8891
105 8907
105 8907
105 8951
105 8951
105 9079
105 9079
105 9105
105 9105
105 9215
105 9215
