104 286
104 670
104 970
104 974
104 1433
104 1525
104 1600
104 2019
104 2084
104 2271
104 2723
104 2998
105 3127
105 3127
104 3225
104 3319
104 3476
104 3506
126 3520
126 3536
104 3850
104 3941
104 4106
104 4305
104 4308
104 4550
104 4551
104 4554
104 4557
105 4843
105 4843
105 4852
105 4852
105 4942
105 4942
105 4947
105 4947
126 5026
105 5046
105 5046
105 5368
105 5368
105 5374
105 5374
105 5376
105 5376
105 5376
105 5376
105 5377
105 5377
105 5377
105 5377
105 5378
105 5378
105 5602
105 5602
105 5604
105 5604
105 5609
105 5609
