106 696
86 1130
88 1614
89 1766
86 2443
106 3356
138 3725
87 4397
106 4413
138 4467
87 5011
106 5026
87 5110
138 5157
90 5271
99 5402
99 5518
106 5602
87 5708
87 5718
99 5728
106 5741
138 6002
106 6376
87 6483
87 6492
138 6493
138 6505
87 6512
88 6628
106 6927
88 7099
106 7109
97 7152
96 7425
88 7810
87 7908
87 7910
87 7911
88 7983
87 8169
91 8325
86 8367
106 8416
106 8578
88 9155
87 9191
87 9222
87 9225
87 9255
138 9389
138 9421
106 9422
138 9463
106 9645
87 9908
87 9911
87 9974
87 9977
87 10033
94 10268
88 10330
106 10432
88 10444
106 10568
106 10669
87 11134
87 11142
87 11154
87 11156
87 11197
87 11204
138 11216
92 11509
87 11566
106 11588
106 11614
106 11624
87 11679
87 11690
87 11698
87 11702
87 11773
87 11917
87 12212
87 12406
87 12417
106 12600
106 12685
106 12877
87 13813
87 13831
87 13874
87 13899
87 13914
87 13918
87 13941
87 15324
87 15356
86 15622
12 15866
12 15868
12 15869
289 16124
289 16128
289 16129
289 16130
289 16133
289 16136
289 16141
289 16145
289 16225
289 16226
289 16229
289 16237
289 16239
289 16242
289 16250
289 16255
289 16261
289 16261
289 16277
289 16298
289 16313
289 16320
289 16342
289 16349
289 16358
289 16369
289 16372
289 16380
289 16383
289 16387
289 16388
289 16389
289 16392
289 16392
289 16406
289 16412
289 16414
289 16417
289 16435
289 16438
289 16441
289 16443
289 16445
289 16461
289 16463
289 16466
289 16479
289 16480
289 16483
289 16503
289 16503
289 16506
