89 382
106 1291
86 2032
106 2973
88 4490
88 4827
88 4871
106 5577
106 5770
106 5836
106 5970
97 6253
90 6270
138 6586
88 6852
106 6902
106 7119
106 7382
106 7385
106 7525
90 7583
97 7941
289 8113
289 8113
289 8113
289 8113
289 8113
289 8113
289 8132
289 8132
289 8132
289 8132
289 8132
289 8132
90 8250
92 8402
87 8569
106 8803
86 8867
106 9468
106 9471
106 9647
106 9649
106 9835
106 9838
106 9896
289 10050
289 10050
289 10050
289 10050
289 10050
289 10050
97 10354
289 10519
289 10519
289 10519
289 10519
289 10519
289 10519
90 10637
90 10642
289 10734
289 10734
289 10734
289 10734
289 10734
289 10734
289 11295
289 11295
289 11295
289 11295
289 11295
289 11295
289 11295
289 11295
289 11295
289 11704
289 11704
289 11704
289 11704
289 11704
289 11704
