104 289
104 466
104 804
104 1092
104 1095
104 1531
104 1604
104 2013
104 2074
104 2200
104 2301
104 2488
104 2737
105 3186
105 3186
105 3189
105 3189
104 3234
126 3583
126 3586
104 3805
104 3944
104 4013
104 4046
104 4121
104 4289
104 4329
126 4448
104 4686
104 4689
104 4711
104 4740
104 5062
104 5086
104 5122
126 5381
105 5419
105 5419
105 5443
105 5443
105 5482
105 5482
105 5527
105 5527
126 5558
104 5574
104 5577
104 5645
104 5648
104 5682
126 5793
104 5911
104 5936
104 6277
104 6317
104 6323
105 6336
105 6336
105 6339
105 6339
104 6381
126 6393
104 6474
104 6484
104 6588
104 6589
104 6605
104 6624
104 6710
104 6712
104 6746
105 7129
105 7129
104 7233
105 7309
105 7309
104 7331
126 7384
104 7436
104 7492
104 7495
104 7505
104 7519
104 7564
104 7578
104 7752
110 8036
110 8039
110 8040
110 8040
110 8042
104 8121
104 8124
104 8296
104 8312
110 8367
110 8370
110 8373
104 8417
104 8419
104 8423
104 8426
104 8429
104 8656
104 8659
104 8662
110 8698
110 8701
104 8786
104 8789
104 8961
104 8964
104 9016
104 9156
104 9159
104 9162
104 9222
104 9504
104 9521
104 9554
104 9587
126 9606
104 9720
110 9763
110 9766
110 9768
104 10201
104 10204
104 10207
104 10209
104 10381
104 10382
104 10385
104 10420
104 10430
104 10440
110 10680
110 10682
107 10998
107 11002
107 11217
107 11218
126 11224
107 11371
107 11372
107 11375
104 11852
104 11855
107 11857
104 11863
107 11863
104 11899
104 11938
104 11941
104 11976
104 12023
104 12026
107 12026
107 12027
104 12029
107 12030
104 12384
104 12860
499 12886
499 12909
499 12958
107 13033
107 13036
107 13039
107 13267
107 13270
107 13271
107 13275
107 13542
107 13543
104 13706
104 13709
104 13712
104 13715
107 13804
110 13808
110 13810
110 13816
499 13874
499 13877
107 13909
107 14045
107 14048
110 14128
110 14131
104 14310
104 14313
104 14316
110 14324
110 14327
107 14417
107 14626
107 14628
107 14634
104 15062
104 15112
104 15115
107 15119
107 15125
107 15126
107 15126
107 15128
107 15128
110 15962
110 15969
110 15970
110 15970
110 15972
110 15972
110 15980
110 15980
107 16007
107 16013
107 16015
107 16015
107 16016
107 16016
107 16017
110 16107
110 16114
110 16114
110 16257
110 16381
110 16388
110 16389
110 16496
110 16502
110 16502
107 16589
110 16612
110 16620
110 16620
110 16621
110 16621
110 16622
110 16622
110 16624
110 16679
110 16681
110 16720
110 16739
110 16779
110 16820
110 16903
104 16925
104 16927
110 16939
107 16965
110 16987
110 17010
110 17060
110 17165
110 17177
104 17212
104 17215
104 17233
110 17234
104 17250
499 17523
499 17527
107 17565
107 17615
107 17677
107 17808
107 17811
110 17882
110 17886
110 17908
107 17977
110 18033
110 18107
107 18126
107 18182
110 18253
110 18255
110 18258
110 18265
110 18322
110 18410
110 18413
110 18416
110 18489
110 18540
104 18581
104 18584
104 18587
110 18619
110 18622
104 18668
104 18671
499 18873
110 18890
110 18957
110 18960
107 18984
110 18995
110 19205
110 19208
107 19298
110 19316
110 19319
499 19362
499 19365
110 19393
107 19409
110 19412
107 19487
110 19487
110 19552
110 19598
110 19601
107 19646
110 19681
107 19767
107 20049
107 20051
107 20054
107 20075
107 20078
107 20080
107 20082
107 20357
104 20607
107 20783
107 20788
107 20791
107 20792
107 20795
107 20798
107 20801
107 20804
107 20808
110 20965
110 20996
110 21021
107 21043
110 21053
110 21068
110 21108
110 21119
110 21186
110 21188
110 21201
110 21295
110 21298
107 21903
107 21911
107 21911
107 21912
107 21912
107 21913
107 21913
107 21915
107 22014
107 22020
104 22131
104 22134
104 22163
104 22166
107 22234
107 22240
107 22635
107 22642
107 22642
107 22643
107 22643
107 22645
107 22645
107 22646
107 22648
110 22696
107 22720
107 22733
110 22773
110 22775
110 22851
110 22854
110 22868
110 22870
110 22884
110 22887
110 22911
110 22950
110 22986
110 22988
110 23086
104 23088
110 23088
110 23091
104 23091
104 23094
110 23136
110 23171
