106 715
86 1103
88 1588
89 1685
86 3199
106 3430
138 3697
106 4190
138 4304
87 4379
87 4867
106 4873
138 4972
87 5107
138 5202
87 5439
87 5511
138 5514
106 5556
106 5759
87 5891
87 5929
138 5943
106 5950
87 5973
96 6446
97 6474
87 6520
99 6571
99 6600
87 6649
87 6666
87 6748
88 6839
138 6865
87 6948
106 7463
88 7828
87 7862
88 7862
87 8019
90 8026
86 8064
90 8069
87 8328
87 8452
87 8457
138 8504
138 8524
87 8660
138 8692
138 8706
96 8778
88 8821
88 8847
106 8907
87 8946
138 9036
87 9088
138 9188
87 9231
106 9235
87 9237
87 9259
87 9273
87 9275
87 9305
87 9315
106 9602
94 9626
87 9655
87 9709
87 9742
138 9791
106 9858
106 9861
87 9918
86 9934
87 9936
87 9982
87 9985
87 10074
106 10448
138 10548
138 10566
87 10871
87 10931
87 10955
87 10965
87 10968
106 10982
106 11148
87 11272
86 11436
87 11479
106 11489
138 11496
87 11930
87 11943
106 12085
106 12088
106 12091
106 12094
106 12098
86 12218
88 12253
92 12286
87 12331
87 12365
87 12371
87 12406
99 12598
98 12605
99 12618
93 12689
87 12744
106 12849
138 12924
138 12938
88 13275
