104 300
104 657
104 1004
104 1006
104 1427
104 1512
104 1584
104 2007
104 2074
104 2078
104 2144
104 2275
104 2552
105 3140
105 3140
105 3143
105 3143
104 3188
126 3510
104 3633
104 3684
126 3841
104 3861
104 3864
104 3903
104 4203
104 4204
104 4224
126 4580
104 4717
104 4724
104 4724
104 4725
104 4725
104 4960
104 5111
105 5116
105 5116
105 5121
105 5121
104 5128
126 5289
126 5426
104 5523
104 5526
104 5527
104 5638
104 5641
104 5701
105 5866
105 5866
105 5869
105 5869
105 5872
105 5872
104 5929
104 5992
104 6229
126 6265
104 6286
104 6316
104 6360
104 6440
104 6441
104 6448
104 6624
104 6627
104 6628
104 6774
104 6776
105 6779
105 6779
104 6782
105 6788
105 6788
104 6807
104 6942
104 7142
104 7143
104 7145
104 7148
104 7149
104 7152
104 7194
104 7300
104 7302
104 7329
104 7331
104 7374
104 7449
104 7682
104 7695
104 7729
104 7811
104 7892
104 7893
104 7911
104 7912
105 8167
105 8167
105 8172
105 8172
105 8172
105 8172
105 8174
105 8174
105 8175
105 8175
105 8203
105 8203
105 8528
105 8528
105 8534
105 8534
105 8535
105 8535
105 8535
105 8535
105 8537
105 8537
104 8617
104 8620
104 8622
105 8850
105 8850
105 8856
105 8856
105 8858
105 8858
105 8858
105 8858
9 8927
9 8933
9 8939
9 9122
9 9125
9 9152
9 9155
9 9156
9 9159
105 9252
105 9252
105 9258
105 9258
105 9265
105 9265
105 9361
105 9361
105 9369
105 9369
105 9369
105 9369
105 9370
105 9370
126 9377
105 9485
105 9485
105 9491
105 9491
105 9491
105 9491
104 9575
104 9576
104 9578
105 9596
105 9596
105 9603
105 9603
105 9603
105 9603
105 9605
105 9605
105 9606
105 9606
104 9684
9 9706
9 9708
104 9899
105 9904
105 9904
104 10061
104 10211
104 10231
104 10233
104 10234
104 10237
107 10342
107 10345
107 10346
104 10441
104 10444
9 10445
9 10447
107 10529
107 10537
104 10539
104 10542
104 10543
104 10546
126 10572
104 10590
104 10601
104 10700
104 10728
9 10863
9 10882
9 10885
105 11070
105 11070
105 11077
105 11077
105 11079
105 11079
105 11079
105 11079
105 11080
105 11080
105 11080
105 11080
105 11082
105 11082
105 11082
105 11082
105 11083
105 11083
105 11083
105 11083
104 11253
104 11318
107 11649
107 11652
107 11749
107 11752
107 11754
107 11883
107 11885
104 12043
104 12045
104 12046
104 12049
104 12098
104 12101
9 12227
9 12232
9 12232
9 12234
9 12234
107 12397
107 12399
107 12402
107 12403
105 12462
105 12462
105 12469
105 12469
105 12469
105 12469
105 12471
105 12471
105 12766
105 12766
105 12773
105 12773
105 12773
105 12773
105 12773
105 12773
105 12774
105 12774
105 12774
105 12774
105 12776
105 12776
104 12962
105 12966
105 12966
105 12972
105 12972
105 12973
105 12973
105 12974
105 12974
105 12974
105 12974
105 12976
105 12976
105 12976
105 12976
105 12977
105 12977
9 13060
9 13063
9 13064
9 13067
107 13301
105 13389
105 13389
105 13395
105 13395
105 13396
105 13396
105 13398
105 13398
105 13398
105 13398
105 13399
105 13399
105 13399
105 13399
107 13405
107 13406
105 13598
105 13598
105 13603
105 13603
105 13605
105 13605
105 13605
105 13605
105 13606
105 13606
105 13773
105 13773
105 13779
105 13779
105 13780
105 13780
105 13780
105 13780
104 13923
104 13941
104 13943
105 13947
105 13947
105 13955
105 13955
105 13955
105 13955
105 13955
105 13955
105 13956
105 13956
105 14009
105 14009
105 14015
105 14015
105 14015
105 14015
104 14015
105 14017
105 14017
105 14017
105 14017
105 14018
105 14018
105 14018
105 14018
105 14019
105 14019
104 14048
9 14066
9 14069
9 14071
9 14073
9 14075
104 14081
107 14330
107 14332
105 14359
105 14359
105 14366
105 14366
105 14366
105 14366
105 14387
105 14387
105 14394
105 14394
105 14464
105 14464
9 14472
9 14474
9 14475
104 14577
104 14578
107 14579
107 14581
107 14582
105 14791
105 14791
105 14797
105 14797
105 14798
105 14798
105 14798
105 14798
105 14800
105 14800
105 14800
105 14800
105 14801
105 14801
105 14803
105 14803
105 14803
105 14803
499 14817
499 14820
105 14905
105 14905
105 15004
105 15004
105 15010
105 15010
105 15011
105 15011
105 15011
105 15011
9 15077
9 15083
9 15083
105 15216
105 15216
105 15221
105 15221
105 15223
105 15223
105 15283
105 15283
105 15289
105 15289
105 15306
105 15306
105 15312
105 15312
105 15314
105 15314
105 15404
105 15404
105 15410
105 15410
105 15411
105 15411
105 15411
105 15411
105 15413
105 15413
105 15413
105 15413
105 15414
105 15414
105 15463
105 15463
105 15469
105 15469
112 15942
9 15945
112 15948
112 15948
112 15950
112 15950
9 15951
9 15951
9 15952
9 15953
9 15953
9 15953
9 15955
9 15956
105 15993
105 15993
105 15999
105 15999
105 16000
105 16000
112 16026
112 16029
9 16102
9 16103
9 16105
9 16107
105 16122
105 16122
105 16320
105 16320
105 16327
105 16327
105 16327
105 16327
105 16328
105 16328
105 16328
105 16328
9 16423
9 16426
9 16427
105 16458
105 16458
105 16465
105 16465
105 16517
105 16517
105 16523
105 16523
105 16524
105 16524
9 16585
9 16597
9 16598
9 16601
9 16607
9 16607
9 16608
9 16699
105 16878
105 16878
105 16884
105 16884
105 16884
105 16884
105 16885
105 16885
105 16885
105 16885
105 16988
105 16988
105 16993
105 16993
105 16993
105 16993
105 17496
105 17496
105 17501
105 17501
105 17503
105 17503
105 17503
105 17503
105 17504
105 17504
105 17504
105 17504
105 17506
105 17506
105 17509
105 17509
126 17514
105 17801
105 17801
105 17807
105 17807
105 17808
105 17808
105 17808
105 17808
105 17928
105 17928
105 17935
105 17935
105 17935
105 17935
105 17936
105 17936
105 17936
105 17936
105 17938
105 17938
105 17938
105 17938
105 17939
105 17939
105 18084
105 18084
105 18092
105 18092
105 18092
105 18092
105 18093
105 18093
105 18093
105 18093
105 18095
105 18095
105 18309
105 18309
105 18315
105 18315
105 18316
105 18316
105 18316
105 18316
107 18368
107 18370
107 18371
107 18374
104 18502
104 18504
104 18506
104 18508
112 18654
112 18657
9 18713
9 18716
112 18827
105 18834
105 18834
105 18840
105 18840
105 18842
105 18842
105 18842
105 18842
112 18975
104 19202
104 19205
105 19394
105 19394
105 19521
105 19521
105 19527
105 19527
9 19549
9 19555
9 19555
9 19556
9 19556
9 19558
9 19558
9 19561
9 19598
9 19604
9 19604
9 19605
9 19605
9 19607
9 19608
9 19608
105 19776
105 19776
105 19782
105 19782
105 19783
105 19783
105 19783
105 19783
105 19784
105 19784
105 19786
105 19786
105 19786
105 19786
105 19786
105 19786
105 19787
105 19787
105 19787
105 19787
105 19789
105 19789
105 19908
105 19908
105 19914
105 19914
105 19915
105 19915
9 20056
9 20059
107 20170
107 20173
9 20311
9 20316
9 20316
9 20318
9 20318
9 20319
9 20319
9 20321
9 20321
9 20322
9 20322
105 20324
105 20324
105 20330
105 20330
105 20331
105 20331
107 20388
9 20433
9 20439
9 20440
9 20440
112 20442
112 20445
9 20449
105 20477
105 20477
105 20603
105 20603
105 20611
105 20611
105 20611
105 20611
105 20779
105 20779
105 20785
105 20785
105 20786
105 20786
105 20786
105 20786
105 21076
105 21076
105 21081
105 21081
105 21083
105 21083
112 21222
105 21296
105 21296
