104 286
104 653
104 957
104 1344
104 1436
104 1517
104 1671
104 2074
104 2206
104 2353
104 2635
105 3130
105 3130
105 3156
105 3156
104 3178
104 3271
104 3374
126 3537
126 3540
104 3572
104 3604
104 3758
104 4214
104 4256
104 4378
104 4421
126 4628
104 4647
104 4655
104 4708
104 4712
104 4715
104 4781
104 4786
104 4797
104 5220
104 5223
104 5350
104 5357
104 5360
104 5407
105 5593
105 5593
126 5666
105 5688
105 5688
104 5708
104 5713
104 5770
104 5792
104 5854
104 5960
110 6558
110 6564
110 6565
110 6565
110 6608
110 6613
110 6693
110 6697
110 6909
104 7139
104 7142
104 7146
110 7184
110 7187
110 7355
104 7413
104 7416
104 7420
104 7677
104 7725
104 7729
110 7960
110 7964
110 8062
104 8122
126 8185
110 8264
110 8268
104 8439
104 8443
104 8448
110 8572
110 8576
104 8699
104 8710
104 8809
104 9278
104 9311
110 9335
110 9342
110 9342
110 9343
110 9343
110 9345
105 9423
105 9423
104 9687
104 9691
104 9694
104 9829
104 9834
104 9841
110 9876
110 9883
110 9883
110 9884
110 9972
110 10133
110 10139
110 10300
110 10306
110 10308
110 10308
110 10414
110 10420
110 10420
105 10441
105 10441
105 10447
105 10447
110 10488
104 10733
104 10843
104 10847
104 10849
104 10863
104 10913
104 10916
104 10919
104 10958
104 10962
104 10965
110 11180
110 11186
110 11186
110 11521
110 11527
110 11527
110 11528
110 11528
110 11530
110 11530
126 11785
105 12250
105 12250
105 12256
105 12256
105 12258
105 12258
105 12258
105 12258
105 12259
105 12259
105 12259
105 12259
105 12260
105 12260
105 12260
105 12260
105 12262
105 12262
110 12284
110 12291
110 12291
110 12293
110 12435
110 12442
110 12442
110 12444
110 12444
110 12628
110 12635
110 12635
110 12913
110 12920
110 12920
110 12922
110 12923
110 13022
110 13028
126 13071
126 13091
110 13110
110 13116
110 13117
110 13117
110 13119
110 13296
110 13303
110 13305
110 13305
110 13305
110 13306
110 13307
110 13459
110 13602
110 13608
110 13679
126 13753
110 13775
110 13781
110 13781
110 13782
110 13967
110 13972
110 14037
110 14042
126 14113
110 14180
126 14224
