106 674
86 1082
88 1534
89 1666
86 2453
106 3466
138 3578
99 4500
87 4560
106 4829
138 5011
106 5095
138 5229
106 5230
97 5290
106 5315
87 5473
106 5492
88 5585
138 5722
88 5783
87 5826
87 5879
88 6174
87 6422
106 6736
87 7237
87 7343
87 7382
91 7432
106 7476
106 7559
88 7600
88 7621
106 7624
90 7653
106 7679
138 7679
106 7734
106 7814
138 7998
106 8600
87 8690
87 8736
87 8748
138 8780
87 8978
12 9433
12 9436
87 9555
87 9649
12 9733
12 9736
12 9737
106 9819
138 9848
13 9880
138 9900
106 9973
13 9987
106 10024
106 10103
13 10132
13 10135
13 10136
87 10331
106 10424
138 10542
106 10818
106 11004
106 11146
106 11384
86 12320
