104 289
104 670
104 961
104 964
104 1065
104 1518
104 1607
104 2003
104 2074
104 2274
104 2747
105 3110
105 3110
105 3189
105 3189
104 3222
104 3333
104 3476
126 3519
104 3571
126 3598
104 3709
104 3992
104 4178
104 4324
105 4502
105 4502
105 4558
105 4558
105 4640
105 4640
105 4700
105 4700
105 4811
105 4811
105 4814
105 4814
105 4872
105 4872
105 4877
105 4877
105 4938
105 4938
105 5003
105 5003
9 5211
9 5214
9 5217
105 5220
105 5220
105 5223
105 5223
9 5242
105 5504
105 5504
105 5511
105 5511
9 5550
104 5551
9 5553
9 5556
104 5625
104 5626
104 5707
104 5753
104 5855
104 5857
104 6116
104 6117
9 6119
104 6120
104 6123
9 6133
9 6136
104 6214
104 6215
104 6363
104 6365
105 6375
105 6375
105 6383
105 6383
104 6503
104 6506
104 6507
104 6608
104 6611
105 6832
105 6832
9 6938
9 6940
9 6942
105 6943
105 6943
105 6947
105 6947
9 6947
105 7162
105 7162
105 7165
105 7165
104 7177
104 7178
104 7181
105 7218
105 7218
104 7253
104 7256
126 7536
104 7760
104 7762
104 7765
104 7834
104 7837
104 7870
104 7911
104 7986
104 7987
104 7990
104 8061
104 8066
104 8068
104 8095
104 8140
104 8335
104 8337
104 8671
104 8672
104 8675
104 8678
104 8681
104 8684
104 8685
104 8862
110 9520
110 9526
110 9527
110 9527
110 9529
110 9529
110 9530
110 9540
110 9578
110 9627
110 9807
110 9808
110 9812
110 9815
110 9896
110 9966
110 9969
110 10116
110 10162
110 10305
110 10308
110 10309
110 10312
110 10364
110 10365
110 10410
110 10747
110 10990
110 10991
110 10994
110 10997
110 11000
110 11001
110 11050
110 11186
110 11214
110 11240
110 11242
110 11246
110 11298
110 11299
110 11383
110 11386
110 11465
110 11468
104 11528
104 11529
104 11532
104 11534
110 11841
110 11842
110 11845
110 11848
104 12046
104 12049
104 12254
104 12256
104 12265
110 12357
110 12359
110 12362
104 12370
104 12373
104 12377
126 12703
110 12722
110 12724
110 12937
110 12940
110 12943
110 12945
110 12992
110 13040
110 13080
110 13290
110 13594
110 13598
110 13600
110 13601
110 13601
110 13602
110 13602
110 13604
110 13630
110 13719
110 13722
110 13769
110 13844
110 13846
110 13899
110 13903
110 14010
110 14013
110 14210
110 14213
110 14214
110 14217
110 14220
110 14298
110 14304
110 14391
110 14505
110 14506
110 14589
110 14590
110 14646
110 14786
110 14787
110 14790
110 14793
110 14947
110 14950
110 14951
110 15035
110 15036
