104 284
104 649
104 960
104 962
104 1259
104 1335
104 1874
104 1960
105 2344
105 2344
105 2347
105 2347
104 2750
104 2760
104 2816
126 2838
104 2982
104 3196
104 3418
104 3437
126 3703
104 3706
104 3709
104 3869
104 3872
104 3872
104 3906
126 3955
104 4432
104 4460
104 4574
104 4577
104 4597
104 4800
104 4817
104 5069
104 5071
126 5247
104 5418
104 5420
104 5566
105 5655
105 5655
105 5658
105 5658
105 5661
105 5661
104 5832
104 6009
104 6012
105 6045
105 6045
104 6123
104 6229
104 6251
104 6296
104 6319
104 6365
104 6409
104 6460
104 6463
104 6487
104 6530
126 6611
126 6613
104 6736
104 6739
104 6758
104 6968
104 6971
104 6971
104 7135
104 7136
104 7149
104 7156
104 7220
104 7223
105 7382
105 7382
104 7384
104 7385
104 7403
104 7562
104 7627
104 7630
104 7720
104 7804
104 7807
110 8327
110 8330
110 8330
110 8330
110 8331
110 8379
110 8456
110 8517
110 8606
110 8608
110 8608
110 8609
110 8609
110 8710
110 8713
110 9267
110 9270
110 9271
110 9271
110 9271
110 9271
110 9271
110 9271
110 9434
110 9435
110 9437
110 9437
110 9437
110 9437
110 9546
110 9549
110 9679
110 9681
110 9824
110 9825
110 9913
126 10119
126 10121
110 10270
110 10273
110 10276
110 10440
110 10441
110 10673
110 10676
110 10829
104 11266
104 11269
104 11272
104 11275
104 11351
110 11466
110 11469
104 11656
104 11658
104 11832
104 11835
126 12393
110 12418
110 12421
110 12421
110 12421
110 12421
110 12421
105 12429
105 12429
105 12432
105 12432
105 12432
105 12432
105 12432
105 12432
126 12494
110 12825
110 12828
110 12828
126 13502
105 13657
105 13657
105 13660
105 13660
105 13733
105 13733
105 13736
105 13736
105 13736
105 13736
108 13768
108 13768
108 13768
108 13768
108 13768
108 13769
108 13770
105 13930
105 13930
105 13933
105 13933
105 13936
105 13936
105 13939
105 13939
105 13942
105 13942
105 14212
105 14212
105 14215
105 14215
105 14215
105 14215
105 14215
105 14215
105 14215
105 14215
9 14452
9 14455
9 14455
9 14455
9 14455
9 14455
9 14456
9 14456
9 14456
9 14456
105 14461
105 14461
105 14464
105 14464
105 14464
105 14464
104 14489
104 14492
104 14492
104 14572
104 14574
104 14623
104 14624
104 14627
104 14646
104 14990
104 14993
104 15003
104 15006
108 15059
108 15180
104 15247
108 15456
108 15535
108 15698
108 15699
108 15956
9 16083
9 16086
9 16086
9 16086
9 16086
9 16086
9 16087
9 16087
9 16087
9 16087
9 16087
9 16087
105 16229
105 16229
105 16432
105 16432
105 16435
105 16435
105 16435
105 16435
105 16435
105 16435
105 16436
105 16436
105 16436
105 16436
105 16436
105 16436
105 16436
105 16436
9 16637
9 16639
9 16639
9 16640
105 16769
105 16769
105 16772
105 16772
105 16772
105 16772
105 16772
105 16772
105 16773
105 16773
105 16773
105 16773
105 16773
105 16773
105 16773
105 16773
105 16773
105 16773
105 16884
105 16884
105 16887
105 16887
105 16887
105 16887
105 17003
105 17003
105 17006
105 17006
105 17006
105 17006
105 17008
105 17008
105 17008
105 17008
105 17286
105 17286
105 17288
105 17288
105 17288
105 17288
105 17530
105 17530
105 17533
105 17533
105 17533
105 17533
105 17533
105 17533
105 17535
105 17535
105 17535
105 17535
105 17535
105 17535
105 17535
105 17535
105 17535
105 17535
105 17536
105 17536
105 17536
105 17536
105 17536
105 17536
105 17537
105 17537
105 17789
105 17789
105 17791
105 17791
105 17792
105 17792
105 17792
105 17792
9 17871
9 17874
9 17874
9 17874
9 17875
9 17875
9 17875
9 17875
9 17875
9 17875
9 17877
9 17877
9 17877
9 17877
9 17877
9 18136
9 18137
9 18138
9 18138
9 18138
9 18138
9 18138
9 18138
9 18140
9 18140
9 18140
9 18140
105 18328
105 18328
105 18331
105 18331
105 18331
105 18331
105 18331
105 18331
105 18332
105 18332
105 18526
105 18526
105 18529
105 18529
105 18529
105 18529
105 18531
105 18531
105 18531
105 18531
105 18531
105 18531
105 18531
105 18531
105 18765
105 18765
105 18768
105 18768
105 18768
105 18768
105 18768
105 18768
105 18770
105 18770
105 18770
105 18770
