106 686
86 1122
88 1626
89 1731
106 2855
86 3498
138 3679
106 4364
87 4474
106 4752
87 5028
138 5044
97 5423
106 5537
88 5765
88 5799
106 5803
87 6038
106 6434
87 6652
99 6672
99 6681
106 6842
90 7421
106 7590
106 7732
106 7840
138 7900
106 8088
88 8132
99 8213
95 8220
99 8305
142 9100
106 9374
106 9400
138 9497
88 9516
106 9541
106 9544
88 9629
106 9762
106 9763
106 9765
106 9942
99 10604
106 10828
87 11125
92 11875
138 12443
138 12477
86 12616
106 13229
138 13353
138 13354
88 13547
88 13612
106 14130
91 14317
138 14428
138 14443
138 14467
138 14476
138 14533
87 14558
106 15114
86 15472
106 15525
