106 695
86 1119
88 1585
89 1706
106 2972
86 3623
138 4325
106 4346
106 4968
87 5041
138 5093
106 5176
99 5186
99 5617
106 5979
97 6035
87 6099
87 6107
106 6218
106 6516
88 6732
88 6749
87 6790
87 6813
138 6824
90 7024
106 7247
87 7466
106 7474
87 7570
87 7573
106 7585
88 7608
88 7634
88 7666
94 7818
106 7870
106 7922
99 8390
87 8466
87 8492
99 8618
99 9149
95 9212
91 9752
12 9954
106 10083
106 10196
106 10245
13 10273
106 10284
106 10322
106 10437
142 10546
142 10866
489 11017
489 11017
489 11017
489 11017
489 11017
489 11017
489 11017
489 11017
489 11017
489 11017
489 11017
489 11017
489 11017
489 11017
489 11017
489 11017
142 11186
489 11312
489 11312
489 11312
489 11312
489 11312
489 11312
489 11312
489 11312
106 11460
106 11509
142 11676
86 11825
106 11835
106 11906
138 11916
138 11916
142 12103
106 12120
489 12257
489 12257
489 12257
489 12257
489 12257
489 12257
489 12257
489 12257
489 12257
489 12257
489 12257
489 12257
489 12257
489 12257
489 12257
489 12257
489 12257
489 12257
489 12257
489 12257
489 12257
489 12257
489 12257
489 12257
489 12257
489 12257
489 12279
489 12279
489 12279
489 12279
489 12279
489 12279
489 12279
489 12279
106 12298
138 12311
138 12335
106 12579
142 12645
106 12762
489 12858
489 12858
138 12908
106 12931
138 12955
138 13009
106 13052
138 13053
106 13182
489 13275
489 13275
489 13275
489 13275
489 13275
489 13275
489 13275
489 13275
489 13275
489 13275
489 13275
489 13275
489 13275
489 13275
489 13275
489 13275
489 13275
489 13275
489 13275
489 13275
489 13275
489 13275
489 13275
489 13275
489 13275
489 13275
489 13275
489 13275
489 13275
489 13275
489 13275
489 13275
489 13275
489 13275
138 13291
138 13420
138 13431
142 13471
88 13768
88 13840
489 13861
489 13861
489 13861
489 13861
142 13911
489 14337
489 14337
489 14337
489 14337
489 14337
489 14337
489 14337
489 14337
489 14337
489 14337
489 14337
489 14337
489 14337
489 14337
489 14337
489 14337
489 14337
489 14337
489 14337
489 14337
489 14337
489 14337
489 14337
489 14337
489 14337
489 14337
489 14337
489 14337
489 14337
489 14337
489 14337
489 14337
489 14337
489 14337
489 14337
489 14337
489 14337
489 14337
489 14337
489 14337
489 14337
489 14337
489 14337
489 14337
489 14337
489 14337
489 14337
489 14337
489 14337
489 14337
489 14337
489 14337
489 14337
489 14337
489 14337
489 14337
489 14337
489 14337
99 14377
99 14407
106 14536
142 14553
92 14915
142 14933
106 14964
138 15037
138 15049
138 15058
489 15118
489 15118
489 15118
489 15118
489 15118
489 15118
489 15175
489 15175
138 15221
138 15240
138 15283
87 15313
87 15314
489 15443
489 15443
489 15443
489 15443
489 15443
489 15443
489 15443
489 15443
489 15443
489 15443
489 15443
489 15443
489 15443
489 15443
489 15443
489 15443
489 15443
489 15443
489 15443
489 15443
489 15443
489 15443
489 15443
489 15443
489 15443
489 15443
489 15443
489 15443
489 15443
489 15443
489 15443
489 15443
489 15443
489 15443
489 15443
489 15443
489 15443
489 15443
489 15443
489 15443
489 15443
489 15443
489 15443
489 15443
489 15443
489 15443
489 15443
489 15443
99 15781
99 15837
99 15888
99 15909
99 15915
142 15932
99 15941
87 15990
87 15996
87 16002
87 16013
87 16021
87 16032
87 16032
87 16063
87 16074
489 16236
489 16236
489 16236
489 16236
489 16236
489 16236
489 16236
489 16236
489 16236
489 16236
489 16236
489 16236
489 16236
489 16236
489 16236
489 16236
489 16236
489 16236
489 16236
489 16236
489 16605
489 16605
489 16605
489 16605
489 16605
489 16605
489 16605
489 16605
489 16605
489 16605
489 16605
489 16605
489 16605
489 16605
489 16605
489 16605
489 16620
489 16620
489 16741
489 16741
489 16741
489 16741
489 16741
489 16741
489 16741
489 16741
489 16741
489 16741
489 16741
489 16741
489 16741
489 16741
489 16741
489 16741
489 16741
489 16741
489 16741
489 16741
489 16741
489 16741
489 16741
489 16741
489 16741
489 16741
142 17048
87 17078
87 17082
489 17229
489 17229
489 17314
489 17314
142 17496
489 17635
489 17635
489 17635
489 17635
489 17635
489 17635
489 17635
489 17635
489 17635
489 17635
489 17635
489 17635
489 17635
489 17635
489 17635
489 17635
489 17635
489 17635
489 17635
489 17635
489 17635
489 17635
489 17635
489 17635
489 17635
489 17635
489 17635
489 17635
489 17635
489 17635
489 17635
489 17635
489 17635
489 17635
142 17956
87 18005
87 18006
142 18275
489 18883
489 18883
489 18883
489 18883
489 18883
489 18883
489 18883
489 18883
489 18883
489 18883
489 18883
489 18883
489 18883
489 18883
489 18883
489 18883
489 18906
489 18906
489 18906
489 18906
489 18906
489 18906
489 18906
489 18906
489 18906
489 18906
489 18906
489 18906
489 18906
489 18906
489 18925
489 18925
489 18925
489 18925
489 18962
489 18962
489 18962
489 18962
489 18962
489 18962
489 18962
489 18962
489 18962
489 18962
489 18962
489 18962
99 19773
142 19971
489 20205
489 20205
489 20205
489 20205
489 20205
489 20205
489 20205
489 20205
489 20205
489 20205
489 20205
489 20205
489 20205
489 20205
489 20205
489 20205
489 20205
489 20205
489 20205
489 20205
489 20205
489 20205
489 20205
489 20205
489 20205
489 20205
489 20205
489 20205
489 20205
489 20205
489 20205
489 20205
489 20205
489 20205
489 20205
489 20205
489 20205
489 20205
489 20205
489 20205
489 20205
489 20205
489 20205
489 20205
489 20205
489 20205
489 20205
489 20205
489 20205
489 20205
489 20205
489 20205
489 20205
489 20205
489 20205
489 20205
489 20205
489 20205
489 20205
489 20205
142 20350
99 20502
99 20559
289 20846
289 20847
289 20847
289 20851
289 20854
289 20854
289 20855
289 20859
289 20861
289 20863
289 20864
289 20866
289 20912
289 20939
289 20945
289 20949
289 20950
289 20951
289 20958
289 20963
289 20964
289 20965
289 20968
289 20970
289 20978
289 20991
289 21033
289 21059
289 21059
289 21061
142 21140
489 21286
489 21286
489 21286
489 21286
489 21286
489 21286
489 21286
489 21286
489 21286
489 21286
489 21286
489 21286
489 21286
489 21286
489 21286
489 21286
489 21286
489 21286
489 21286
489 21286
489 21286
489 21286
489 21286
489 21286
489 21502
489 21502
489 21502
489 21502
489 21502
489 21502
489 21502
489 21502
489 21502
489 21502
489 21519
489 21519
489 21519
489 21519
489 21519
489 21519
489 21519
489 21519
489 21542
489 21542
489 21542
489 21542
489 21542
489 21542
489 21571
489 21571
87 21903
86 22150
142 22193
142 22446
489 22895
489 22895
489 22895
489 22895
489 22895
489 22895
489 22895
489 22895
489 22895
489 22895
489 22895
489 22895
489 22895
489 22895
489 22895
489 22895
489 22895
489 22895
489 22895
489 22895
489 22895
489 22895
489 22917
489 22917
489 22917
489 22917
489 22917
489 22917
142 22944
289 23723
289 23723
289 23726
289 23726
289 23741
289 23742
289 23748
289 23752
289 23769
289 23773
289 23774
289 24118
289 24119
289 24120
289 24121
289 24123
289 24123
289 24124
289 24126
489 24127
489 24127
489 24127
489 24127
489 24127
489 24127
489 24127
489 24127
489 24127
489 24127
489 24127
489 24127
489 24127
489 24127
489 24127
489 24127
489 24127
489 24127
489 24127
489 24127
289 24131
289 24133
289 24134
289 24138
289 24139
289 24140
289 24145
289 24147
289 24185
289 24186
289 24186
289 24187
289 24188
289 24192
289 24194
289 24195
289 24200
289 24210
289 24212
289 24212
289 24213
289 24217
289 24230
289 24230
289 24250
289 24267
289 24268
289 24271
289 24274
289 24276
289 24291
289 24299
289 24310
289 24318
