104 293
104 683
104 983
104 985
104 1460
104 1531
104 1613
104 2031
104 2115
104 2284
104 2501
104 2737
104 3028
104 3237
104 3240
104 3512
104 3516
126 3540
126 3543
104 3775
104 3778
104 4214
104 4321
104 4324
126 4411
104 4518
104 4518
104 4518
104 4518
104 4593
104 4683
104 4691
110 5442
110 5449
110 5582
110 5589
110 5650
110 5769
110 5776
110 5906
110 6104
110 6112
110 6112
110 6336
110 6342
110 6552
104 6553
104 6553
104 6553
104 6553
104 6553
110 6559
104 6630
104 6840
104 7744
104 7747
104 7749
110 8017
110 8025
110 8025
110 8025
110 8025
110 8396
110 8403
104 8799
104 8799
104 8799
104 8799
104 8800
110 9241
110 9248
110 9248
110 9442
110 9445
110 9450
110 9453
104 9497
104 9497
104 9497
104 9497
104 9497
104 9960
104 9963
104 9966
104 9969
104 9972
126 10228
110 10247
110 10254
110 10254
110 10254
110 10840
110 10846
110 10847
110 10847
110 10847
110 10847
110 10847
110 10916
110 10922
110 10922
110 10924
110 10924
110 11160
110 11167
110 11167
110 11307
110 11314
110 11314
110 11560
110 11566
110 11566
110 11566
110 11567
110 11861
110 11868
110 11868
110 11868
110 11868
110 11868
110 11868
110 11868
104 11970
110 12209
110 12216
110 12216
110 12788
110 12930
110 12937
110 12937
110 12937
110 12937
110 12937
110 12937
110 13214
110 13220
