104 292
104 689
104 970
104 970
104 1471
104 1538
104 1610
104 2058
104 2112
104 2114
104 2269
104 2540
105 3140
105 3140
105 3141
105 3141
104 3235
104 3294
104 3493
104 3494
126 3547
126 3550
104 3873
104 3949
104 3985
104 4187
105 4441
105 4441
105 4620
105 4620
104 4679
104 4682
104 4732
104 4732
104 4793
104 4840
126 4882
104 4955
104 5451
104 5468
104 5468
104 5468
104 5468
104 5468
104 5639
105 5810
105 5810
105 5829
105 5829
126 5852
104 5957
104 5960
104 5962
126 6095
104 6146
104 6149
104 6150
104 6392
104 6478
104 6585
104 6586
104 6589
104 6644
104 6700
104 6703
104 6791
104 6867
104 6870
104 6972
104 6974
104 7002
104 7004
104 7177
104 7251
104 7254
104 7267
104 7297
104 7326
126 7617
105 7637
105 7637
105 7640
105 7640
105 7640
105 7640
126 7935
105 7982
105 7982
105 7984
105 7984
105 7984
105 7984
105 7985
105 7985
126 8205
105 8362
105 8362
105 8364
105 8364
126 8532
105 8568
105 8568
110 8586
110 8589
110 8592
105 8727
105 8727
105 8729
105 8729
105 8729
105 8729
105 8729
105 8729
126 8745
105 8751
105 8751
105 8878
105 8878
105 8881
105 8881
105 8881
105 8881
104 9031
104 9031
104 9031
104 9031
104 9032
104 9032
105 9328
105 9328
105 9331
105 9331
104 9405
104 9405
104 9405
104 9405
104 9483
104 9485
104 9527
104 9529
104 9532
104 9729
104 9732
104 9734
104 9767
104 9960
104 9963
104 9999
104 10162
104 10165
104 10166
104 10204
104 10205
104 10316
104 10319
104 10320
107 10769
107 10772
107 10772
107 10772
107 10821
107 11103
104 11338
107 11637
107 11640
107 11640
107 11640
107 11640
104 11666
104 11669
104 11671
107 11737
107 11738
107 11741
107 11749
107 12039
107 12042
105 12070
105 12070
105 12073
105 12073
105 12073
105 12073
105 12073
105 12073
104 12145
104 12183
107 12213
9 12336
9 12337
9 12339
9 12339
107 12350
107 12353
107 12355
107 12453
9 12585
9 12587
9 12587
9 12602
105 12612
105 12612
105 12615
105 12615
105 12615
105 12615
105 12615
105 12615
105 12615
105 12615
105 12710
105 12710
105 13026
105 13026
105 13029
105 13029
105 13029
105 13029
105 13029
105 13029
105 13031
105 13031
107 13167
105 13200
105 13200
105 13202
105 13202
105 13202
105 13202
105 13202
105 13202
105 13203
105 13203
105 13318
105 13318
105 13320
105 13320
105 13321
105 13321
107 13458
9 13465
9 13467
9 13467
9 13467
9 13467
9 13467
9 13469
9 13469
9 13469
9 13469
9 13469
9 13469
9 13570
9 13573
9 13573
105 13688
105 13688
105 13691
105 13691
105 13691
105 13691
105 13691
105 13691
105 13691
105 13691
105 13835
105 13835
105 13838
105 13838
105 13838
105 13838
105 13838
105 13838
105 13838
105 13838
105 13840
105 13840
105 14030
105 14030
105 14031
105 14031
105 14031
105 14031
105 14032
105 14032
105 14032
105 14032
105 14032
105 14032
105 14032
105 14032
9 14046
107 14384
107 14387
107 14387
107 14510
107 14513
107 14513
105 14559
105 14559
107 14660
107 14663
107 14663
105 14683
105 14683
105 14686
105 14686
105 14686
105 14686
105 14686
105 14686
105 14686
105 14686
107 14883
105 14928
105 14928
107 14972
107 14974
107 15029
107 15149
107 15155
107 15302
107 15303
107 15386
107 15388
107 15458
107 15459
105 15538
105 15538
105 15541
105 15541
105 15541
105 15541
105 15541
105 15541
107 15630
105 15637
105 15637
105 15639
105 15639
107 15763
107 15766
107 15839
107 15930
107 16025
107 16028
107 16179
107 16180
107 16180
