104 287
104 662
104 1003
104 1007
104 1452
104 1538
104 1610
104 2013
104 2072
104 2285
104 2526
104 2765
104 3137
104 3261
104 3264
126 3553
126 3556
104 3589
105 3683
105 3683
105 3994
105 3994
105 4080
105 4080
105 4083
105 4083
105 4346
105 4346
105 4558
105 4558
105 4559
105 4559
105 4663
105 4663
105 4666
105 4666
105 4666
105 4666
105 4813
105 4813
105 4814
105 4814
105 4816
105 4816
105 4906
105 4906
105 4909
105 4909
105 5118
105 5118
105 5121
105 5121
105 5304
105 5304
9 5362
9 5363
9 5365
9 5365
9 5365
9 5365
9 5365
9 5365
105 5381
105 5381
105 5383
105 5383
105 5384
105 5384
105 5384
105 5384
105 5600
105 5600
105 5603
105 5603
105 5603
105 5603
105 5745
105 5745
105 5748
105 5748
9 5928
9 5929
105 6052
105 6052
105 6055
105 6055
105 6055
105 6055
105 6055
105 6055
105 6199
105 6199
105 6202
105 6202
105 6202
105 6202
105 6516
105 6516
105 6517
105 6517
105 6518
105 6518
105 6518
105 6518
105 6518
105 6518
105 6661
105 6661
105 7041
105 7041
105 7044
105 7044
105 7044
105 7044
104 7107
104 7110
104 7110
104 7195
104 7233
104 7299
104 7431
104 7434
104 7568
104 7571
104 7729
104 8104
104 8106
104 8106
104 8106
104 8226
104 8236
104 8302
104 8336
104 8360
104 8361
104 8369
104 8402
104 8570
104 8581
110 8986
110 8989
110 8989
110 8989
110 8989
110 9163
