104 287
104 451
104 616
104 859
104 929
104 963
104 1059
104 1226
104 1796
105 2131
105 2131
105 2134
105 2134
105 2153
105 2153
105 2390
105 2390
104 2999
126 3285
105 3454
105 3454
105 3454
105 3454
104 3571
104 4021
104 4024
126 4113
104 4198
104 4367
104 4370
104 4489
104 4492
104 4647
104 4682
126 4755
104 4842
104 4892
126 5087
104 5150
104 5153
104 5230
104 5541
104 5544
104 5599
104 5687
104 5711
104 5857
126 5985
104 6048
104 6296
104 6298
104 6300
104 6427
104 6429
104 6431
104 6513
104 6516
104 6516
104 6563
104 6716
104 6719
104 6719
104 7086
104 7431
104 7434
104 7436
105 7437
105 7437
105 7440
105 7440
9 7546
9 7548
9 7551
9 7554
9 7561
104 7716
104 8502
104 8505
104 8505
104 8507
104 8507
104 8507
108 8783
108 8786
108 8786
108 8849
108 8852
108 8994
108 8997
104 9120
104 9123
104 9123
108 9174
104 9652
104 9655
104 9658
104 9770
104 9773
104 9870
104 9873
104 9873
104 10060
104 10063
104 10063
104 10064
104 10064
104 10064
104 10068
9 10236
9 10240
9 10240
9 10240
9 10242
105 10326
105 10326
9 10345
105 10428
105 10428
105 10432
105 10432
105 10514
105 10514
105 10517
105 10517
105 10519
105 10519
105 10519
105 10519
9 10838
9 10840
9 10840
9 10840
9 10842
9 10842
9 10842
9 10842
9 10843
9 10843
105 10873
105 10873
105 10876
105 10876
105 10877
105 10877
105 10877
105 10877
105 10877
105 10877
105 10877
105 10877
105 10879
105 10879
105 10879
105 10879
9 11254
9 11258
9 11258
9 11258
9 11259
9 11259
