106 700
86 1100
88 1582
89 1685
106 3176
97 3714
88 3939
90 3944
106 4178
95 4915
106 4938
106 5238
106 5243
142 5753
106 5858
88 6039
138 6472
142 6842
87 7089
138 7352
106 7379
106 7381
86 7535
138 7855
142 8165
138 8389
106 8410
106 8411
142 8484
87 8661
106 8684
106 8686
142 8804
106 8899
87 9191
12 9476
17 9483
88 9526
87 9830
87 9831
142 9902
87 10048
106 10319
106 10322
106 10325
106 10327
106 10503
106 10506
106 10509
87 10803
138 10811
87 11312
88 11458
142 11531
106 11750
87 11806
138 11815
87 11841
87 11860
106 12055
106 12446
106 12449
106 12451
99 12583
86 12673
106 12678
106 12681
106 12697
87 12727
87 12730
