104 292
104 650
104 958
104 1233
104 1433
104 1512
104 1606
104 2012
104 2088
104 2248
104 2491
105 3116
105 3116
105 3118
105 3118
104 3263
104 3266
104 3469
104 3471
126 3519
126 3522
104 3873
104 3886
104 4020
104 4260
104 4361
104 4561
104 4575
104 4578
104 4580
104 4583
104 4658
104 4660
126 4713
104 4827
104 5170
104 5171
104 5279
104 5354
104 5356
104 5359
104 5382
104 5461
104 5540
104 5695
104 5762
104 6060
110 6132
110 6135
110 6135
110 6243
110 6244
110 6369
110 6559
110 6564
110 6565
110 6700
104 6772
110 7200
110 7203
104 7217
104 7218
110 7267
104 7331
104 7333
104 7411
104 7414
110 7452
104 7454
110 7455
110 7881
110 7884
110 7886
104 8111
104 8112
104 8115
104 8117
110 8161
110 8164
110 8248
110 8249
104 8355
104 8355
104 8355
104 8355
104 8355
104 8355
104 8357
110 8491
110 8492
104 8494
110 8495
110 8757
110 8760
110 8857
110 8859
110 8861
126 9035
110 9114
110 9116
110 9119
104 9166
104 9199
104 9232
104 9494
104 9497
110 9680
110 9681
110 9684
110 9684
110 9775
110 9949
110 9951
110 9953
110 9956
110 9958
110 9958
110 10099
110 10102
110 10282
110 10285
110 10349
110 10351
110 10354
110 10357
110 10509
110 10512
110 11194
110 11197
110 11197
110 11197
110 11197
110 11197
110 11197
110 11197
110 11199
110 11199
110 11199
110 11394
110 11396
105 11819
105 11819
105 11820
105 11820
105 11820
105 11820
105 11821
105 11821
105 11821
105 11821
105 11821
105 11821
105 11821
105 11821
105 11821
105 11821
105 11821
105 11821
105 11823
105 11823
9 12175
9 12178
9 12178
9 12178
9 12178
9 12179
9 12179
9 12179
9 12179
9 12179
9 12179
9 12181
9 12181
9 12195
110 12262
110 12265
110 12265
110 12265
110 12265
9 12266
110 12267
110 12267
110 12267
110 12267
9 12268
9 12268
110 12513
110 12514
110 12516
110 12516
110 12697
110 12699
110 12699
110 12700
110 12805
110 12808
