104 310
104 643
104 971
104 974
104 1423
104 1518
104 1584
104 1993
104 2062
104 2208
104 2267
104 2504
104 3060
104 3061
104 3217
104 3218
126 3462
126 3486
104 3493
105 3588
105 3588
104 3811
104 3853
104 3998
104 4044
104 4296
104 4411
104 4427
104 4470
104 4642
104 4642
104 4643
104 4643
104 4645
104 4698
104 4928
104 5138
104 5199
104 5200
104 5285
104 5573
110 5876
110 5881
110 5883
110 5883
110 5910
110 5963
110 6042
110 6129
110 6221
110 6279
110 6382
110 6411
110 6479
110 6530
110 6598
110 6663
110 6715
110 6788
110 6850
110 7039
110 7041
110 7161
110 7486
110 7489
110 7696
110 7698
110 7917
110 7918
110 7921
110 7979
110 8072
110 8164
110 8213
110 8386
104 8389
104 8429
104 8430
104 8433
104 8435
104 8659
104 9182
104 9367
104 9380
110 9453
110 9461
110 9755
110 9801
104 9861
104 9899
104 9948
104 9972
110 9974
110 9975
110 9979
104 10034
104 10071
104 10195
104 10244
104 10256
104 10266
110 10499
110 10675
110 10994
110 10996
110 11118
110 11183
110 11233
110 11305
110 11308
126 11433
110 11453
110 11456
110 11458
110 11520
110 11521
110 11625
110 11694
110 11698
110 11796
110 11874
110 12023
110 12025
110 12028
110 12111
110 12209
110 12259
110 12271
110 12382
110 12383
110 12487
110 12488
110 12642
110 12644
110 12647
110 13001
110 13002
110 13034
110 13070
110 13113
110 13169
110 13188
110 13305
110 13306
110 13356
110 13602
110 13605
110 13640
110 13641
110 13772
110 13774
110 13886
110 13918
