104 290
104 673
104 958
104 968
104 1446
104 1527
104 1613
104 2043
104 2100
104 2108
104 2300
104 2501
104 2765
105 3150
105 3150
105 3153
105 3153
126 3550
126 3553
104 3589
104 3644
104 4060
104 4066
104 4265
104 4334
104 4347
104 4410
126 4577
104 4672
104 4676
104 4681
104 4829
104 4833
104 5086
104 5091
104 5232
104 5235
105 5472
105 5472
104 5495
126 5537
104 5567
105 5735
105 5735
105 5740
105 5740
105 5743
105 5743
126 5848
104 5851
104 5855
104 5859
104 5862
105 5931
105 5931
105 5934
105 5934
104 6045
104 6051
104 6054
126 6111
104 6743
104 6748
104 6752
104 6843
104 6847
104 6851
104 6856
104 6860
104 6863
104 7063
104 7067
104 7070
104 7335
104 7346
104 7346
104 7348
104 7403
104 7581
104 7585
104 7588
104 7709
104 7713
104 7718
104 7722
104 7725
104 8025
104 8058
104 8131
104 8157
104 8168
104 8168
104 8170
104 8170
104 8171
104 8171
104 8173
104 8334
105 8679
105 8679
105 8691
105 8691
105 8691
105 8691
105 8692
105 8692
105 8692
105 8692
105 8693
105 8693
105 9050
105 9050
105 9062
105 9062
104 9301
104 9313
104 9314
104 9314
104 9316
104 9317
104 9317
104 9318
104 9318
105 9700
105 9700
104 9703
105 9713
105 9713
105 9713
105 9713
126 9773
126 9777
126 9894
104 10054
105 10353
105 10353
105 10365
105 10365
105 10365
105 10365
105 10366
105 10366
105 10366
105 10366
104 10551
104 10554
9 10617
9 10620
104 11013
104 11017
104 11021
104 11024
104 11029
9 11297
9 11301
9 11305
9 11308
9 11313
9 11317
9 11320
126 11328
108 11361
108 11372
108 11372
108 11374
108 11375
108 11375
108 11375
108 11377
108 11378
105 11400
105 11400
105 11411
105 11411
105 11413
105 11413
105 11413
105 11413
105 11414
105 11414
105 11490
105 11490
105 11495
105 11495
105 11498
105 11498
105 11502
105 11502
105 11506
105 11506
105 11509
105 11509
105 11512
105 11512
104 12019
104 12023
107 12702
107 12714
107 12715
107 12715
107 12717
107 12717
107 12718
107 12718
107 12720
107 12720
107 12721
107 12721
107 12723
126 12914
107 13107
107 13118
107 13118
107 13120
107 13120
107 13121
104 13228
104 13231
104 13435
104 13447
104 13447
104 13448
104 13448
104 13450
104 13450
104 13451
104 13451
104 13453
104 13453
104 14103
104 14108
104 14110
104 14255
105 14284
105 14284
105 14296
105 14296
105 14297
105 14297
105 14297
105 14297
105 14299
105 14299
105 14299
105 14299
105 14300
105 14300
105 14300
105 14300
105 14302
105 14302
105 14303
105 14303
105 14303
105 14303
105 14303
105 14303
105 14304
105 14304
105 14306
105 14306
105 14696
105 14696
105 14706
105 14706
105 14707
105 14707
105 14709
105 14709
105 14709
105 14709
105 14710
105 14710
105 14710
105 14710
105 14712
105 14712
105 14712
105 14712
105 14713
105 14713
9 15201
9 15205
9 15208
9 15212
9 15216
9 15221
9 15225
9 15228
105 15561
105 15561
105 15573
105 15573
105 15574
105 15574
105 15574
105 15574
105 15575
105 15575
105 15577
105 15577
105 15577
105 15577
105 15577
105 15577
105 15578
105 15578
105 15580
105 15580
105 15580
105 15580
105 15581
105 15581
105 15581
105 15581
105 15583
105 15583
105 15583
105 15583
499 15584
105 15584
105 15584
105 15584
105 15584
105 15586
105 15586
105 15586
105 15586
499 15587
499 15591
499 15594
9 15640
9 15651
9 15653
9 15653
9 15654
9 15654
9 15655
9 15655
9 15657
9 15657
9 15658
9 15658
9 15660
9 15660
105 15956
105 15956
105 15967
105 15967
105 15970
105 15970
105 15970
105 15970
9 15987
9 15998
9 16502
9 16513
9 16515
9 16516
9 16516
9 16518
9 16518
9 16519
9 16519
9 16521
9 16521
9 16522
9 16522
9 16523
9 16523
9 16525
9 16525
9 16526
105 16731
105 16731
105 16743
105 16743
105 16743
105 16743
105 16744
105 16744
105 16744
105 16744
105 16746
105 16746
105 16746
105 16746
105 16747
105 16747
105 16747
105 16747
105 16749
105 16749
105 16750
105 16750
105 16750
105 16750
105 17064
105 17064
107 17189
107 17201
107 17201
107 17529
107 17540
107 17540
107 17542
107 17543
107 17543
104 17615
104 17620
104 17623
104 17738
104 17749
104 17751
126 18103
126 18107
