104 289
104 676
104 977
104 984
104 1463
104 1545
104 1612
104 2028
104 2108
104 2254
104 2493
104 2732
105 3130
105 3130
104 3240
104 3300
104 3483
104 3486
126 3534
126 3534
105 3968
105 3968
104 4004
105 4020
105 4020
104 4236
104 4282
104 4413
104 4416
104 4541
104 4616
104 4620
104 4620
104 4807
104 4810
105 4896
105 4896
105 4899
105 4899
9 5133
105 5181
105 5181
9 5263
9 5271
104 5405
104 5407
105 5436
105 5436
105 5437
105 5437
104 5667
9 5686
105 5708
105 5708
104 5829
104 5832
104 5832
104 5832
104 5832
9 5988
126 6058
104 6090
104 6091
104 6096
104 6098
105 6164
105 6164
105 6167
105 6167
9 6489
9 6528
9 6529
110 6923
110 6926
110 6926
110 6982
110 6985
110 6985
110 7031
110 7036
110 7070
105 7122
105 7122
105 7123
105 7123
110 7289
110 7292
110 7439
110 7508
110 7511
105 7794
105 7794
105 7797
105 7797
105 7797
105 7797
105 7797
105 7797
105 7797
105 7797
105 7880
105 7880
105 7884
105 7884
105 7884
105 7884
105 8017
105 8017
105 8018
105 8018
105 8020
105 8020
105 8020
105 8020
105 8220
105 8220
105 8223
105 8223
105 8223
105 8223
105 8223
105 8223
105 8223
105 8223
105 8525
105 8525
105 8528
105 8528
105 8528
105 8528
105 8528
105 8528
105 8529
105 8529
105 8529
105 8529
105 8529
105 8529
105 8784
105 8784
105 8787
105 8787
105 8788
105 8788
105 8788
105 8788
105 8788
105 8788
105 8788
105 8788
105 8788
105 8788
105 8788
105 8788
105 9061
105 9061
105 9063
105 9063
105 9063
105 9063
104 9137
104 9139
104 9139
104 9140
104 9140
104 9303
104 9306
104 9306
104 9307
104 9307
104 9406
104 9409
104 9658
104 9660
110 9917
110 9920
110 9923
104 10346
104 10349
104 10510
104 10513
104 10516
104 10519
110 10706
110 10711
110 10711
110 10714
110 10793
110 10816
104 10886
104 10889
104 10892
104 10895
110 11069
110 11072
110 11073
110 11291
110 11301
110 11354
110 11551
110 11554
110 11554
110 11677
110 11681
110 11681
110 11681
110 11887
110 11890
110 11890
110 11891
104 12321
110 12457
110 12460
110 12461
110 12461
110 12461
110 12824
110 12827
110 13038
110 13041
110 13041
110 13133
110 13136
110 13136
110 13136
110 13136
104 13391
104 13405
104 13425
107 14179
107 14182
107 14184
107 14184
107 14412
107 14415
107 14417
107 14417
107 14614
107 14617
107 14617
110 15446
110 15517
110 15520
110 15520
110 15520
110 15521
110 15521
110 15521
110 15521
110 15521
110 15523
107 15696
107 15699
107 15701
107 15701
107 15718
107 15846
110 16359
110 16362
110 16362
110 16362
110 16362
110 16362
110 16362
110 16365
110 16476
110 16479
110 16479
110 16479
110 16479
110 16479
110 16588
110 16591
110 16863
110 16866
110 16866
110 16866
110 17067
110 17070
110 17070
110 17070
110 17208
110 17210
110 17211
110 17378
110 17381
110 17381
110 17560
110 17577
110 17724
110 17727
110 17729
110 18023
110 18026
110 18026
110 18027
110 18027
110 18027
110 18132
110 18135
110 18307
110 18310
110 18310
110 18311
110 18417
110 18422
110 18530
110 18533
110 18540
110 18754
110 18759
110 18759
110 18759
110 18887
110 18891
110 18891
110 19057
110 19061
110 19061
110 19061
110 19169
110 19172
