104 287
104 660
104 957
104 960
104 1435
104 1507
104 1590
104 2022
104 2100
104 2238
104 2478
104 2799
104 2982
104 3293
104 3296
126 3634
104 3813
105 4005
105 4005
105 4033
105 4033
126 4172
104 4244
104 4246
105 4247
105 4247
104 4455
104 4542
126 4624
104 4663
104 4729
104 4899
126 4924
104 5023
104 5026
104 5179
104 5181
104 5184
104 5487
104 5490
104 5492
105 5799
105 5799
105 5802
105 5802
105 5809
105 5809
104 5871
104 5874
104 5874
104 5874
104 5874
126 5901
105 6110
105 6110
105 6111
105 6111
105 6114
105 6114
105 6596
105 6596
105 6598
105 6598
105 6600
105 6600
104 6667
104 6681
104 6684
104 6687
104 7093
104 7096
104 7099
110 7329
110 7332
110 7332
110 7332
110 7334
110 7334
110 7334
104 7490
104 7493
110 8012
110 8013
110 8015
110 8015
110 8015
110 8015
110 8015
104 8142
104 8145
104 8148
104 8150
104 8153
104 8155
104 8363
104 8367
104 9091
104 9100
104 9103
104 9105
104 9464
104 9467
104 9470
104 9472
107 9553
107 9556
107 9556
107 9556
107 9556
107 9608
107 9888
107 9993
107 10038
104 10067
104 10070
104 10073
107 10242
107 10244
104 10469
104 10470
104 10473
104 10476
104 10659
105 10706
105 10706
105 10707
105 10707
105 10709
105 10709
105 10709
105 10709
105 10709
105 10709
105 10709
105 10709
105 10709
105 10709
105 10709
105 10709
104 10725
104 10903
104 10906
104 10909
104 10910
104 10913
104 10916
104 10919
104 11128
104 11131
104 11132
110 11522
110 11524
110 11525
107 11613
107 11616
110 11682
110 11685
110 11685
110 11685
110 11685
110 11685
110 11685
107 11699
110 11782
110 11835
110 11962
110 11964
110 11964
110 12045
110 12046
110 12049
110 12126
110 12128
105 12416
105 12416
105 12419
105 12419
105 12419
105 12419
105 12419
105 12419
105 12419
105 12419
105 12419
105 12419
105 12420
105 12420
105 12420
105 12420
105 12420
105 12420
110 12460
110 12462
110 12488
110 12493
107 12813
107 12815
110 12835
107 12848
107 12851
107 12854
107 12868
110 12886
110 12889
110 12901
110 12965
110 13024
110 13025
