106 690
88 1060
89 1122
86 1748
106 2937
138 3737
106 3936
86 4153
87 4260
138 4691
87 4907
106 4973
106 5167
138 5525
138 5540
87 5548
87 5548
138 5598
88 5681
88 5708
96 5794
99 5917
106 6121
87 6133
87 6139
87 6159
87 6185
87 6230
138 6694
138 6718
87 6750
12 6858
15 6865
138 7146
87 7148
87 7162
138 7182
87 7185
87 7194
106 7280
106 7283
87 7321
87 7329
87 7366
106 7446
106 7535
90 7545
90 7552
106 7574
106 7579
12 7588
86 7754
87 7825
87 7835
87 7839
87 7843
88 7873
88 7898
86 7975
15 8067
138 8365
87 8733
91 8740
87 8750
87 8760
87 8781
87 8787
87 8934
87 8988
289 10219
289 10219
289 10219
289 10219
289 10219
289 10219
289 10219
289 10219
289 10219
87 10489
87 10507
87 10511
86 10741
106 10784
106 10919
106 10933
289 11373
289 11373
289 11373
289 11373
289 11373
289 11373
87 11630
91 11721
106 11853
106 11858
86 12093
87 12099
106 12248
106 12251
289 12828
289 12828
289 12828
289 12828
289 12828
289 12828
289 12828
289 12828
289 12828
91 13056
106 13260
86 13430
289 14256
289 14256
289 14256
289 14256
289 14256
289 14256
289 14256
289 14256
289 14256
106 14929
106 15152
