104 286
104 679
104 983
104 985
104 1073
104 1528
104 1640
104 1995
104 2055
104 2265
104 2508
104 2847
104 3047
104 3209
104 3589
126 3631
104 3636
126 3906
104 3918
104 3921
104 3923
105 4120
105 4120
104 4191
104 4224
104 4243
104 4246
104 4440
104 4620
104 4623
126 4712
104 4731
126 4901
104 5215
104 5217
104 5220
104 5239
104 5240
104 5243
104 5289
104 5292
104 5580
104 5583
104 5674
104 5677
104 5975
104 5976
104 5979
104 6011
105 6066
105 6066
105 6068
105 6068
105 6071
105 6071
104 6248
104 6252
104 6254
104 6340
104 6343
104 6346
104 6441
104 6442
104 6527
104 6595
104 6598
104 6601
104 6615
104 6668
104 6671
104 6761
104 6763
104 6833
104 6835
104 6838
104 6871
104 7184
107 7779
107 7782
107 7785
107 7788
107 8010
107 8013
107 8014
107 8018
107 8098
105 8254
105 8254
105 8260
105 8260
105 8260
105 8260
105 8262
105 8262
105 8262
105 8262
105 8263
105 8263
105 8265
105 8265
105 8265
105 8265
107 8276
107 8351
104 8440
104 8446
107 8455
107 8832
107 8833
104 9401
104 9403
104 9406
104 9409
104 9411
107 9730
107 9736
107 9737
107 9737
107 9737
107 9739
107 9780
107 9870
107 9871
105 10201
105 10201
105 10206
105 10206
105 10206
105 10206
9 10206
105 10208
105 10208
105 10208
105 10208
105 10211
9 10211
9 10211
105 10211
9 10213
9 10213
105 10214
105 10214
9 10214
9 10214
9 10216
9 10216
9 10217
9 10217
9 10219
9 10234
9 10253
9 10259
9 10272
9 10281
9 10285
9 10306
9 10344
9 10347
105 10452
105 10452
105 10454
105 10454
105 10467
105 10467
105 10559
105 10559
105 10591
105 10591
105 10632
105 10632
105 10635
105 10635
105 10725
105 10725
105 10727
105 10727
105 10765
105 10765
105 10766
105 10766
105 10769
105 10769
9 11035
9 11041
9 11042
9 11042
9 11043
105 11133
105 11133
105 11139
105 11139
105 11141
105 11141
105 11141
105 11141
105 11142
105 11142
105 11143
105 11143
105 11143
105 11143
105 11143
105 11143
105 11145
105 11145
105 11434
105 11434
