104 286
104 675
104 968
104 971
104 1050
104 1550
104 1640
104 2185
104 2310
104 2449
104 2655
104 2725
104 2730
104 2819
104 2962
105 3773
105 3773
105 3775
105 3775
105 3775
105 3775
105 3776
105 3776
105 3966
105 3966
105 4031
105 4031
126 4210
126 4217
104 4419
104 4421
104 4424
104 4758
110 4854
110 4856
104 5697
110 5828
110 5831
110 5900
110 7086
110 7089
105 7247
105 7247
105 7250
105 7250
105 7251
105 7251
105 7926
105 7926
105 7929
105 7929
110 7947
110 7950
110 8169
126 8545
110 8546
110 8582
110 8586
110 8589
105 8647
105 8647
126 8737
105 8839
105 8839
105 9091
105 9091
105 9095
105 9095
105 9330
105 9330
110 9739
