106 674
86 1138
88 1562
89 1675
106 2876
86 3590
106 4179
138 4373
97 4642
88 4691
106 4906
87 4965
138 5130
106 5297
106 5306
87 5708
87 5743
138 5956
99 6213
99 6263
87 6318
87 6328
138 6486
138 6491
87 6493
106 6908
106 6911
106 7094
106 7097
88 7359
88 7381
106 7520
88 7531
87 7551
87 7566
90 7657
90 7696
87 7724
87 7729
88 8442
87 8516
87 8528
86 8829
106 8870
87 9047
87 9075
87 9179
87 9305
106 9320
106 9552
106 9555
87 9839
106 9859
106 9866
106 9867
87 9907
87 9933
87 9990
106 10033
138 10419
138 10456
106 10676
106 10679
106 10682
106 10684
138 11441
87 11685
87 11768
138 11910
87 12586
