104 287
104 672
104 967
104 967
104 1453
104 1632
104 1635
104 2056
104 2131
104 2278
104 2508
105 3186
105 3186
105 3189
105 3189
104 3250
104 3250
104 3533
104 3535
126 3593
126 3596
104 3958
104 3959
104 4040
104 4292
104 4403
104 4483
104 4485
104 4619
104 4621
104 4649
104 4699
104 4847
104 4957
126 5072
104 5438
104 5438
104 5438
104 5439
104 5439
104 5439
104 5547
104 5770
104 5773
104 5874
104 5920
104 6137
104 6139
104 6167
104 6169
104 6172
104 6175
104 6281
104 6284
105 6595
105 6595
105 6598
105 6598
105 6600
105 6600
105 6603
105 6603
126 6609
126 6638
105 6786
105 6786
104 6874
104 6876
104 6878
105 6919
105 6919
105 6921
105 6921
105 6950
104 6950
105 6950
105 6953
105 6953
104 7159
104 7161
105 7208
105 7208
105 7211
105 7211
105 7214
105 7214
104 7457
104 7459
104 7461
104 7651
104 7651
104 8073
104 8076
104 8079
110 8253
110 8256
110 8259
110 8341
110 8344
110 8347
110 8348
110 8508
110 8511
110 8512
110 8515
104 8930
104 8931
104 8934
110 9183
110 9186
110 9189
110 9190
110 9360
110 9362
110 9365
110 9368
110 9369
110 9416
110 9530
110 9837
110 9840
110 9840
110 9840
110 9840
110 9841
110 9841
110 10094
110 10097
110 10097
105 10231
105 10231
105 10234
105 10234
105 10234
105 10234
110 10272
110 10273
110 10276
110 10441
110 10444
110 10446
110 10449
110 10451
105 10995
105 10995
105 10996
105 10996
105 10998
105 10998
105 10998
105 10998
105 10998
105 10998
105 10998
105 10998
105 10998
105 10998
105 10998
105 10998
105 10998
105 10998
105 11257
105 11257
105 11258
105 11258
105 11258
105 11258
105 11260
105 11260
105 11260
105 11260
105 11260
105 11260
105 11260
105 11260
105 11260
105 11260
105 11260
105 11260
9 11505
9 11508
9 11508
9 11508
9 11508
9 11510
9 11510
9 11510
105 11590
105 11590
105 11592
105 11592
105 11592
105 11592
105 11592
105 11592
105 11592
105 11592
105 11592
105 11592
9 11629
9 11632
9 11632
9 11632
9 11632
9 11632
9 11634
9 11634
9 11634
9 11736
9 11739
9 11739
9 11739
9 11739
9 11739
9 11739
9 11739
9 11740
9 11740
105 11898
105 11898
105 11900
105 11900
105 11900
105 11900
105 11900
105 11900
105 12001
105 12001
9 12001
9 12003
9 12003
9 12003
9 12003
105 12004
105 12004
105 12004
105 12004
105 12004
105 12004
105 12129
105 12129
105 12132
105 12132
