106 693
86 1181
88 1580
89 1665
106 2621
86 3546
106 4228
138 4323
97 4618
88 4854
87 4876
106 5119
106 5216
106 5363
106 5518
106 5894
88 5954
87 6172
90 6507
138 6800
88 7089
106 7103
88 7157
87 7218
106 7225
90 7362
106 7433
87 7624
88 7809
12 8286
106 8540
106 8586
17 8645
106 8822
106 8851
87 8960
106 8967
87 8974
86 9383
87 9579
106 9740
106 9788
106 9842
106 10054
106 10060
106 10061
106 10061
91 11162
106 11313
106 11316
106 11336
106 11339
289 12100
289 12100
289 12100
289 12100
289 12100
289 12100
289 12100
289 12100
289 12100
