106 689
86 1090
89 1450
106 3261
138 3606
87 4304
138 4305
88 4370
88 4402
106 4524
106 4640
86 4808
87 5036
87 5053
138 5104
97 5527
106 5749
87 5834
138 5836
138 5885
88 5969
138 6021
87 6052
90 6116
88 6397
87 6545
87 6577
87 6592
106 7033
87 7274
87 7279
87 7300
99 7556
106 7997
89 8199
87 8494
106 8640
106 8643
87 8687
87 8696
106 8865
106 8868
106 8868
87 9012
87 9047
106 9120
95 9166
87 9394
87 9584
87 9608
106 9901
87 9903
106 9904
87 9933
87 9958
142 10062
106 10101
106 10119
88 10387
88 10412
106 10510
87 10742
90 10769
96 11053
86 11373
87 11386
87 11683
87 11716
106 12025
106 12027
106 12032
138 12131
138 12195
138 12242
87 12253
86 12261
138 12264
138 12271
86 12282
138 12318
94 12401
87 12457
87 12996
138 13011
87 13023
87 13025
87 13037
87 13038
106 13052
138 13074
89 13246
289 13321
289 13321
289 13321
289 13321
289 13321
289 13321
289 13321
289 13321
289 13321
289 13361
289 13361
289 13361
289 13361
289 13361
289 13361
289 13438
289 13438
289 13438
289 13438
289 13438
289 13438
90 13481
90 13488
289 13500
289 13500
289 13500
289 13500
289 13500
289 13500
86 13688
87 13807
87 13855
87 13873
87 13873
87 13876
87 13877
87 14060
289 14432
289 14432
289 14432
289 14432
289 14432
289 14432
289 14432
289 14432
289 14432
289 15519
289 15519
289 15519
289 15519
289 15519
289 15519
93 15678
88 16086
88 16106
90 16261
289 16547
289 16547
289 16547
289 16547
289 16547
289 16547
289 16547
289 16547
289 16547
87 16618
87 16701
87 16728
86 16847
138 16874
138 16934
138 16984
99 16988
87 16990
138 17041
