106 685
86 1092
88 1577
89 1664
88 3187
106 3569
138 3607
86 3718
87 4279
106 4429
88 4598
97 4600
106 4742
138 4800
87 5256
87 5316
138 5489
106 5609
106 5710
99 6168
99 6232
87 6336
87 6360
138 6393
87 6662
106 6730
99 6848
106 6927
87 7090
88 7600
88 7613
87 7767
106 8103
87 8121
106 8155
90 8257
90 8259
88 8362
106 8386
138 8405
138 8410
87 8471
138 9408
96 9538
88 9701
138 9759
86 9902
87 9956
92 9998
87 10203
138 10358
138 10365
138 10484
106 10549
12 10648
15 10655
87 10768
87 10768
138 10771
138 10774
106 10977
87 11344
87 11354
87 11355
138 11370
87 11548
106 11596
106 11597
87 12059
87 12160
87 12164
106 12295
106 12298
106 12301
106 12304
106 12307
106 12335
138 12625
138 12698
106 12704
87 12721
138 12761
138 12816
138 12962
94 13050
87 13110
87 13895
87 13897
87 13900
138 13914
86 13916
138 13924
87 13935
99 14013
98 14022
138 14818
138 14996
