104 284
104 654
104 974
104 977
104 1426
104 1512
104 1597
104 1996
104 2074
104 2229
104 2281
104 2516
104 2920
105 3097
105 3097
105 3100
105 3100
104 3381
104 3471
126 3506
126 3530
104 3933
104 3941
104 3941
104 3955
104 3957
104 4338
126 4703
104 4719
104 4722
104 4740
104 4742
104 4745
104 4902
104 4919
104 5222
104 5225
104 5228
104 5230
104 5294
104 5307
105 5494
105 5494
105 5502
105 5502
126 5633
110 6035
110 6037
110 6040
110 6042
110 6189
110 6192
110 6195
110 6198
104 6414
104 6440
104 6442
104 6445
126 6661
105 6811
105 6811
105 6814
105 6814
105 6816
105 6816
104 6948
104 6951
104 6953
104 7047
104 7048
104 7051
104 7054
104 7135
104 7185
104 7263
104 7264
104 7315
104 7342
104 7424
104 7426
104 7473
104 7512
104 7528
104 7533
104 7572
104 7620
104 7654
104 7797
104 7800
104 7803
104 7934
104 7937
104 7939
105 8190
105 8190
105 8193
105 8193
105 8550
105 8550
105 8555
105 8555
105 8555
105 8555
105 8557
105 8557
105 8558
105 8558
105 8558
105 8558
104 8577
104 8580
104 8583
104 8586
104 8609
104 8612
104 8633
105 9009
105 9009
105 9014
105 9014
105 9016
105 9016
105 9016
105 9016
105 9107
105 9107
104 9343
105 9373
105 9373
105 9379
105 9379
105 9380
105 9380
105 9380
105 9380
105 9382
105 9382
105 9382
105 9382
105 9383
105 9383
105 9384
105 9384
105 9384
105 9384
110 9419
110 9421
126 9438
104 9557
104 9560
104 9634
104 9637
104 9657
126 9930
104 9939
104 9940
104 9945
126 9954
104 10270
104 10271
104 10274
105 10560
105 10560
105 10563
105 10563
105 10702
105 10702
105 10795
105 10795
105 10798
105 10798
105 10801
105 10801
105 10804
105 10804
105 10974
105 10974
9 11003
9 11010
9 11010
9 11012
9 11012
9 11013
9 11015
9 11015
9 11016
9 11016
105 11142
105 11142
105 11143
105 11143
105 11148
105 11148
105 11151
105 11151
105 11153
105 11153
105 11156
105 11156
105 11159
105 11159
104 11636
104 11637
104 11640
104 11645
104 11647
108 12129
108 12135
108 12135
108 12137
108 12137
108 12138
105 12239
105 12239
105 12243
105 12243
108 12260
108 12263
108 12265
108 12268
108 12271
108 12279
104 12612
104 12619
104 12619
104 12621
104 12621
104 12854
104 12857
104 12860
104 12862
104 12865
104 12868
108 13059
105 13156
105 13156
105 13159
105 13159
105 13163
105 13163
105 13166
105 13166
105 13169
105 13169
108 13261
104 13264
108 13264
104 13267
9 13420
105 13421
105 13421
105 13424
105 13424
9 13426
9 13427
9 13427
9 13429
9 13429
9 13430
9 13431
105 13621
105 13621
105 13626
105 13626
105 13626
105 13626
105 13749
105 13749
105 13755
105 13755
105 13755
105 13755
105 13756
105 13756
105 13756
105 13756
105 13757
105 13757
105 13886
105 13886
105 13888
105 13888
105 13994
105 13994
105 13999
105 13999
104 14007
104 14010
104 14014
104 14015
104 14018
9 14143
9 14148
105 14149
105 14149
9 14150
9 14150
9 14151
9 14151
105 14152
105 14152
9 14153
9 14153
9 14154
9 14154
105 14155
105 14155
9 14156
9 14156
9 14157
9 14158
9 14158
9 14160
9 14160
9 14161
9 14161
9 14163
105 14312
105 14312
9 14422
9 14428
9 14429
105 14453
105 14453
105 14458
105 14458
105 14458
105 14458
105 14460
105 14460
105 14460
105 14460
105 14463
105 14463
105 14669
105 14669
105 14673
105 14673
105 14674
105 14674
105 14674
105 14674
105 14676
105 14676
105 14676
105 14676
105 14677
105 14677
105 14679
105 14679
104 14807
104 14810
104 14813
126 14815
105 14965
105 14965
105 14971
105 14971
105 14971
105 14971
105 14972
105 14972
105 14972
105 14972
9 15068
9 15074
9 15074
105 15075
105 15075
9 15075
9 15075
9 15077
9 15094
9 15098
9 15101
9 15104
9 15107
9 15110
105 15226
105 15226
105 15229
105 15229
105 15231
105 15231
9 15324
9 15330
9 15330
9 15332
9 15332
9 15333
9 15333
9 15334
9 15334
105 15345
105 15345
105 15347
105 15347
9 15350
9 15356
9 15357
9 15357
105 15538
105 15538
105 15544
105 15544
105 15544
105 15544
105 15545
105 15545
105 15545
105 15545
105 15547
105 15547
105 15547
105 15547
105 15548
105 15548
105 15550
105 15550
105 15550
105 15550
9 15748
9 15753
9 15755
9 15755
9 15756
9 15756
9 15758
9 15758
9 15759
9 15761
9 15761
9 15761
105 15878
105 15878
105 15884
105 15884
105 15884
105 15884
105 15885
105 15885
105 15886
105 15886
105 15886
105 15886
105 15888
105 15888
105 16082
105 16082
105 16088
105 16088
105 16275
105 16275
105 16278
105 16278
105 16281
105 16281
105 16284
105 16284
105 16287
105 16287
105 16373
105 16373
105 16374
105 16374
108 16399
108 16400
108 16403
105 16478
105 16478
105 16517
105 16517
105 16520
105 16520
