104 289
104 675
104 987
104 990
104 1059
104 1507
104 1927
104 2026
104 2091
104 2255
104 2750
104 2969
104 3087
104 3268
126 3396
105 3461
105 3461
104 3550
126 3596
105 3631
105 3631
104 3884
104 4054
104 4057
104 4190
104 4306
105 4628
105 4628
105 4631
105 4631
105 4631
105 4631
105 4811
105 4811
105 4814
105 4814
105 4814
105 4814
105 4815
105 4815
9 5262
9 5271
104 5271
104 5275
126 5329
105 5499
105 5499
105 5672
105 5672
105 5675
105 5675
105 5675
105 5675
105 5676
105 5676
104 5708
104 5712
104 5832
105 5886
105 5886
104 5894
104 6349
104 6353
104 6353
104 6353
104 6354
104 6354
104 6354
104 6650
104 6652
104 6654
104 6759
104 6763
104 6763
104 6763
104 6946
110 7125
110 7128
110 7129
110 7129
110 7243
110 7246
110 7246
105 7452
105 7452
105 7457
105 7457
104 7644
104 7649
104 7649
104 7649
104 7798
104 7863
104 7905
104 7908
104 8030
104 8034
104 8034
104 8034
104 8036
104 8036
104 8036
104 8147
104 8240
110 8459
110 8462
110 8462
110 8463
110 8616
110 8619
110 8619
110 8792
110 8865
104 9125
104 9128
104 9131
104 9134
110 9150
110 9154
110 9369
110 9372
110 9740
110 9743
110 9743
110 9743
110 9745
110 9745
110 9745
110 10122
110 10126
110 10126
110 10126
110 10266
110 10401
110 10405
110 10405
110 10405
110 10472
110 10595
110 10598
110 10600
110 10600
110 10820
110 10824
110 10824
110 10824
110 10824
110 11034
110 11039
110 11039
110 11879
110 11883
110 11883
110 11883
110 11885
110 11885
110 11886
110 11886
110 11886
110 11888
110 11888
