104 293
104 688
104 970
104 973
104 1080
104 1581
104 1619
104 2038
104 2133
104 2153
104 2219
104 2350
104 3130
105 3152
105 3152
105 3205
105 3205
104 3212
104 3355
104 3471
126 3542
104 3625
126 3641
104 3774
104 3897
104 4059
104 4322
104 4325
104 4424
104 4534
104 4537
104 4668
104 4675
105 4719
105 4719
104 4925
126 4997
104 5014
104 5019
104 5022
104 5407
104 5439
104 5548
104 5553
104 5557
9 5676
9 5680
104 5790
104 5793
104 5796
104 5800
104 5936
104 5940
105 6220
105 6220
105 6225
105 6225
105 6228
105 6228
105 6284
105 6284
105 6464
105 6464
105 6467
105 6467
105 6470
105 6470
105 6474
105 6474
104 6971
104 6975
9 7255
9 7259
9 7262
105 7513
105 7513
105 7516
105 7516
105 7520
105 7520
105 7523
105 7523
108 7597
108 7710
105 7823
105 7823
105 7825
105 7825
108 7902
108 7905
108 7909
108 7912
108 8111
108 8337
108 8339
108 8344
105 8901
105 8901
105 8904
105 8904
105 8908
105 8908
105 8911
105 8911
105 9233
105 9233
105 9238
105 9238
105 9240
105 9240
105 9243
105 9243
105 9246
105 9246
105 9249
105 9249
9 9780
9 9782
9 9785
9 9790
9 9793
108 10127
108 10130
108 10133
108 10137
108 10182
126 10248
108 10310
105 10499
105 10499
105 10503
105 10503
105 10506
105 10506
108 10520
108 10523
104 10545
104 10548
108 10905
105 10916
105 10916
105 10919
105 10919
105 10923
105 10923
105 10926
105 10926
126 11060
104 11203
104 11206
104 11208
104 11213
104 11216
108 11223
108 11571
9 11806
9 11818
9 11818
9 11819
9 11819
9 11821
9 11821
9 11822
105 12093
105 12093
105 12098
105 12098
105 12101
105 12101
105 12104
105 12104
105 12108
105 12108
105 12111
105 12111
105 12114
105 12114
104 12166
104 12341
104 12344
104 12347
108 12422
108 12426
108 12429
108 12761
108 12766
108 13006
108 13009
108 13285
108 13290
104 13300
104 13303
104 13307
105 13333
105 13333
105 13337
105 13337
105 13340
105 13340
105 13343
105 13343
105 13347
105 13347
105 13350
105 13350
108 13434
108 13776
108 14238
108 14241
108 14244
105 14287
105 14287
105 14302
105 14302
105 14302
105 14302
105 14303
105 14303
105 14303
105 14303
105 14304
105 14304
105 14304
105 14304
105 14306
105 14306
108 14558
104 14617
104 14620
108 15101
108 15170
105 15383
105 15383
105 15385
105 15385
105 15390
105 15390
105 15393
105 15393
105 15397
105 15397
105 15400
105 15400
105 15403
105 15403
105 15411
105 15411
105 15414
105 15414
105 15417
105 15417
9 15530
9 15542
9 15543
9 15543
9 15545
9 15546
9 15546
9 15546
9 15547
9 15549
108 15819
105 16223
105 16223
105 16238
105 16238
105 16238
105 16238
105 16238
105 16238
105 16239
105 16239
105 16241
105 16241
105 16241
105 16241
105 16242
105 16242
105 16243
105 16243
105 16243
105 16243
105 16245
105 16245
105 16245
105 16245
108 16549
108 16551
