104 295
104 654
104 970
104 973
104 1050
104 1318
104 1532
104 1552
104 1585
104 1839
104 2123
104 2252
105 2659
105 2659
126 2987
104 3332
104 3335
104 3751
105 4012
105 4012
105 4015
105 4015
105 4056
105 4056
104 4152
104 4155
104 4158
104 4561
104 4564
104 4565
104 4879
104 4882
126 4938
104 5128
104 5448
104 5451
104 5452
104 5455
104 5458
104 5585
104 5587
104 5589
104 6212
104 6215
126 6369
104 6483
104 6486
104 6488
104 6491
104 6494
104 6496
104 6499
104 6581
104 6717
104 6720
104 6792
104 6821
104 6827
104 6864
105 7447
105 7447
105 7450
105 7450
107 7480
107 7483
107 7549
105 7723
105 7723
105 7726
105 7726
105 7728
105 7728
105 7730
105 7730
107 7844
107 7847
105 8282
105 8282
107 8306
107 8309
107 8403
107 8630
105 8650
105 8650
105 8653
105 8653
107 9055
105 9495
105 9495
105 9498
105 9498
105 9500
105 9500
105 9502
105 9502
105 9504
105 9504
107 9520
107 9523
105 9648
105 9648
105 9651
105 9651
105 9654
105 9654
105 9656
105 9656
107 9775
105 9949
105 9949
105 9952
105 9952
126 9985
107 10075
105 10349
105 10349
105 10352
105 10352
107 10474
