104 289
104 672
104 967
104 970
104 1485
104 1548
104 1661
104 2055
104 2126
104 2268
104 2498
104 2757
105 3231
105 3231
104 3339
104 3394
104 3493
104 3519
126 3612
104 3705
105 3956
105 3956
105 4151
105 4151
104 4221
126 4332
104 4357
126 4513
104 4711
104 4714
104 4714
104 4714
104 4714
104 4714
104 4714
104 4969
104 5002
104 5101
104 5104
104 5105
104 5312
104 5315
104 5318
104 5697
104 5737
104 5740
104 5894
104 5911
126 5966
104 5995
104 6048
104 6051
104 6057
104 6133
104 6140
104 6140
104 6392
104 6393
126 6415
104 6468
104 6499
104 6501
104 6501
104 6607
104 6775
104 6778
104 6778
104 6851
104 6854
104 6981
104 6984
107 7440
107 7509
107 7562
104 7603
107 7605
104 7606
104 7621
104 7624
107 7731
107 7733
107 7929
107 8057
107 8132
107 8324
107 8492
105 8603
105 8603
105 8607
105 8607
105 8610
105 8610
107 8643
107 8730
107 8862
107 8885
104 8912
104 9205
104 9208
104 9211
107 9383
107 9386
107 9386
107 9564
107 9567
107 9728
107 9737
107 9894
107 9897
105 9936
105 9936
105 9950
105 9950
9 10033
9 10034
9 10034
107 10064
107 10068
105 10123
105 10123
105 10126
105 10126
105 10127
105 10127
9 10488
9 10489
9 10491
9 10491
105 10499
105 10499
107 10588
107 10591
107 10591
107 10591
105 10677
105 10677
105 10807
105 10807
105 10809
105 10809
105 10809
105 10809
105 10809
105 10809
105 10809
105 10809
105 10809
105 10809
105 10811
105 10811
105 10811
105 10811
105 11135
105 11135
105 11138
105 11138
105 11138
105 11138
105 11138
105 11138
107 11164
107 11187
9 11242
9 11245
9 11245
9 11252
9 11258
105 11260
105 11260
9 11269
126 11283
126 11284
126 11306
9 11311
9 11313
9 11313
9 11330
107 11377
107 11380
107 11682
107 11685
105 11689
105 11689
105 11690
105 11690
105 11690
105 11690
105 11692
105 11692
9 11877
9 11878
9 11880
9 11880
9 11880
9 11880
9 11880
9 11880
105 11974
105 11974
105 11975
105 11975
105 11977
105 11977
105 11977
105 11977
105 11978
105 11978
105 11978
105 11978
105 11987
105 11987
105 12093
105 12093
105 12095
105 12095
105 12095
105 12095
105 12108
105 12108
107 12337
105 12403
105 12403
105 12406
105 12406
105 12511
105 12511
105 12514
105 12514
105 12514
105 12514
105 12515
105 12515
107 12518
107 12521
107 12521
