104 287
104 650
104 960
104 962
104 1055
104 1341
104 1391
104 1430
104 1463
104 1569
104 2080
104 2198
105 2656
105 2656
104 2970
126 2994
104 3374
105 3633
105 3633
105 3904
105 3904
105 3954
105 3954
105 4048
105 4048
105 4174
105 4174
105 4180
105 4180
126 4204
105 4229
105 4229
105 4441
105 4441
105 4489
105 4489
105 4577
105 4577
105 4941
105 4941
105 4949
105 4949
105 4952
105 4952
105 5057
105 5057
105 5130
105 5130
105 5232
105 5232
105 5248
105 5248
105 5762
105 5762
105 5769
105 5769
105 5769
105 5769
105 5769
105 5769
105 5769
105 5769
105 6021
105 6021
105 6028
105 6028
105 6038
105 6038
105 6302
105 6302
105 6309
105 6309
105 7249
105 7249
105 7256
105 7256
105 7256
105 7256
105 7256
105 7256
105 7256
105 7256
