104 289
104 682
104 978
104 983
104 1059
104 1481
104 1645
104 2020
104 2060
104 2097
104 2285
104 2750
105 3140
105 3140
105 3334
105 3334
105 3337
105 3337
104 3480
104 3484
126 3552
104 3690
104 3706
126 3746
104 4041
104 4483
104 4486
126 4487
104 4518
104 4570
104 4574
126 4627
104 4676
104 4681
104 5004
104 5007
104 5012
104 5118
104 5121
105 5432
105 5432
105 5435
105 5435
104 5651
105 5691
105 5691
105 5694
105 5694
105 5697
105 5697
104 5779
104 5782
104 5785
105 6133
105 6133
105 6136
105 6136
105 6386
105 6386
105 6470
105 6470
105 6474
105 6474
105 6477
105 6477
105 6480
105 6480
126 6634
104 6696
104 6699
104 6702
126 6711
105 6888
105 6888
105 6891
105 6891
105 6985
105 6985
105 6988
105 6988
105 7067
105 7067
105 7070
105 7070
126 7173
105 7219
105 7219
105 7222
105 7222
105 7227
105 7227
105 7230
105 7230
105 7232
105 7232
105 7402
105 7402
105 7405
105 7405
105 7525
105 7525
105 7528
105 7528
105 7530
105 7530
105 7533
105 7533
105 7536
105 7536
105 7539
105 7539
105 7542
105 7542
105 7671
105 7671
105 7674
105 7674
105 7677
105 7677
9 7727
9 7733
9 7733
9 7734
9 7734
9 7736
9 7736
9 7737
105 7896
105 7896
105 7899
105 7899
105 7902
105 7902
105 7990
105 7990
105 7992
105 7992
