104 287
104 664
104 964
104 967
104 1052
104 1328
104 1332
104 1361
104 1521
104 1780
104 2005
104 2324
105 2772
105 2772
126 3095
104 3356
104 3361
104 3496
104 3742
105 3973
105 3973
105 4181
105 4181
105 4184
105 4184
105 4187
105 4187
105 4345
105 4345
105 4348
105 4348
126 4381
105 4708
105 4708
105 4712
105 4712
105 4712
105 4712
105 5055
105 5055
126 5282
105 5312
105 5312
105 5317
105 5317
105 5317
105 5317
105 5317
105 5317
105 5378
105 5378
105 5771
105 5771
105 5774
105 5774
105 5774
105 5774
105 5924
105 5924
105 6018
105 6018
105 6020
105 6020
105 6110
105 6110
105 6147
105 6147
126 6172
105 6503
105 6503
105 6505
105 6505
105 6652
105 6652
105 6655
105 6655
105 6769
105 6769
105 6946
105 6946
105 6950
105 6950
105 6950
105 6950
105 7060
105 7060
105 7080
105 7080
