104 289
104 659
104 951
104 1376
104 1469
104 1537
104 1645
104 2038
104 2085
104 2124
104 2339
104 2582
104 2819
105 3182
105 3182
105 3248
105 3248
104 3303
104 3376
126 3621
126 3622
104 3697
104 3699
104 4129
104 4131
105 4319
105 4319
105 4320
105 4320
105 4459
105 4459
105 4780
105 4780
104 4871
104 4873
105 4876
105 4876
105 4879
105 4879
105 4880
105 4880
105 4883
105 4883
105 4885
105 4885
126 5182
105 5301
105 5301
104 5502
104 5504
104 5720
104 5721
104 5723
104 5726
105 5849
105 5849
105 5851
105 5851
126 6061
105 6098
105 6098
105 6100
105 6100
105 6121
105 6121
105 6248
105 6248
105 6249
105 6249
105 6261
105 6261
126 6405
126 6871
105 7073
105 7073
105 7077
105 7077
105 7077
105 7077
105 7078
105 7078
105 7078
105 7078
105 7224
105 7224
105 7227
105 7227
105 7234
105 7234
105 7362
105 7362
105 7365
105 7365
105 7366
105 7366
105 7408
105 7408
105 7466
105 7466
126 7467
105 7487
105 7487
105 7555
105 7555
105 7720
105 7720
105 7722
105 7722
105 7725
105 7725
105 7726
105 7726
105 7912
105 7912
105 7913
105 7913
105 7915
105 7915
105 7918
105 7918
105 7920
105 7920
105 8112
105 8112
105 8115
105 8115
105 8116
105 8116
105 8194
105 8194
105 8324
105 8324
105 8375
105 8375
105 8417
105 8417
105 8578
105 8578
105 8580
105 8580
105 8655
105 8655
126 8699
