106 680
89 974
86 1641
90 2314
86 2376
88 2724
106 3051
86 3235
138 4367
86 5050
106 5163
99 5179
99 5187
87 5284
87 5879
138 6075
138 6294
86 6338
106 6537
106 6540
87 6885
87 6933
87 6951
138 6996
138 7034
87 7492
87 7512
138 7561
289 7802
289 7802
289 7802
289 7802
289 7802
289 7802
289 7802
289 7802
289 7802
106 7919
87 8146
106 8168
106 8171
87 8182
87 8188
99 8227
86 8550
88 8821
97 8856
88 8860
138 8872
88 9202
88 9221
87 9243
87 9252
87 9292
87 9543
87 9563
87 9572
106 9698
88 9814
106 9873
106 10084
94 10479
87 10578
90 10669
87 10683
106 10838
99 10847
87 10879
87 10882
87 11456
87 11682
88 11769
138 11855
106 11879
106 11901
106 11905
106 11905
106 11905
106 11906
138 11916
95 11965
12 11970
13 11978
86 12116
142 12918
106 13087
106 13088
289 13137
289 13137
289 13137
289 13137
289 13137
289 13137
289 13137
289 13137
289 13137
106 13375
106 13376
106 13379
142 13428
489 13754
489 13754
92 14593
142 14910
86 15073
88 15391
142 15750
142 16179
489 17425
489 17425
489 17425
489 17425
489 17425
489 17425
489 17425
489 17425
489 17425
489 17425
489 17425
489 17425
98 18972
489 19668
489 19668
489 19668
489 19668
489 19668
489 19668
489 19668
489 19668
86 20862
86 21135
