104 283
104 649
104 949
104 949
104 1427
104 1505
104 1881
104 1951
104 2038
104 2392
104 2550
104 2553
104 3034
105 3091
105 3091
104 3195
104 3209
126 3389
104 3443
104 3445
126 3497
104 3741
104 3919
104 3938
104 4155
104 4167
126 4188
104 4378
104 4453
104 4453
104 4455
104 4455
104 4532
104 4571
104 4623
104 4855
104 4960
104 4987
104 5174
104 5291
104 5294
104 5315
104 5318
110 5628
110 5766
110 5994
110 6114
110 6117
110 6171
110 6175
110 6175
110 6273
110 6333
110 6572
110 6769
110 6772
110 6887
110 6892
110 6892
110 7000
110 7003
110 7134
110 7138
110 7255
110 7328
104 7408
104 7411
110 7419
104 7577
104 7616
104 7867
104 7870
104 7908
104 7911
104 7914
110 8238
110 8241
110 8243
110 8366
110 8551
110 8554
110 8821
110 8825
110 8825
110 8825
110 8910
110 8914
110 9157
110 9160
110 9349
110 9353
110 9353
110 9539
110 9542
110 9542
110 9753
110 9756
110 9756
110 9919
110 9922
110 10076
110 10080
110 10080
110 10080
110 10169
110 10174
110 10174
110 10262
110 10264
104 10356
104 10359
104 10359
110 10426
