104 286
104 647
104 948
104 1148
104 1416
104 1502
104 1584
104 2052
104 2091
104 2310
104 2503
104 2753
104 3035
104 3135
104 3202
126 3507
105 3595
105 3595
105 3596
105 3596
105 3812
105 3812
105 4007
105 4007
104 4086
104 4203
104 4204
126 4339
104 4437
104 4440
104 4450
126 4577
104 4784
104 4902
104 5053
126 5106
104 5390
104 5393
104 5395
104 5397
104 5436
104 5567
104 5618
104 5654
104 5749
104 5751
104 5862
104 5864
104 5867
104 6008
104 6011
104 6012
104 6088
104 6091
104 6140
104 6173
104 6375
104 6417
110 6633
110 6636
110 6636
110 6636
110 6636
110 6636
104 7031
104 7033
104 7112
104 7332
104 7333
104 7336
110 7518
110 7521
110 7521
104 7728
104 7731
104 7734
104 7888
104 7889
104 8091
104 8093
110 8192
110 8616
110 8618
104 8692
104 8695
104 8820
104 8823
107 9157
107 9158
107 9160
107 9160
107 9160
107 9160
107 9160
107 9161
107 9161
110 9345
110 9347
107 9429
107 9432
107 9433
107 9436
104 9498
104 9501
104 9507
110 9703
110 9704
110 9704
110 9706
110 9706
110 9975
110 9978
110 10421
110 10424
110 10424
110 10424
110 10424
110 10424
110 10424
110 10426
110 10493
110 10562
110 10565
110 10692
110 10693
110 10695
110 10780
110 10783
110 10987
110 10990
110 11278
110 11279
110 11281
110 11281
110 11586
110 11589
110 11589
110 11589
110 11590
110 11590
110 11590
110 11707
110 11710
110 11797
110 11800
110 11800
110 11800
110 11861
110 12052
110 12055
110 12055
110 12055
110 12294
110 12297
110 12297
110 12297
110 12297
110 12514
110 12680
110 12683
110 12716
110 12717
110 12732
110 12755
110 12779
110 12838
110 12870
110 12900
