104 290
104 652
104 952
104 1377
104 1446
104 1543
104 1968
104 2007
104 2098
104 2169
104 2343
104 2601
105 3104
105 3104
105 3106
105 3106
104 3217
126 3539
126 3540
104 3568
104 3569
105 3640
105 3640
104 3945
104 3985
104 4056
104 4221
104 4292
104 4325
104 4358
104 4408
104 4410
104 4538
104 4642
104 4643
104 4685
104 4898
104 4931
126 5110
104 5111
104 5161
104 5298
104 5334
104 5379
104 5380
104 5383
104 5459
104 5488
104 5867
104 6098
110 6153
110 6159
110 6159
110 6159
110 6159
110 6161
104 6191
104 6192
104 6193
104 6196
104 6441
104 6589
110 6870
110 6872
110 6874
110 7021
110 7024
110 7026
104 7086
110 7128
110 7135
104 7582
110 7647
110 7650
104 7652
110 7652
104 7653
110 7653
110 7656
110 7658
104 7686
104 7688
110 7761
110 7763
104 7962
110 8030
110 8032
110 8033
110 8148
104 8235
104 8433
104 8433
110 8524
110 8527
110 8528
110 8530
104 8625
104 8626
104 8643
110 8741
110 8930
110 8931
110 8934
110 9022
104 9029
104 9031
110 9153
110 9155
