104 284
104 662
104 978
104 981
104 1449
104 1544
104 1619
104 2002
104 2079
104 2158
104 2326
104 3099
104 3101
104 3104
126 3559
110 4075
110 4078
110 4299
110 4374
110 5000
110 5304
110 5511
110 5570
110 5573
110 5799
126 6354
110 6532
110 6535
110 6538
110 6541
110 6910
110 6913
110 7564
110 7567
110 7570
105 8393
105 8393
105 8395
105 8395
104 8697
104 8702
104 8702
104 8702
110 9047
104 9484
104 9487
104 9651
104 9654
110 9941
110 10270
105 10313
105 10313
105 10327
105 10327
105 10460
105 10460
105 10463
105 10463
126 10524
105 10794
105 10794
104 10918
104 10922
104 10923
104 11216
104 11219
