104 286
104 672
104 971
104 971
104 1066
104 1338
104 2026
104 2097
104 2501
104 2572
104 2655
104 2861
104 3081
104 3182
104 3290
104 3566
104 3853
104 3909
104 3952
126 4043
126 4050
104 4119
126 4189
104 4194
104 4289
104 4325
104 4446
104 4519
105 4702
105 4702
105 4741
105 4741
104 4790
104 4928
104 5279
104 5281
104 5284
104 5338
104 5341
110 5677
110 5680
110 5683
110 5686
110 5688
110 5911
110 5959
110 5960
110 5963
110 5969
110 6084
110 6136
110 6191
104 6231
104 6234
104 6235
104 6238
104 6241
104 6405
104 6406
104 6788
104 6789
104 6792
104 6807
104 6808
104 6811
104 6814
104 6928
104 6930
104 7014
104 7183
104 7244
104 7277
104 7349
104 7351
104 7354
104 7356
104 7359
104 7558
104 7561
104 7564
126 7679
104 7688
104 7689
104 7693
104 7695
104 7830
104 7833
104 7836
104 7870
104 7875
126 8108
104 8191
104 8194
104 8197
104 8200
104 8203
110 8793
110 8796
110 8799
110 8802
110 8805
110 8884
110 8901
110 9212
110 9215
110 9218
110 9221
110 9224
110 9227
104 9341
104 9344
104 9347
110 9546
110 9746
110 9748
110 9876
110 9879
110 9880
110 9884
110 9887
110 9971
110 9975
110 10195
110 10198
110 10200
110 10204
110 10207
110 10210
110 10277
110 10665
110 10800
110 10807
110 10807
110 10809
110 10938
110 10940
110 11072
110 11099
110 11101
110 11307
110 11309
110 11325
110 11328
110 11331
110 11356
110 11357
110 11429
110 11432
110 11435
110 11438
110 11440
110 11443
110 11649
110 11679
110 11682
110 11685
110 11793
110 11796
110 11836
110 12383
110 12386
110 12399
110 12402
110 12405
110 12408
110 12494
110 12501
110 12503
110 12503
110 12504
110 12542
110 12549
110 12549
110 12550
110 12550
110 12552
110 12552
110 12588
110 12591
110 12593
110 12640
110 12756
110 12799
110 12835
110 12897
110 13279
110 13286
110 13287
110 13287
110 13289
110 13289
110 13306
110 13342
110 13578
110 13650
110 13723
110 13726
110 13728
110 13731
110 13781
110 13784
110 13890
110 13898
110 13958
110 13991
110 14078
104 14122
110 14280
110 14283
110 14286
110 14289
110 14292
110 14309
110 15045
110 15333
110 16111
110 16114
108 16983
108 16988
108 16989
108 16991
108 16991
108 16991
108 16992
108 16992
110 17133
110 17203
108 17382
108 17385
108 17388
110 17539
110 17542
110 17837
110 17845
110 17845
110 17845
110 17846
110 17847
110 17847
110 17849
110 17849
110 18177
110 18180
110 18962
110 19218
110 19221
110 19349
110 19356
110 19357
110 19357
110 19359
110 19359
110 19360
110 19360
110 19362
110 19362
110 19445
110 19447
104 19461
104 19494
110 19981
110 19985
110 19986
110 19988
110 20086
110 20093
110 20094
110 20094
110 20096
110 20097
110 20097
110 20097
110 20201
110 20208
110 20208
110 20210
110 20210
110 20211
110 20211
110 20212
110 20212
110 20214
110 20215
110 20277
110 20280
110 20283
110 20286
110 20289
110 20292
110 20295
110 20544
110 20551
110 20551
110 20631
110 20636
110 20654
104 21154
104 21157
104 21159
110 21329
110 21332
110 21492
110 21495
110 21969
107 22792
107 22986
107 23098
107 23419
110 23533
110 23536
110 23538
107 23553
107 23556
107 23559
107 23560
107 23565
110 23683
107 23698
107 23701
107 23704
107 23707
107 23710
107 23713
110 23797
110 23800
110 24031
110 24308
110 24311
126 24979
107 25080
107 25082
107 25086
499 25234
499 25237
499 25240
107 25404
107 25406
107 25408
107 25411
499 25489
107 26105
107 26111
107 26112
107 26452
107 26458
107 26681
107 26687
107 26688
107 26688
107 26690
107 26690
107 26691
107 26818
107 26822
107 26823
107 26823
107 26825
107 26825
107 26826
107 26826
107 26828
107 26828
107 26829
107 26976
107 27124
107 27126
107 27129
107 27131
107 27134
107 27225
107 27226
107 27510
107 27511
107 27799
107 27801
107 27907
107 27910
107 27925
107 27927
105 28064
105 28064
105 28067
105 28067
105 28070
105 28070
105 28073
105 28073
105 28076
105 28076
105 28096
105 28096
105 28102
105 28102
105 28103
105 28103
105 28103
105 28103
105 28104
105 28104
107 28128
104 28917
104 28919
104 28922
104 28924
107 28926
104 28928
107 28929
104 28931
107 28932
110 29180
110 29187
110 29187
110 29189
110 29189
110 29190
110 29265
110 29353
110 29451
110 29534
110 29628
107 29845
110 29877
104 30209
110 30401
107 30449
107 30455
107 30455
107 30457
110 30539
107 31363
107 31369
107 31371
110 31378
