104 290
104 673
104 961
104 967
104 1042
104 1517
104 1584
104 2057
104 2072
104 2113
104 2242
104 2497
104 2825
104 2963
104 3104
104 3553
104 3610
104 3676
104 3720
126 3912
105 4061
105 4061
105 4106
105 4106
105 4158
105 4158
105 4282
105 4282
126 4433
104 4449
104 4480
104 4719
104 4778
126 4790
104 4836
104 4839
104 4872
104 4917
104 4981
126 5132
104 5144
126 5614
104 5687
104 5694
104 5694
104 5695
104 5695
104 5697
104 5714
104 5798
104 5848
104 5851
104 6062
104 6166
104 6172
104 6173
104 6215
104 6248
104 6575
104 6582
104 6582
104 6584
104 6584
104 6585
104 6585
104 6622
104 6627
104 6645
104 6706
104 6835
104 7073
104 7077
104 7090
104 7096
104 7097
104 7097
104 7099
105 7293
105 7293
105 7553
105 7553
105 7559
105 7559
105 7561
105 7561
105 7561
105 7561
110 7632
110 7637
110 7719
110 7778
110 7813
110 7888
104 8355
104 8358
104 8367
110 8418
110 8684
110 8690
110 8690
110 8691
110 8691
110 8693
110 8694
110 8773
110 8816
110 8822
110 8824
110 8857
110 8871
110 8949
110 8973
110 8990
110 9126
110 9371
110 9378
110 9378
110 9527
110 9858
104 9861
104 9865
110 9866
110 9902
110 9907
110 9951
110 9974
104 10480
104 10483
104 10486
104 10492
104 10502
107 11030
107 11036
107 11037
107 11037
107 11038
107 11040
107 11040
107 11041
110 11220
110 11227
110 11468
110 11553
110 11662
110 11668
110 11669
110 11698
110 11767
110 11820
110 11848
110 11862
110 11934
110 11977
104 12164
104 12179
107 12294
107 12301
107 12301
107 12302
107 12371
107 12374
107 12557
110 12557
126 12593
126 12596
126 12604
107 12635
110 12635
107 12943
107 12949
110 13020
110 13025
110 13027
110 13325
110 13330
107 13485
107 13488
107 13601
107 13606
107 13606
107 13704
107 13912
107 13917
110 14137
110 14142
110 14142
110 14144
110 14145
110 14145
110 14177
110 14279
107 14588
107 14594
107 14594
107 14795
107 15208
107 15214
107 15301
107 15308
107 15308
107 15535
107 15541
107 15542
107 15542
107 15711
