104 284
104 672
104 964
104 964
104 1050
104 1527
104 1599
104 1943
104 1976
104 2009
104 2016
104 2088
104 2248
104 2730
104 3106
104 3176
104 3237
104 3306
104 3451
126 3526
104 3543
126 3599
104 3690
104 3802
104 3945
104 3978
104 4064
104 4311
104 4316
105 4587
105 4587
105 4613
105 4613
105 4620
105 4620
105 4620
105 4620
105 4650
105 4650
110 5282
110 5288
110 5290
110 5290
110 5290
110 5464
110 5544
110 5674
105 5799
105 5799
105 5804
105 5804
105 5806
105 5806
105 5806
105 5806
105 5806
105 5806
110 5930
104 6002
104 6008
104 6009
104 6009
104 6009
104 6153
104 6160
104 6182
104 6340
104 6657
104 6683
104 6717
104 6779
104 6791
104 6838
104 6841
104 6900
104 6909
104 6969
104 7120
104 7123
104 7126
104 7130
104 7244
104 7249
104 7250
110 7509
110 7512
110 7619
110 7681
110 7683
110 7735
110 7886
110 7968
110 7974
110 8196
110 8203
110 8203
110 8408
110 8415
110 8415
110 8416
110 8416
110 8416
110 8503
110 8510
110 8566
110 8657
110 8662
110 8664
110 8664
110 8737
105 8814
105 8814
110 8822
110 8829
110 9044
110 9050
126 9124
110 9127
110 9139
105 9153
105 9153
105 9232
105 9232
105 9238
105 9238
105 9299
105 9299
105 9330
105 9330
