104 289
104 677
104 976
104 976
104 1450
104 1538
104 1630
104 2042
104 2105
104 2117
104 2259
104 2485
105 3122
105 3122
105 3122
105 3122
104 3213
104 3294
104 3474
104 3475
126 3557
126 3559
104 3884
104 3930
104 4019
104 4309
104 4418
104 4545
104 4548
104 4565
104 4566
104 4731
126 4768
104 4794
105 4804
105 4804
105 4825
105 4825
104 5223
104 5394
104 5397
104 5398
104 5421
104 5434
104 5455
104 5565
104 5642
104 5791
104 5794
104 5825
126 5829
104 5943
104 5944
104 5947
104 5950
104 6150
104 6292
104 6292
104 6360
104 6456
104 7133
104 7133
104 7133
104 7133
104 7133
104 7133
104 7134
104 7134
104 7189
104 7276
104 7276
104 7276
104 7288
104 7427
104 7430
104 7430
104 7430
126 7489
104 7520
104 7597
104 7599
104 7720
104 7794
104 7797
104 7843
104 7844
104 7847
104 7997
104 8047
126 8425
110 8436
110 8515
126 8736
110 8826
110 8829
110 8829
126 9146
110 9228
110 9231
110 9231
110 9231
110 9231
110 9377
110 9380
126 9438
105 9498
105 9498
126 9535
110 9746
110 9749
110 9749
110 9749
110 9749
126 9945
110 9998
110 9999
110 10002
110 10005
110 10343
110 10346
110 10349
110 10352
110 10481
110 10483
126 10521
110 10535
110 10589
110 10669
110 10671
126 10677
110 10848
105 11018
105 11018
126 11189
110 11585
110 11588
110 11588
110 11588
110 11588
110 11588
110 11590
110 11590
110 11590
110 11669
105 11694
105 11694
105 11696
105 11696
105 11696
105 11696
110 11829
105 11869
105 11869
105 11871
105 11871
105 11871
105 11871
105 11871
105 11871
110 11989
105 12043
105 12043
105 12046
105 12046
105 12046
105 12046
110 12327
110 12330
110 12333
110 12451
110 12453
110 12456
110 12631
110 12633
110 12681
110 12796
110 12797
110 12937
126 13029
110 13047
110 13048
110 13218
105 13343
105 13343
105 13344
105 13344
110 13383
110 13388
126 13442
126 13445
110 13461
110 13464
110 13570
105 13815
105 13815
105 13818
105 13818
105 13818
105 13818
105 13818
105 13818
105 13908
105 13908
126 14008
110 14017
104 14071
105 14182
105 14182
110 14224
104 14300
105 14313
105 14313
105 14314
105 14314
105 14317
105 14317
110 14345
110 14348
104 14407
104 14409
104 14515
104 14683
104 14684
104 14689
104 14692
104 14693
104 14694
104 14697
104 14851
104 14854
104 14857
104 14977
104 14979
104 14982
104 15278
107 15345
107 15346
107 15401
105 15489
105 15489
105 15490
105 15490
105 15493
105 15493
105 15496
105 15496
107 15525
107 15528
107 15621
107 15929
107 15938
107 16095
105 16118
105 16118
110 16160
107 16164
107 16249
107 16400
107 16401
107 16531
107 16532
107 16606
107 16760
107 16761
105 16874
105 16874
105 16876
105 16876
105 16876
105 16876
105 16876
105 16876
105 16876
105 16876
107 17173
107 17176
105 17310
105 17310
107 17369
107 17372
107 17372
107 17446
107 17521
104 17539
104 17542
104 17545
107 17644
107 17652
105 17718
105 17718
105 17721
105 17721
105 17750
105 17750
105 17808
105 17808
105 17923
105 17923
105 18028
105 18028
105 18031
105 18031
105 18084
105 18084
105 18087
105 18087
105 18185
105 18185
105 18188
105 18188
105 18188
105 18188
107 18523
107 18814
107 18860
107 18900
107 18902
107 19031
107 19034
107 19220
107 19223
107 19224
107 19312
107 19449
107 19452
107 19652
107 19653
107 19728
107 19731
107 19732
107 19822
107 20045
107 20048
107 20048
107 20121
104 20153
104 20154
104 20157
104 20159
107 20220
107 20301
107 20304
107 20514
107 20517
