104 761
104 867
104 962
105 1807
105 1807
105 1807
105 1807
105 1834
105 1834
105 2078
105 2078
105 2363
105 2363
105 2563
105 2563
126 2898
104 2937
104 3178
104 3418
104 3683
126 3722
104 3775
104 3874
104 3880
104 3882
104 3903
104 3995
126 4181
104 4195
104 4373
104 4432
104 4548
104 4603
104 4639
104 4647
104 4670
104 4680
126 4833
104 5166
104 5187
104 5193
104 5194
104 5279
105 5282
105 5282
104 5419
104 5543
104 5641
104 5664
104 5687
104 5736
104 5930
104 6024
104 6029
104 6029
104 6081
104 6113
104 6286
104 6752
110 6765
110 7279
110 7279
110 7279
110 7280
110 7280
110 7282
110 7283
110 7532
110 7967
110 7973
110 7974
110 7974
110 7976
110 7976
110 8013
110 8252
110 8331
110 8372
110 8442
110 8537
110 8582
110 8661
110 8705
110 8824
110 8890
110 9060
110 9101
110 9185
104 9282
104 9288
104 9290
104 9290
104 9291
104 9291
104 9293
110 9327
110 9333
104 9352
104 9501
104 9703
104 9709
104 9709
104 9710
110 10205
110 10211
110 10213
110 10213
110 10287
110 10293
110 10293
110 10410
110 10453
110 10493
110 10499
110 10555
110 10698
110 10880
110 10886
110 10888
110 10965
110 10971
110 11062
110 11069
110 11114
110 11200
126 11231
110 11266
110 11272
110 11334
110 11514
110 11520
110 11710
110 11715
110 11715
110 11717
110 11718
110 11838
