104 290
104 670
104 958
104 974
104 1057
104 1340
104 1884
104 1959
104 2045
105 2455
105 2455
104 2873
104 2999
126 3101
110 3525
110 3641
110 3696
110 3831
104 3910
104 3998
126 3998
104 4098
104 4563
104 4565
104 4629
104 4679
104 4888
104 4892
104 4931
104 5223
104 5226
104 5226
104 5228
104 5228
104 5374
104 5377
104 5546
104 6019
104 6024
104 6211
104 6214
126 6438
104 6517
104 6522
104 6599
104 6602
104 6717
104 6720
104 6722
104 6787
126 6991
104 7247
104 7251
104 7251
104 7251
104 7251
104 7253
126 7339
104 7565
110 7652
110 7656
110 7656
110 7656
110 7656
104 7676
104 7679
104 7679
104 7721
104 7899
104 7903
104 7987
104 7990
104 7990
104 8037
104 8042
105 8230
105 8230
105 8324
105 8324
105 8326
105 8326
104 8351
104 8354
104 8358
105 8642
105 8642
105 8646
105 8646
105 8793
105 8793
110 9100
110 9104
110 9104
110 9104
110 9104
104 9121
104 9334
104 9367
104 9524
104 9524
104 9526
104 9772
104 9817
104 9819
104 10028
105 10038
105 10038
105 10041
105 10041
105 10041
105 10041
104 10114
104 10256
104 10258
104 10258
104 10258
104 10260
104 10260
104 10260
104 10260
104 10446
104 10892
104 10895
104 10896
104 10896
104 10896
104 10896
494 11060
494 11064
494 11064
494 11064
104 11124
104 11126
494 11386
104 11642
104 11646
104 11683
104 11686
104 11689
104 11694
494 11755
494 11759
494 11931
110 11995
110 11999
110 11999
110 11999
110 12212
110 12215
110 12216
104 12353
104 12356
494 12777
494 12780
494 12780
494 12780
494 12781
110 12936
110 12939
110 12939
110 12940
110 12940
110 12940
110 12940
494 13272
494 13275
494 13275
105 13313
105 13313
105 13317
105 13317
110 14000
110 14004
110 14004
110 14004
110 14004
110 14006
110 14006
110 14007
110 14007
110 14007
110 14007
9 14140
9 14143
110 14394
110 14397
110 14397
110 14399
105 14464
105 14464
105 14469
105 14469
9 15029
9 15034
9 15034
9 15034
110 15065
110 15068
110 15069
110 15069
110 15069
110 15069
110 15069
110 15071
110 15071
110 15071
110 15072
105 15170
105 15170
110 15445
9 15615
9 15618
104 15623
104 15628
104 15973
104 15973
110 16428
110 16431
110 16432
110 16432
110 16432
110 16434
110 16434
110 16434
110 16435
110 16435
110 16435
110 16437
110 16437
110 16437
110 16437
110 16438
104 16477
110 16582
110 16586
110 16586
104 16671
9 17152
9 17157
9 17157
9 17157
105 17255
105 17255
105 17257
105 17257
105 17257
105 17257
105 17257
105 17257
105 17257
105 17257
105 17258
105 17258
105 17258
105 17258
105 17258
105 17258
105 17258
105 17258
105 17260
105 17260
126 17595
126 17599
110 17787
110 17790
110 17791
110 17791
110 17791
110 17791
110 17793
110 17793
110 17793
110 17794
110 17794
110 17794
110 17794
110 17796
110 17796
110 17796
110 18186
110 18190
110 18190
110 18192
110 18510
110 18513
110 18513
110 18514
110 18514
110 18573
110 18824
110 18827
110 18827
110 19222
110 19225
110 19227
104 19715
104 19715
104 19715
104 19961
104 19964
104 19966
104 19966
104 20870
104 20874
104 20874
104 20874
104 20874
104 20874
104 20875
104 20875
104 21397
110 22780
110 22784
110 22784
110 22784
110 22786
110 22786
110 22786
110 22786
110 22787
110 23095
110 23099
110 23099
105 23757
105 23757
105 23760
105 23760
105 23760
105 23760
105 23760
105 23760
105 23761
105 23761
105 23761
105 23761
105 23761
105 23761
105 23761
105 23761
105 23763
105 23763
105 23763
105 23763
499 23892
104 23911
104 23911
104 23912
104 23912
105 24618
105 24618
105 24622
105 24622
105 24622
105 24622
105 24622
105 24622
105 24623
105 24623
105 24623
105 24623
105 24623
105 24623
104 24696
104 24768
104 24834
104 24837
104 24837
104 24838
104 24838
104 24838
104 24839
104 24839
104 25063
104 25067
104 25067
104 25067
104 25067
104 25068
104 25068
104 25068
104 25070
9 25083
9 25088
9 25088
9 25088
9 25088
9 25089
9 25089
9 25089
9 25089
110 25417
110 25421
110 25421
105 25670
105 25670
105 25673
105 25673
105 25674
105 25674
105 25674
105 25674
105 25674
105 25674
105 25674
105 25674
105 25676
105 25676
105 25676
105 25676
105 25676
105 25676
105 25677
105 25677
105 25677
105 25677
105 25677
105 25677
105 25677
105 25677
105 25678
105 25678
104 26164
104 26164
104 26164
107 26253
107 26256
107 26256
107 26256
9 26353
105 26355
105 26355
9 26356
9 26357
9 26357
105 26359
105 26359
105 26359
105 26359
105 26359
105 26359
105 26361
105 26361
105 26361
105 26361
105 26361
105 26361
107 27026
104 27543
104 27547
104 27547
104 27547
105 27885
105 27885
105 27888
105 27888
105 27888
105 27888
105 27888
105 27888
105 27889
105 27889
105 27889
105 27889
105 27891
105 27891
105 27891
105 27891
105 27891
105 27891
105 27891
105 27891
105 27891
105 27891
105 27892
105 27892
105 27892
105 27892
105 27892
105 27892
110 28129
110 28133
110 28133
110 28389
105 28516
105 28516
105 28520
105 28520
105 28520
105 28520
105 28520
105 28520
105 28520
105 28520
105 28521
105 28521
105 28521
105 28521
105 28521
105 28521
105 28523
105 28523
105 28523
105 28523
105 28523
105 28523
105 28523
105 28523
104 28592
104 28595
104 28596
104 28596
104 28596
104 28596
104 28598
104 28598
104 28961
104 28964
105 29335
105 29335
105 29339
105 29339
105 29339
105 29339
105 29339
105 29339
105 29340
105 29340
105 29340
105 29340
105 29340
105 29340
105 29342
105 29342
105 29342
105 29342
105 29342
105 29342
105 29343
105 29343
105 29343
105 29343
