106 706
86 1275
86 1717
88 2098
89 2178
106 3912
97 4152
138 4289
106 4827
90 5257
90 5269
106 5356
87 5378
106 5567
88 6037
88 6062
87 6278
106 6627
106 6783
106 6876
106 6986
106 7028
88 7467
88 7530
106 7562
88 7661
12 7979
16 7986
106 8564
106 8842
106 8856
86 8860
106 8872
87 8946
106 9246
99 9266
87 9594
106 9746
95 10032
106 10106
106 10120
106 10194
142 11103
106 11126
106 11129
106 11132
289 11646
289 11646
289 11646
289 11646
289 11646
289 11646
97 11723
289 11857
289 11857
289 11857
289 11857
289 11857
289 11857
12 12990
12 12993
12 12996
16 12997
16 13000
16 13003
87 14199
12 15711
12 15716
16 15718
12 15718
12 15718
12 15719
12 15719
12 15721
12 15721
12 15722
12 15722
16 15723
16 15725
16 15725
16 15726
16 15726
16 15728
16 15728
16 15729
16 15729
12 18138
12 18140
16 18145
16 18147
