104 289
104 462
104 846
104 1196
104 1298
104 1367
104 1923
104 2260
104 2293
105 2297
105 2297
105 2299
105 2299
105 2325
105 2325
104 2507
126 2941
104 3150
104 3172
104 3435
104 3479
104 3683
104 3707
126 3740
104 3918
104 3955
105 4097
105 4097
105 4274
105 4274
105 4303
105 4303
105 4545
105 4545
105 4548
105 4548
105 4768
105 4768
105 4771
105 4771
105 4775
105 4775
105 4782
105 4782
105 4863
105 4863
104 4934
104 4937
104 5287
104 5289
105 5410
105 5410
9 5414
9 5421
9 5421
9 5421
9 5421
9 5421
9 5422
104 5443
104 5472
104 5533
104 5583
104 5704
104 5731
104 5749
104 5819
104 5855
105 6146
105 6146
105 6149
105 6149
104 6264
104 6273
104 6477
105 6569
105 6569
105 6854
105 6854
105 6857
105 6857
105 6929
105 6929
105 6940
105 6940
105 6943
105 6943
104 7002
9 7056
9 7059
9 7062
105 7094
105 7094
104 7185
104 7188
104 7208
104 7254
104 7407
104 7526
104 7528
104 7531
126 7624
105 7660
105 7660
105 7831
105 7831
105 7834
105 7834
105 7899
105 7899
105 7974
105 7974
105 7979
105 7979
105 8066
105 8066
104 8659
104 8669
104 8679
104 8689
104 8691
104 8694
104 8711
104 8740
104 8747
104 8879
105 8927
105 8927
105 8930
105 8930
105 8937
105 8937
104 8995
104 9064
105 9223
105 9223
105 9226
105 9226
105 9242
105 9242
105 9246
105 9246
105 9364
105 9364
105 9442
105 9442
105 9484
105 9484
105 9487
105 9487
105 9527
105 9527
105 9538
105 9538
105 9690
105 9690
105 9691
105 9691
105 9708
105 9708
105 9711
105 9711
105 9728
105 9728
105 9780
105 9780
105 9864
105 9864
105 9874
105 9874
105 9877
105 9877
105 9918
105 9918
126 10013
105 10024
105 10024
104 10032
105 10235
105 10235
105 10244
105 10244
105 10247
105 10247
105 10258
105 10258
105 10261
105 10261
105 10334
105 10334
105 10337
105 10337
105 10369
105 10369
105 10373
105 10373
105 10471
105 10471
105 10483
105 10483
105 10504
105 10504
105 10516
105 10516
105 10522
105 10522
105 10635
105 10635
105 10694
105 10694
105 10723
105 10723
105 10881
105 10881
105 10929
105 10929
105 10969
105 10969
105 11037
105 11037
105 11043
105 11043
105 11105
105 11105
105 11174
105 11174
105 11181
105 11181
105 11192
105 11192
105 11208
105 11208
105 11230
105 11230
105 11276
105 11276
105 11277
105 11277
104 11309
105 11315
105 11315
105 11318
105 11318
105 11328
105 11328
104 11344
105 11405
105 11405
105 11512
105 11512
9 11756
9 11763
9 11763
9 11763
9 11763
9 11765
9 11765
9 11765
9 11765
9 11765
9 11765
9 11765
9 11766
9 11766
9 11766
9 11766
105 11846
105 11846
105 11855
105 11855
105 11855
105 11855
105 11855
105 11855
105 11855
105 11855
105 11855
105 11855
105 11855
105 11855
105 11855
105 11855
110 12031
110 12032
110 12042
110 12045
110 12152
110 12195
110 12251
110 12254
105 12396
105 12396
105 12403
105 12403
104 12436
104 12451
105 12465
105 12465
105 12472
105 12472
105 12472
105 12472
105 12472
105 12472
105 12473
105 12473
105 12473
105 12473
105 12473
105 12473
105 12494
105 12494
104 12500
104 12720
104 12747
104 12750
104 12752
104 12773
104 12865
104 12868
104 12929
104 12936
104 12955
104 12995
104 13074
110 13197
110 13293
110 13400
110 13402
110 13405
110 13474
110 13548
110 13551
104 13630
110 13663
110 13666
110 13782
110 13795
9 13842
9 13849
9 13849
9 13849
9 13849
9 13849
9 13849
9 13849
9 13849
9 13873
105 13956
105 13956
105 13959
105 13959
105 13965
105 13965
105 13966
105 13966
105 13992
105 13992
105 14004
105 14004
105 14030
105 14030
105 14374
105 14374
105 14389
105 14389
105 14399
105 14399
105 14410
105 14410
105 14434
105 14434
105 14551
105 14551
105 14571
105 14571
105 14575
105 14575
105 14615
105 14615
105 14634
105 14634
