104 287
104 675
104 984
104 984
104 1533
104 1612
104 1703
104 2119
104 2196
104 2284
104 2507
104 3046
104 3072
104 3228
104 3309
104 3476
104 3549
126 3647
126 3653
104 3796
104 3984
104 4053
104 4206
104 4279
126 4446
104 4446
104 4531
104 4619
104 4620
104 4653
104 4656
104 4659
104 4664
104 5111
104 5114
104 5140
104 5293
104 5526
104 5529
104 5532
104 5557
104 5560
104 5589
104 5611
104 5642
104 5644
105 5947
105 5947
105 6080
105 6080
105 6084
105 6084
105 6084
105 6084
105 6211
105 6211
105 6250
105 6250
105 6386
105 6386
105 6389
105 6389
105 6392
105 6392
105 6396
105 6396
105 6560
105 6560
105 6648
105 6648
105 6755
105 6755
105 6989
105 6989
105 6994
105 6994
105 7051
105 7051
105 7056
105 7056
105 7056
105 7056
105 7250
105 7250
105 7590
105 7590
105 7594
105 7594
105 7594
105 7594
105 7760
105 7760
105 7860
105 7860
105 7863
105 7863
105 7868
105 7868
105 7868
105 7868
105 7981
105 7981
105 8150
105 8150
105 8295
105 8295
105 8298
105 8298
105 8387
105 8387
105 8390
105 8390
105 8391
105 8391
110 8532
105 8622
105 8622
105 8625
105 8625
105 8628
105 8628
105 8629
105 8629
105 8761
105 8761
105 8905
105 8905
107 9205
107 9208
107 9211
107 9213
107 9329
107 9398
105 9421
105 9421
105 9477
105 9477
105 9639
105 9639
105 9726
105 9726
105 9889
105 9889
105 10005
105 10005
126 10133
105 10270
105 10270
105 10274
105 10274
105 10397
105 10397
105 10515
105 10515
105 10741
105 10741
105 10744
105 10744
105 10846
105 10846
105 10922
105 10922
126 10990
105 11204
105 11204
105 11207
105 11207
126 11311
105 11319
105 11319
105 11322
105 11322
105 11541
105 11541
105 11544
105 11544
105 11547
105 11547
105 11604
105 11604
105 11763
105 11763
105 11885
105 11885
126 12110
107 12115
107 12118
107 12120
107 12458
107 12695
107 13096
107 13139
105 13430
105 13430
105 13473
105 13473
105 13814
105 13814
105 13815
105 13815
105 13818
105 13818
105 14192
105 14192
105 14194
105 14194
105 14548
105 14548
105 14549
105 14549
105 14552
105 14552
105 14843
105 14843
