104 287
104 653
104 970
104 971
104 1104
104 1501
104 1577
104 1973
104 2095
104 2290
104 2543
104 2786
105 3154
105 3154
104 3222
126 3549
104 3581
104 3611
126 3854
104 3952
104 3955
105 4048
105 4048
104 4136
104 4157
104 4479
104 4554
104 4614
126 4653
104 4659
104 4662
104 4875
104 4878
104 4882
126 4915
104 4941
104 5203
104 5253
104 5255
104 5377
104 5380
104 5560
104 5583
104 5586
104 5589
105 5650
105 5650
105 5652
105 5652
104 5821
104 5823
104 5826
104 6018
104 6019
104 6022
126 6238
104 6254
104 6257
104 6260
104 6263
104 6265
104 6323
104 6624
104 6627
104 6665
104 6698
104 6905
104 6907
104 6910
104 6913
104 7079
104 7082
110 7280
110 7283
110 7286
110 7289
110 7292
110 7319
110 7529
110 7532
110 7647
110 7650
110 7705
110 7722
110 7904
110 7921
110 7922
110 8033
110 8035
110 8238
110 8264
110 8285
110 8287
110 8301
110 8363
110 8366
110 8438
110 8498
110 8549
