104 286
104 685
104 980
104 983
104 1460
104 1534
104 1610
104 2032
104 2108
104 2149
104 2251
104 2495
104 2734
105 3131
105 3131
104 3235
104 3267
104 3457
104 3471
126 3526
126 3529
104 3841
104 3889
104 4060
104 4221
104 4273
104 4508
105 4538
105 4538
105 4541
105 4541
104 4560
104 4574
104 4577
105 4795
105 4795
105 4925
105 4925
105 4926
105 4926
9 5028
104 5194
104 5196
104 5205
104 5304
104 5343
126 5489
104 5500
104 5502
104 5505
105 5584
105 5584
104 5728
104 5731
104 5734
104 5881
104 5884
9 5910
104 5939
104 5940
105 5943
105 5943
104 6218
104 6252
104 6301
104 6306
104 6343
104 6465
104 6493
104 6524
105 6557
105 6557
104 6568
104 6902
104 6906
104 6948
104 6951
104 6979
105 7150
105 7150
105 7153
105 7153
104 7185
105 7215
105 7215
105 7218
105 7218
104 7238
104 7241
104 7274
104 7276
104 7279
104 7408
104 7411
104 7411
104 7413
104 7413
104 7567
104 7570
104 7571
104 7614
104 7930
104 7963
110 8023
110 8026
110 8029
110 8110
110 8112
110 8354
110 8357
110 8357
110 8359
110 8503
110 8536
110 8708
110 8711
110 8844
110 8847
110 8929
110 8930
110 9047
110 9050
110 9050
9 9074
9 9077
110 9081
104 9156
104 9159
110 9363
110 9368
110 9368
110 9514
110 9517
110 9653
110 9656
110 9873
110 9876
110 9876
110 10059
110 10061
110 10061
110 10061
110 10063
110 10063
110 10063
110 10342
110 10346
110 10346
110 10734
110 10737
110 10738
110 10738
110 10840
110 10845
126 10950
110 11063
110 11066
110 11066
110 11066
110 11066
110 11066
110 11358
110 11361
110 11363
110 11747
110 11750
110 11751
110 12015
110 12018
110 12255
110 12258
110 12259
110 12259
110 12259
110 12259
110 12259
110 12259
110 12261
110 12261
110 12395
110 12398
110 12398
110 12398
110 12500
110 12503
110 12506
110 12634
110 12637
104 12644
104 12645
104 12659
104 12662
104 12665
104 12682
110 13027
110 13161
110 13163
110 13171
104 13308
110 13313
110 13317
104 13341
110 13536
110 13539
110 13541
110 13541
110 13700
110 13703
110 13703
110 13703
104 13788
110 14383
110 14386
110 14738
110 14741
110 14741
110 14741
110 14741
110 14741
110 14741
110 14743
110 14743
110 14743
110 14832
110 14979
110 14983
110 14983
110 14983
110 14983
110 14983
110 15056
104 15150
104 15151
104 15154
110 15457
110 15459
110 15461
110 15461
110 15461
110 15461
110 16352
110 16355
110 16355
110 16355
110 16355
110 16355
110 16356
110 16356
110 16356
110 16356
110 16356
110 16358
110 16358
104 16584
110 16588
110 16591
110 16594
110 16779
110 16782
110 16782
107 17445
107 17448
107 17448
107 17742
107 17745
107 17745
107 17746
107 17746
499 18284
107 18406
107 18410
107 18695
107 18696
110 19326
107 19345
107 19348
107 19350
107 19350
107 19350
107 19350
107 19350
107 19661
107 19664
107 19664
107 19979
107 19982
107 19982
110 20238
110 20241
110 20241
110 20241
107 20245
110 20464
110 20467
110 20588
110 20590
110 20757
110 20761
110 20761
110 20931
110 20932
499 21116
110 21142
110 21145
110 21145
110 21258
110 21260
110 21262
110 21432
110 21436
110 21436
110 21613
110 21616
110 21616
110 21874
110 21876
110 21876
110 21876
107 22217
107 22220
110 22380
110 22385
110 22385
110 22385
110 22988
110 22992
110 22992
110 22992
110 22992
110 22992
110 22993
110 22993
110 22993
110 23463
110 23466
110 23745
110 23748
110 23749
110 23749
110 23749
110 23749
110 23749
110 23749
110 23749
110 23751
110 23889
110 23893
110 23893
110 24083
110 24087
110 24087
110 24236
110 24457
110 24460
110 24460
110 24460
110 24460
110 24640
110 25055
110 25058
110 25058
110 25118
110 25120
110 25246
110 25249
110 25289
110 25292
110 25582
110 25585
110 25585
110 25585
110 25586
110 25586
110 25701
110 25704
110 25756
110 26327
110 26330
110 26330
110 26330
110 26330
110 26330
110 26558
110 26560
110 26560
110 26560
110 26680
110 26684
110 27048
110 27051
110 27051
110 27051
110 27051
110 27053
110 27189
110 27374
110 27377
110 27377
110 27580
110 27584
110 27679
110 27804
110 27807
110 27970
110 27973
110 28152
110 28154
110 28819
107 28872
110 28970
104 28986
104 28989
104 29017
104 29085
110 29370
110 29523
110 29657
110 29816
110 29819
110 29945
110 30058
110 30159
110 30343
110 30446
110 30536
110 30720
110 30828
110 30959
110 31148
110 31151
110 31252
110 31373
110 31643
110 31646
110 31802
110 31951
110 32256
110 32259
110 32436
110 32849
110 32852
110 32852
110 33339
110 33404
110 33641
107 33880
107 34037
110 34312
110 34315
110 34449
110 34600
110 35705
110 36213
