106 705
86 1126
88 1598
89 1696
106 2996
86 3558
106 4335
138 4369
106 4822
138 5051
87 5064
97 5099
88 5314
88 5340
106 5823
106 6126
106 6136
88 6500
106 6516
289 6530
289 6530
289 6530
289 6530
289 6530
289 6530
289 6530
289 6530
289 6530
88 6540
106 7161
86 7285
90 7476
106 7968
87 7994
87 8001
106 8312
94 8328
87 8887
87 8889
88 9015
106 9108
106 9136
106 9208
106 9225
12 9307
12 9364
106 9396
138 9519
138 9567
13 9810
489 10277
489 10277
489 10277
489 10277
489 10277
489 10277
489 10277
489 10277
489 10277
489 10277
106 10399
13 10435
106 10483
106 10530
12 10553
12 10556
12 10556
12 10557
106 10558
13 10560
13 10563
13 10563
13 10564
