104 289
104 653
104 973
104 974
104 1420
104 1498
104 1917
104 1996
104 2071
104 2284
104 2523
105 3224
105 3224
105 3226
105 3226
104 3303
104 3306
126 3383
104 3431
126 3478
104 3503
105 3799
105 3799
104 3946
104 4144
104 4377
105 4574
105 4574
105 4577
105 4577
105 4577
105 4577
105 4627
105 4627
105 4719
105 4719
105 4722
105 4722
105 4830
105 4830
105 4833
105 4833
9 5071
9 5073
9 5073
9 5074
104 5314
104 5314
104 5314
104 5314
105 5318
105 5318
105 5321
105 5321
105 5322
105 5322
104 5465
104 5465
104 5465
104 5465
104 5543
104 5635
9 5886
9 5889
104 5906
105 5971
105 5971
104 6057
104 6137
104 6191
105 6339
105 6339
105 6449
105 6449
105 6452
105 6452
105 6454
105 6454
126 6565
105 6593
105 6593
105 6596
105 6596
105 6596
105 6596
105 6596
105 6596
9 6672
9 6675
110 7509
110 7511
110 7511
110 7512
110 7512
110 7584
110 7738
126 7802
110 7809
110 8055
110 8058
110 8061
110 8062
9 8065
9 8067
9 8068
9 8126
105 8203
105 8203
105 8400
105 8400
105 8403
105 8403
105 8403
105 8403
105 8403
105 8403
110 8413
110 8416
9 8471
104 8485
104 8486
105 8613
105 8613
110 8769
110 8772
110 8868
105 8917
105 8917
105 8919
105 8919
105 8921
105 8921
110 8959
105 9025
105 9025
105 9027
105 9027
105 9027
105 9027
9 9031
9 9034
105 9230
105 9230
105 9232
105 9232
105 9232
105 9232
105 9233
105 9233
105 9330
105 9330
105 9333
105 9333
9 9339
9 9342
110 9615
110 9618
9 9631
9 9634
104 9661
104 9661
104 9661
104 9661
104 9661
105 9754
105 9754
9 9787
9 9866
105 9965
105 9965
105 9966
105 9966
105 10160
105 10160
105 10163
105 10163
105 10163
105 10163
105 10163
105 10163
105 10163
105 10163
105 10163
105 10163
105 10163
105 10163
110 10441
110 10443
110 10446
110 10446
9 10558
110 10590
110 10591
105 10735
105 10735
105 10737
105 10737
105 10740
105 10740
105 10743
105 10743
105 10745
105 10745
105 10851
105 10851
105 10853
105 10853
105 10856
105 10856
9 10889
9 10891
104 11030
104 11030
110 11082
110 11085
9 11196
9 11197
104 11275
104 11278
104 11279
9 11508
9 11511
