104 307
104 679
104 996
104 998
104 1524
104 2058
104 2136
104 2205
104 2680
104 2729
104 2848
104 3235
104 3237
105 3758
105 3758
105 3762
105 3762
105 3765
105 3765
104 3885
104 3886
104 4028
104 4031
126 4156
126 4159
104 4296
104 4299
104 4866
104 4871
104 4871
104 4983
104 4986
126 5020
104 5236
104 5239
104 5242
104 5245
104 5248
104 5251
104 5881
104 5885
104 5885
104 5885
104 5887
104 6011
104 6032
104 6035
104 6075
104 6077
104 6278
104 6457
104 6562
104 6607
104 6609
104 6612
104 6673
104 6676
126 6959
126 6969
105 7004
105 7004
105 7006
105 7006
105 7008
105 7008
105 7008
105 7008
104 7099
104 7395
104 7398
104 7398
104 7400
104 7400
104 7400
104 7400
104 7400
126 7758
126 8577
126 8578
126 8581
110 8721
110 8721
110 8721
110 8721
110 8723
110 8723
110 8723
110 8723
110 8724
110 8724
110 8724
110 8724
110 8973
110 8976
110 8976
110 8976
110 8978
110 9222
