106 692
86 1073
88 1556
89 1663
86 2433
106 3450
138 3616
87 4273
138 4593
106 4682
99 4836
106 4941
138 5332
87 5403
87 5429
88 5604
88 5604
99 5815
106 5818
97 5966
106 6059
106 6219
87 6246
138 6268
138 6283
106 6536
87 6772
87 6826
87 6836
106 6890
106 8034
106 8067
106 8105
88 8234
106 8268
106 8306
106 8499
138 8597
106 8901
106 9113
106 9228
91 9284
90 9420
88 9677
106 10027
106 10242
87 10248
106 10253
106 10391
106 10415
138 10416
106 10445
138 10722
87 10873
138 11003
87 11206
138 11541
86 11634
87 11649
87 11802
138 12140
88 12851
504 12956
87 13025
99 13124
99 13178
12 13179
12 13187
12 13190
12 13193
12 13195
13 13245
13 13248
13 13250
13 13250
13 13274
87 13279
87 13279
138 13463
87 13698
87 13733
87 13740
87 13747
99 13825
12 15421
12 15424
12 15427
12 15430
106 16041
106 16105
106 16141
