106 687
86 1099
88 1596
89 1690
86 2990
106 3638
138 3740
99 3792
87 4265
138 4276
106 4308
99 4509
87 4791
87 4820
87 5367
138 5409
106 5410
106 5590
106 5668
106 5818
87 6093
99 6177
99 6208
106 6356
87 6424
87 6614
96 6761
88 6864
88 6876
88 7000
87 7052
90 7523
90 7537
87 7603
138 7649
138 7658
87 7670
87 7693
88 7719
138 7746
88 7772
99 7836
106 7900
86 7926
106 8049
138 8173
138 8186
138 8212
87 8505
87 8516
92 8637
138 8692
138 8699
138 8732
106 8807
87 9040
87 9040
87 9056
86 9071
87 9201
87 9306
87 9310
87 9322
106 9803
106 9860
106 10009
138 10150
87 10191
87 10237
87 10248
87 10249
87 10286
106 10751
106 10755
87 10777
87 11035
138 11043
138 11060
138 11260
138 11526
138 11545
88 12004
88 12009
94 12037
106 12082
106 12085
106 12088
87 12395
86 12587
106 12730
106 12733
106 12736
138 12834
12 13025
138 13099
14 13232
106 13265
138 13440
138 13511
87 13523
98 13626
87 13667
87 14023
87 14186
87 14189
12 14608
14 14615
138 14680
87 14687
138 14733
93 15839
138 16607
87 16721
87 16749
87 16772
138 16842
12 16846
12 16851
14 16949
14 16954
87 17187
138 17214
87 17392
87 17620
138 17827
87 18905
86 19036
138 19080
87 19174
87 19212
88 20107
88 20127
138 20264
87 20299
87 21208
86 21400
138 21535
87 21558
87 21561
138 21669
86 21678
12 21719
12 21723
87 22159
87 22175
87 22226
87 22241
12 22265
14 22280
87 22309
87 22454
138 22482
87 22863
106 22918
86 22947
106 22966
106 23022
138 23048
138 23141
87 23158
138 23220
88 23624
289 23790
289 23791
289 23802
289 23802
289 23871
289 23879
289 23880
289 23882
289 23928
289 23934
150 23942
138 24233
88 24295
138 24391
138 24609
99 24635
138 24656
138 24704
138 24742
87 24813
289 24925
289 24925
289 24926
289 24931
289 24948
289 24951
289 24963
289 24966
289 24976
289 24977
289 24990
289 24992
289 25032
289 25035
289 25037
289 25041
289 25049
289 25071
289 25077
289 25077
289 25087
289 25105
289 25114
289 25117
289 25118
289 25119
289 25138
289 25153
289 25158
289 25161
289 25163
289 25167
289 25180
289 25190
289 25192
289 25199
289 25203
289 25205
289 25207
289 25219
289 25241
289 25257
289 25262
289 25267
289 25268
289 25272
289 25276
289 25278
289 25339
289 25340
289 25340
289 25341
289 25342
289 25343
289 25345
289 25349
289 25352
289 25353
150 25356
289 25607
289 25608
289 25614
289 25615
289 25622
289 25625
289 25627
289 25628
289 25672
289 25673
289 25681
289 25683
289 25688
289 25691
289 25712
289 25719
289 25727
289 25746
289 25748
289 25769
289 25888
289 25891
289 25912
289 25914
289 25919
289 25919
289 25921
289 25922
289 25932
289 25932
289 25933
289 25933
289 25963
289 25975
289 25985
289 26006
289 26013
289 26018
289 26021
289 26021
289 26023
289 26025
289 26027
289 26028
289 26033
824 26041
12 26056
14 26063
289 26079
289 26087
289 26095
289 26098
289 26114
289 26114
289 26114
289 26115
289 26115
289 26120
289 26143
88 26145
289 26154
289 26162
289 26172
289 26189
289 26201
289 26204
289 26208
289 26210
289 26214
289 26223
289 26227
289 26240
289 26247
289 26247
289 26256
289 26264
289 26269
289 26271
289 26279
289 26304
99 26600
98 26628
98 26686
87 26776
87 26886
87 26890
99 26932
98 26992
87 27011
87 27015
87 27016
98 27128
289 27129
289 27132
289 27134
289 27136
289 27138
289 27139
289 27144
289 27147
289 27147
289 27150
289 27153
289 27163
289 27184
289 27190
289 27191
289 27210
289 27211
289 27222
289 27223
289 27224
289 27225
87 27460
87 27521
99 27596
289 27631
289 27633
289 27641
289 27642
289 27654
289 27657
98 27673
99 27970
87 28110
87 28114
87 28116
87 28125
87 28160
138 28756
87 28786
87 28787
87 28787
138 28816
138 28864
99 28878
99 28901
99 28903
86 28953
824 29073
88 29771
87 29924
99 30002
289 30046
289 30047
289 30057
289 30057
289 30062
289 30064
289 30073
289 30075
289 30080
289 30081
289 30083
289 30084
289 30085
289 30088
289 30093
289 30184
289 30186
289 30193
289 30193
289 30197
289 30200
289 30599
289 30601
99 30608
99 30657
87 30759
87 30766
289 31018
289 31019
289 31021
289 31022
289 31023
289 31026
289 31026
289 31029
12 31173
12 31176
12 31178
12 31178
14 31183
14 31185
14 31196
14 31201
87 31266
289 31394
289 31395
289 31397
289 31398
289 31412
289 31414
289 31415
289 31416
289 31436
289 31438
289 31444
289 31447
289 31448
289 31448
289 31448
289 31449
289 31475
289 31493
289 31504
289 31512
289 31515
289 31516
289 31522
289 31524
289 31528
289 31531
289 31531
289 31574
289 31581
289 31645
289 31646
289 31646
289 31649
289 31649
289 31652
289 31659
289 31659
289 31659
289 31660
289 31666
289 31669
289 31670
289 31670
99 31702
99 31735
289 31758
289 31760
289 31761
289 31763
289 31767
289 31768
289 31768
289 31768
289 31769
289 31771
289 31772
289 31779
289 31794
289 31794
12 31795
12 31799
12 31799
12 31799
289 31828
289 31832
289 31835
289 31837
289 31839
289 31841
14 31854
14 31854
14 31854
14 31858
824 31941
289 32039
289 32044
289 32058
289 32059
289 32059
289 32059
289 32059
289 32061
289 32069
289 32069
289 32072
289 32083
289 32087
289 32088
289 32089
289 32102
289 32116
289 32124
289 32124
289 32132
289 32137
289 32148
289 32148
289 32150
289 32153
289 32158
289 32677
289 32678
289 32678
289 32678
289 32679
289 32679
289 32679
289 32680
289 32681
289 32681
289 32682
289 32682
289 32682
289 32682
289 32683
289 32684
289 32731
289 32734
289 32734
289 32734
289 32735
289 32736
289 32736
289 32737
289 32772
289 32772
289 32773
289 32774
289 32776
289 32776
289 32776
289 32777
289 32809
289 32811
289 32811
289 32813
289 32814
289 32815
289 32815
289 32816
87 32841
86 32864
138 33134
289 33157
289 33159
289 33160
289 33163
289 33183
289 33183
289 33183
289 33187
289 33191
289 33193
289 33197
289 33197
289 33200
138 33220
289 33471
289 33471
289 33472
289 33474
289 33475
289 33475
289 33475
289 33476
289 33479
289 33479
289 33479
289 33481
289 33489
289 33491
99 33632
289 33887
289 33888
289 33892
289 33895
289 33897
289 33899
289 33906
289 33908
289 33923
289 33925
289 33926
289 33928
289 33931
289 33933
289 33934
289 33934
289 33935
289 33936
289 33942
289 33943
289 33948
289 33951
289 33952
289 33954
289 33965
289 33967
289 33970
289 33970
289 33971
289 33971
289 33972
289 33973
289 33982
289 33982
289 33984
289 33987
289 33989
289 33994
289 33994
289 33999
289 34002
289 34012
289 34012
289 34014
289 34020
289 34020
289 34020
289 34030
289 34032
289 34032
289 34033
289 34035
289 34037
289 34039
289 34041
289 34042
289 34042
289 34053
289 34059
289 34061
289 34064
289 34066
289 34068
289 34070
289 34071
289 34073
289 34077
289 34083
289 34087
289 34108
289 34125
289 34128
289 34137
289 34139
289 34150
289 34151
289 34155
289 34156
289 34156
289 34158
289 34158
289 34159
289 34161
289 34162
289 34167
289 34168
289 34168
289 34169
289 34170
289 34171
289 34178
289 34179
289 34179
289 34179
289 34180
289 34185
289 34190
289 34210
289 34215
289 34223
289 34225
289 34227
289 34229
289 34231
289 34231
289 34231
289 34233
289 34234
289 34234
289 34234
289 34237
289 34238
289 34238
289 34239
289 34240
289 34241
289 34242
289 34252
289 34265
289 34270
289 34270
289 34274
289 34275
289 34277
289 34286
289 34286
289 34291
289 34297
289 34372
289 34460
289 34461
289 34476
289 34476
289 34477
289 34480
289 34480
289 34480
289 34481
289 34482
289 34483
289 34483
289 34483
289 34484
289 34484
289 34484
289 34484
289 34484
289 34484
289 34485
289 34486
289 34487
289 34488
289 34489
289 34489
289 34491
289 34493
289 34494
289 34496
289 34499
12 34532
