104 284
104 659
104 983
104 985
104 1263
104 1386
104 2121
105 2364
105 2364
105 2367
105 2367
105 2475
105 2475
104 2847
126 2874
104 3090
104 3430
104 3481
126 3673
104 3710
104 3713
104 3893
126 3985
104 4047
104 4050
104 4161
104 4162
104 4200
104 4203
104 4603
104 4669
104 4983
104 4986
104 5184
105 5194
105 5194
105 5197
105 5197
105 5197
105 5197
104 5399
104 5418
104 5465
126 5476
126 5849
104 5904
104 5906
104 5908
105 6174
105 6174
105 6177
105 6177
105 6317
105 6317
105 6318
105 6318
105 6323
105 6323
105 6326
105 6326
104 6336
104 6339
104 6391
104 6569
104 6571
126 6648
104 6725
104 6727
126 6832
104 6886
104 6889
104 6892
104 7041
104 7044
104 7044
105 7349
105 7349
105 7352
105 7352
105 7355
105 7355
105 7359
105 7359
105 7362
105 7362
105 7725
105 7725
105 7752
105 7752
105 7912
105 7912
126 7958
104 7983
104 7986
104 7987
104 7987
104 7987
104 7987
104 7987
104 7987
104 7988
104 7988
104 7988
104 7988
104 8138
104 8141
104 8193
126 8201
104 8283
104 8316
104 8383
104 8386
104 8386
104 8386
104 8514
104 8517
126 8757
105 8866
105 8866
105 8869
105 8869
105 8872
105 8872
9 8914
9 8917
104 9002
104 9003
104 9006
104 9252
104 9254
104 9300
104 9303
104 9303
104 9303
104 9304
104 9304
104 9304
126 9425
104 9477
104 9480
104 9599
104 9674
105 9992
105 9992
9 10020
9 10023
9 10023
9 10023
9 10023
105 10509
105 10509
105 10511
105 10511
105 10511
105 10511
105 10511
105 10511
105 10511
105 10511
105 10511
105 10511
105 10511
105 10511
105 10511
105 10511
105 10513
105 10513
105 10513
105 10513
9 10753
105 10766
105 10766
105 10768
105 10768
105 10769
105 10769
105 10769
105 10769
105 10769
105 10769
105 10769
105 10769
105 10769
105 10769
9 11118
9 11120
9 11123
9 11123
9 11123
107 11218
107 11220
107 11220
107 11221
107 11221
104 11381
104 11384
104 11384
104 11386
104 11386
104 11386
104 11386
104 11386
104 11386
104 11386
104 11387
107 11443
107 11446
107 11446
105 11559
105 11559
107 11840
107 11843
107 11843
104 12213
104 12216
104 12219
104 12223
104 12226
104 12229
104 12232
105 12437
105 12437
105 12440
105 12440
105 12442
105 12442
105 12442
105 12442
107 12854
107 12856
107 12856
107 12856
107 12856
105 12990
105 12990
105 12992
105 12992
105 12993
105 12993
105 12993
105 12993
105 12993
105 12993
105 13287
105 13287
105 13290
105 13290
105 13290
105 13290
105 13290
105 13290
105 13290
105 13290
105 13290
105 13290
105 13290
105 13290
105 13291
105 13291
105 13291
105 13291
105 13291
105 13291
105 13291
105 13291
105 13291
105 13291
9 13377
9 13393
9 13426
9 13427
9 13429
9 13429
9 13429
9 13429
9 13429
9 13429
9 13429
9 13430
9 13430
9 13430
9 13430
9 13430
9 13430
9 13431
9 13431
105 13671
105 13671
105 13674
105 13674
105 13674
105 13674
105 13674
105 13674
105 13675
105 13675
105 13675
105 13675
104 14335
104 14338
104 14341
499 14513
499 14516
105 14589
105 14589
105 14591
105 14591
105 14592
105 14592
105 14592
105 14592
105 14592
105 14592
105 14592
105 14592
105 14592
105 14592
105 14592
105 14592
105 14592
105 14592
105 14594
105 14594
105 14594
105 14594
105 14594
105 14594
104 14617
104 14620
104 14623
107 14720
107 14723
107 14728
107 14731
112 15641
112 15644
112 15988
112 16128
112 16131
112 16913
112 16914
112 16917
112 16917
112 16917
105 17504
105 17504
105 17507
105 17507
105 17507
105 17507
105 17509
105 17509
105 17509
105 17509
105 17509
105 17509
105 17509
105 17509
105 17509
105 17509
105 17510
105 17510
105 17510
105 17510
105 17510
105 17510
105 17510
105 17510
