104 316
104 667
104 960
104 962
104 1417
104 1425
104 2019
105 2417
105 2417
105 2420
105 2420
104 2422
105 2423
105 2423
126 3016
104 3542
104 3545
104 3546
104 3843
126 3891
104 4142
104 4144
104 4147
104 4401
104 4721
104 4724
104 4725
104 4950
104 4953
104 4954
126 5010
104 5288
104 5301
104 5386
104 5518
104 5521
104 5524
104 5739
104 5772
104 5832
104 5900
104 5904
104 6055
104 6058
104 6061
104 6205
104 6208
104 6211
104 6418
104 6419
104 6422
110 7105
110 7108
110 7154
110 7157
110 7160
110 7162
105 7437
105 7437
105 7440
105 7440
105 7443
105 7443
105 7445
105 7445
105 7617
105 7617
105 7620
105 7620
105 7620
105 7620
105 7621
105 7621
105 7621
105 7621
105 7621
105 7621
104 7826
104 7829
105 8037
105 8037
105 8041
105 8041
105 8041
105 8041
105 8041
105 8041
105 8043
105 8043
105 8043
105 8043
105 8043
105 8043
105 8043
105 8043
110 8281
110 8284
110 8285
110 8285
110 8285
110 8562
110 8564
110 8564
110 8566
110 8698
110 8701
110 8704
104 9049
104 9052
104 9055
104 9068
104 9071
104 9074
104 9087
104 9088
104 9091
126 9262
105 9325
105 9325
105 9328
105 9328
105 9331
105 9331
105 9334
105 9334
126 9382
105 9857
105 9857
105 9859
105 9859
105 9861
105 9861
105 9861
105 9861
105 9861
105 9861
105 9861
105 9861
105 9862
105 9862
105 10068
105 10068
105 10071
105 10071
105 10072
105 10072
105 10072
105 10072
104 10269
105 10288
105 10288
105 10293
105 10293
105 10293
105 10293
104 10302
104 10335
110 10617
110 10621
110 10621
110 10621
110 10621
110 10787
110 10791
110 10791
105 10838
105 10838
105 10841
105 10841
105 10843
105 10843
105 10843
105 10843
105 10843
105 10843
110 11285
110 11289
110 11289
110 11289
110 11289
110 11485
110 11489
110 11489
110 11606
110 11698
110 11701
