88 345
106 889
86 972
89 1562
88 1669
106 2913
138 3511
86 3517
138 4134
87 4135
106 4215
87 4707
87 4727
99 4759
99 4787
138 4846
106 4893
87 5227
87 5246
97 5369
106 5425
99 5582
88 5741
106 5875
138 5954
138 5954
106 6284
99 6583
289 6771
289 6771
289 6771
289 6771
289 6771
289 6771
289 6771
289 6771
289 6771
88 6820
87 6894
86 7133
87 7144
106 7192
106 7198
88 7294
90 7357
87 7534
87 7631
106 7941
87 8276
87 8285
87 8328
106 8558
106 8563
106 8566
106 8580
106 9138
106 9173
87 9186
87 9196
87 9338
87 9361
106 9737
