106 709
86 1102
88 1561
89 1665
86 2842
106 3569
138 3599
87 4182
138 4397
106 4488
138 4657
87 5167
138 5210
106 5210
138 5341
106 5361
99 5557
99 5666
106 5668
96 5906
99 5943
88 6004
106 6046
88 6094
87 6219
87 6695
87 6722
106 6851
106 7045
106 7228
138 7252
90 7410
90 7424
138 7476
138 7479
87 7503
138 7524
138 7543
138 7634
88 7639
88 7650
138 8033
87 8045
138 8082
87 8099
91 8111
106 8112
86 8119
87 8280
87 8714
87 8995
87 9070
106 9092
106 9157
138 9245
138 9255
138 9255
106 9547
87 9588
87 9809
138 9848
138 9861
87 9877
106 9878
87 9910
87 9915
87 10030
106 10126
138 10423
88 10468
87 10641
87 10644
87 10772
87 10788
87 10797
87 10814
138 11009
94 11050
106 11269
138 11418
86 11448
87 11497
88 11549
87 11847
87 11853
106 11868
106 11871
106 11872
106 11941
138 12021
138 12022
87 12110
86 12277
92 12283
138 12379
138 12415
99 12717
138 12986
138 12990
87 13000
138 13030
138 13067
87 13102
138 13167
92 13195
106 13346
138 13355
138 14654
138 14669
138 14684
138 14722
138 14766
138 14769
138 14840
289 14946
289 14946
289 14946
289 14946
289 14946
289 14946
289 14946
289 14946
289 14946
87 15269
87 15272
87 15274
86 15426
87 15519
87 15520
87 15524
87 15529
138 15799
289 15802
289 15802
289 15802
289 15802
289 15802
289 15802
289 15802
289 15802
289 15802
138 15941
106 16595
106 16596
106 16639
106 16641
106 16710
106 16746
87 17042
87 17058
87 17058
289 17857
289 17859
289 17875
289 17877
289 17879
289 17880
289 17897
289 17908
289 17928
289 17948
824 17977
289 17985
289 18000
289 18011
88 18254
87 18933
87 18936
86 19253
12 19377
12 19383
12 19383
14 19384
12 19384
12 19384
12 19386
14 19390
14 19390
14 19391
14 19391
14 19393
289 19497
289 19497
289 19497
289 19497
289 19497
289 19497
289 19497
289 19497
289 19497
289 19577
289 19578
289 19587
289 19590
824 19590
289 19666
289 19667
289 19668
289 19669
289 19669
289 19669
289 19670
289 19671
289 19671
289 19672
289 19676
289 19680
289 19681
289 19684
289 19757
289 19763
289 19767
289 19770
289 19771
289 19774
87 20109
87 20110
289 20251
289 20253
289 20273
289 20275
289 20289
289 20291
289 20295
289 20295
289 20304
289 20306
289 20357
289 20360
289 20363
289 20365
289 20365
289 20365
289 20367
289 20368
289 20369
289 20380
289 20583
289 20585
289 20592
289 20594
289 20600
289 20604
289 20612
289 20615
289 20620
289 20624
289 20629
289 20633
289 20639
289 20642
289 20650
289 20650
289 20670
289 20683
289 20690
289 20694
289 20698
289 20705
289 20709
289 20713
289 20724
289 20727
289 20731
289 20737
289 20741
289 20751
289 20757
289 20762
289 20767
289 20778
289 20778
289 20781
289 20783
289 20795
289 20809
289 20809
289 20815
289 20827
289 20854
289 20866
289 20875
289 20876
289 20891
289 20894
289 20901
289 20905
289 20924
289 20932
289 20934
289 20934
289 20957
12 20963
289 20980
289 20987
289 20989
289 21011
289 21011
824 21021
289 21022
289 21024
289 21037
289 21063
289 21063
289 21089
289 21096
289 21101
289 21119
289 21140
289 21155
289 21177
289 21204
289 21273
289 21291
289 21324
