104 286
104 650
104 1001
104 1004
104 1075
104 1371
104 1557
104 1636
104 1669
104 1702
104 1773
104 2071
104 2248
105 2607
105 2607
126 2967
104 3224
104 3225
104 3461
104 3659
126 3766
104 3864
104 3945
104 4049
104 4050
104 4053
104 4103
126 4161
104 4253
104 4488
104 4501
104 4999
105 5001
105 5001
105 5003
105 5003
105 5024
105 5024
126 5197
104 5259
104 5265
104 5266
104 5266
104 5282
105 5528
105 5528
104 5608
104 5610
104 5613
104 5616
104 5652
104 5678
104 5685
104 5836
104 6013
104 6123
105 6432
105 6432
105 6435
105 6435
105 6438
105 6438
104 6453
104 6454
104 6457
105 6537
105 6537
105 6540
105 6540
104 6565
126 6593
105 6706
105 6706
105 6708
105 6708
104 6753
104 6755
104 6759
104 6923
104 6926
104 6929
104 7014
104 7017
104 7116
126 7218
104 7581
104 7584
104 7587
104 7590
104 7593
104 7613
104 7616
104 7618
104 7751
104 7813
104 7814
104 7819
104 7830
104 7891
104 8140
104 8142
104 8145
104 8386
104 8495
104 8498
104 8501
9 8843
105 8845
105 8845
9 8848
9 8850
105 8850
105 8850
9 8850
9 8851
105 8852
105 8852
105 8852
105 8852
105 8853
105 8853
105 8853
105 8853
105 8855
9 8855
105 8855
105 8855
105 8855
105 8856
105 8856
105 8856
105 8856
9 8858
104 8900
9 9004
9 9007
9 9009
104 9159
105 9229
105 9229
105 9232
105 9232
104 9244
104 9246
104 9380
104 9383
104 9412
104 9415
104 9418
104 9421
9 9600
9 9605
105 9618
105 9618
105 9623
105 9623
105 9625
105 9625
105 9625
105 9625
105 9626
105 9626
9 9787
9 9793
9 9794
9 9794
9 9795
107 10087
107 10093
107 10094
107 10094
107 10189
107 10192
9 10268
105 10290
105 10290
105 10296
105 10296
105 10297
105 10297
105 10297
105 10297
105 10298
105 10298
105 10298
105 10298
105 10300
105 10300
105 10300
105 10300
105 10301
105 10301
105 10301
105 10301
105 10303
105 10303
107 10408
107 10409
107 10412
107 10766
107 10769
107 10772
9 10943
107 11346
107 11352
107 11354
107 11354
107 11355
105 11675
105 11675
107 11731
107 11737
107 11738
107 11738
107 11739
107 11739
107 11741
105 11902
105 11902
105 11909
105 11909
105 11909
105 11909
105 11911
105 11911
105 11911
105 11911
105 11912
105 11912
105 12164
105 12164
105 12168
105 12168
105 12170
105 12170
105 12170
105 12170
105 12171
105 12171
105 12272
105 12272
105 12278
105 12278
105 12279
105 12279
105 12281
105 12281
105 12281
105 12281
105 12471
105 12471
105 12475
105 12475
105 12476
105 12476
105 12478
105 12478
105 12478
105 12478
105 12478
105 12478
105 12675
105 12675
105 12681
105 12681
105 12682
105 12682
105 12829
105 12829
105 12835
105 12835
105 12836
105 12836
105 12836
105 12836
105 12838
105 12838
105 12838
105 12838
105 12839
105 12839
9 12915
9 12920
9 12922
9 12922
9 12923
9 12923
9 12925
9 12926
9 12926
105 13020
105 13020
105 13026
105 13026
105 13026
105 13026
104 13096
104 13103
104 13103
9 13302
9 13303
9 13306
9 13309
105 13559
105 13559
105 13565
105 13565
105 13565
105 13565
105 13566
105 13566
105 13566
105 13566
105 13567
105 13567
105 13567
105 13567
9 13728
9 13731
9 13742
105 13766
105 13766
105 13772
105 13772
105 13773
105 13773
105 13773
105 13773
107 13831
105 13890
105 13890
105 13896
105 13896
105 13897
105 13897
105 14041
105 14041
105 14044
105 14044
105 14047
105 14047
105 14051
105 14051
105 14054
105 14054
105 14132
105 14132
105 14137
105 14137
105 14139
105 14139
105 14139
105 14139
9 14403
9 14436
9 14442
105 14443
9 14443
9 14443
105 14443
105 14448
105 14448
105 14448
105 14448
105 14450
105 14450
105 14450
105 14450
105 14451
105 14451
105 14451
105 14451
105 14453
105 14453
105 14453
105 14453
105 14454
105 14454
105 14454
105 14454
105 14571
105 14571
105 14577
105 14577
9 14616
9 14618
9 14620
9 14625
105 14630
105 14630
105 14636
105 14636
105 14800
105 14800
105 14805
105 14805
105 14805
105 14805
105 14807
105 14807
9 14880
9 14882
9 14885
9 14947
9 14950
9 14953
9 14957
105 14967
105 14967
105 14972
105 14972
105 14974
105 14974
105 14974
105 14974
105 14975
105 14975
105 14975
105 14975
105 14977
105 14977
9 15153
9 15156
9 15434
105 15459
105 15459
105 15465
105 15465
105 15465
105 15465
105 15466
105 15466
105 15466
105 15466
105 15468
105 15468
105 15468
105 15468
105 15525
105 15525
105 15531
105 15531
105 15531
105 15531
105 15531
105 15531
105 15532
105 15532
