104 284
104 669
104 967
104 984
104 1066
104 1437
104 1548
104 2013
104 2060
104 2093
104 2128
104 2259
104 2523
104 2877
105 3116
105 3116
104 3253
104 3625
126 3763
126 3943
105 3966
105 3966
104 4008
105 4076
105 4076
105 4107
105 4107
104 4352
104 4355
104 4358
104 4361
105 4886
105 4886
105 4889
105 4889
104 4904
126 4993
104 5004
104 5007
104 5010
104 5072
104 5075
104 5078
104 5138
104 5143
104 5212
104 5763
104 5766
104 5769
104 5805
104 5836
104 5887
104 5959
104 6024
104 6026
104 6098
104 6101
104 6146
126 6265
104 6658
104 6661
104 6867
104 6873
104 6874
104 6874
104 6876
104 6876
104 6877
104 6877
104 6953
104 7123
104 7125
126 7163
104 7346
104 7349
104 7352
104 7416
104 7433
104 7434
104 7437
104 7521
104 7523
104 7526
104 7688
104 7692
104 7695
104 8036
104 8039
104 8042
104 8045
110 8416
110 8422
110 8423
110 8423
110 8425
110 8425
110 8705
110 8708
110 8711
110 8713
104 8927
104 8933
104 8936
104 8943
104 9223
107 9766
107 9772
107 9772
107 9773
107 9773
107 9775
107 9858
110 9871
110 9873
110 9876
110 9938
110 9971
110 10007
110 10060
110 10185
110 10188
110 10270
110 10273
110 10315
110 10357
110 10444
110 10498
110 10659
110 10662
110 10682
110 10816
110 10819
110 10821
110 10916
110 10919
110 10968
110 11011
110 11098
110 11101
105 11128
105 11128
105 11130
105 11130
110 11285
110 11321
110 11594
110 11596
110 11610
110 11613
105 11647
105 11647
105 11653
105 11653
105 11654
105 11654
105 11654
105 11654
105 11654
105 11654
110 11743
110 11812
110 11815
110 11818
110 11820
110 12010
110 12013
110 12016
110 12019
110 12055
