106 682
86 1165
88 1459
89 1674
86 2523
106 3605
138 3988
87 4512
138 4745
106 4837
106 5082
99 5233
99 5235
106 5335
138 5342
99 5352
87 5429
87 5449
97 6120
106 6188
106 6306
106 6592
87 6735
88 6861
88 6861
87 6956
87 7024
106 7680
106 7713
106 7888
106 7955
91 8632
90 8647
88 9324
88 9352
87 10328
87 10334
106 10972
106 10982
289 11324
289 11324
289 11324
289 11324
289 11324
289 11324
289 11324
289 11324
289 11324
86 11750
289 13547
289 13547
289 13547
289 13547
289 13547
289 13547
289 13790
289 13790
289 13790
289 13790
289 13790
289 13790
289 13790
289 13790
289 13790
