106 683
86 1093
88 1557
89 1675
106 2911
86 3487
106 4244
138 4249
106 4767
97 4790
88 4835
88 4881
87 4917
138 4959
106 5072
87 5592
87 5598
106 5783
106 6085
12 6196
13 6379
106 6694
106 6765
106 6937
106 6971
106 7028
106 7104
90 7159
88 8156
88 8186
87 8471
87 8487
96 8569
88 8601
106 9252
106 9301
106 9324
106 9436
87 9723
106 9724
106 10045
12 10357
12 10360
12 10363
12 10539
12 10542
12 10543
106 10633
106 10635
106 10684
106 10702
12 10714
12 10716
12 10716
87 10821
106 10830
106 10889
13 10975
106 11013
13 11052
13 11545
13 11547
13 11547
106 12046
13 12098
13 12101
13 12102
