104 289
104 669
104 965
104 970
104 1462
104 1531
104 1609
104 2025
104 2126
104 2268
104 2500
105 3206
105 3206
104 3209
105 3209
105 3209
104 3241
104 3242
104 3244
104 3458
104 3477
126 3562
126 3566
104 3690
104 3707
104 4214
104 4218
104 4544
104 4548
126 4685
104 4833
104 4833
105 4837
105 4837
105 4895
105 4895
104 4949
104 5042
104 5461
104 5574
104 5574
104 5576
104 5661
104 5680
104 5682
110 5913
110 5920
110 6071
110 6076
110 6122
110 6418
110 6425
110 6624
110 6643
105 6737
105 6737
105 6744
105 6744
105 6746
105 6746
105 6746
105 6746
105 6805
105 6805
105 7084
105 7084
105 7091
105 7091
105 7093
105 7093
105 7094
105 7094
105 7094
105 7094
105 7096
105 7096
105 7096
105 7096
105 7358
105 7358
105 7559
105 7559
105 7568
105 7568
105 7569
105 7569
105 7569
105 7569
105 7571
105 7571
105 7684
105 7684
105 8155
105 8155
105 8162
105 8162
105 8164
105 8164
105 8164
105 8164
105 8165
105 8165
105 8165
105 8165
104 8655
104 8664
104 8664
104 8665
104 8666
104 8666
104 8668
104 8668
104 8669
105 8978
105 8978
105 9104
105 9104
105 9111
105 9111
105 9111
105 9111
110 9150
104 9198
104 9205
104 9206
104 9252
104 9379
104 9379
110 9850
110 9856
110 9857
110 9857
110 9858
105 9954
105 9954
105 9962
105 9962
110 10001
104 10209
104 10215
104 10221
105 10232
105 10232
105 10239
105 10239
105 10239
105 10239
110 10279
104 10362
104 10366
104 10641
104 10646
104 10649
104 10666
105 10884
105 10884
105 10890
105 10890
110 10919
110 10922
110 10927
105 11284
105 11284
105 11293
105 11293
105 11295
105 11295
105 11295
105 11295
105 11296
105 11296
105 11856
105 11856
105 11863
105 11863
105 11863
105 11863
105 11865
105 11865
105 11865
105 11865
105 11866
105 11866
105 11965
105 11965
105 11974
105 11974
105 11975
105 11975
126 12210
110 12373
110 12380
110 12380
110 12382
110 12382
110 12383
105 12433
105 12433
110 12473
110 12660
110 12665
110 12665
110 13009
