104 287
104 653
104 957
104 957
104 1429
104 1522
104 1586
104 1995
104 2074
104 2251
104 2485
104 2757
104 3074
104 3139
104 3261
126 3532
105 3676
105 3676
105 3896
105 3896
105 4040
105 4040
105 4043
105 4043
105 4192
105 4192
105 4197
105 4197
110 4787
110 4792
110 4792
110 4792
110 4924
110 4967
110 5128
105 5168
105 5168
105 5171
105 5171
105 5309
105 5309
105 5314
105 5314
105 5357
105 5357
105 5439
105 5439
105 5443
105 5443
105 5626
105 5626
105 5629
105 5629
105 5691
105 5691
105 5717
105 5717
105 6071
105 6071
105 6074
105 6074
105 6074
105 6074
105 6077
105 6077
