104 287
104 649
104 954
104 954
104 1036
104 1485
104 1558
104 1953
104 2018
104 2112
104 2239
104 2736
105 3077
105 3077
105 3157
105 3157
126 3452
126 3570
104 3673
104 3700
104 3703
104 3805
104 4080
104 4100
104 4319
104 4322
104 4414
126 4509
104 4646
104 4649
104 4662
104 4665
104 4668
104 4953
104 5124
104 5307
126 5308
104 5310
104 5312
104 5314
104 5465
104 5468
105 5469
105 5469
105 5471
105 5471
104 5526
126 5640
104 5940
126 6120
104 6264
104 6283
104 6286
104 6296
104 6336
104 6463
104 6465
104 6468
104 6471
104 6588
104 6638
104 6661
105 6677
105 6677
105 6678
105 6678
105 6681
105 6681
104 6821
104 6928
105 7004
105 7004
105 7124
105 7124
105 7127
105 7127
105 7130
105 7130
104 7256
104 7259
104 7310
104 7313
104 7316
104 7319
104 7321
104 7323
104 7695
104 7698
104 7699
104 7699
104 7701
104 7701
104 7701
104 7865
104 7867
104 8088
104 8098
104 8260
104 8263
104 8266
105 8423
105 8423
105 8426
105 8426
105 8426
105 8426
105 8426
105 8426
105 8426
105 8426
104 8469
104 8502
9 8853
9 8855
9 8855
9 8855
9 8855
9 8855
9 8864
105 9000
105 9000
105 9003
105 9003
105 9003
105 9003
105 9003
105 9003
104 9105
104 9108
104 9111
105 9259
105 9259
105 9261
105 9261
105 9262
105 9262
105 9262
105 9262
105 9262
105 9262
105 9400
105 9400
105 9402
105 9402
105 9402
105 9402
105 9505
105 9505
105 9507
105 9507
105 9507
105 9507
105 9508
105 9508
105 9656
105 9656
105 9800
105 9800
105 9802
105 9802
105 9918
105 9918
105 9921
105 9921
105 9921
105 9921
105 9921
105 9921
105 9923
105 9923
9 10260
9 10263
9 10266
9 10269
9 10270
9 10273
108 10296
108 10299
108 10299
108 10299
108 10378
108 10381
108 10383
108 10386
9 10404
9 10404
9 10404
9 10404
108 10530
108 10532
105 10533
105 10533
108 10535
105 10536
105 10536
105 10663
105 10663
105 10664
105 10664
105 10666
105 10666
105 11228
105 11228
105 11230
105 11230
105 11231
105 11231
105 11231
105 11231
105 11231
105 11231
105 11231
105 11231
105 11231
105 11231
105 11231
105 11231
105 11231
105 11231
105 11233
105 11233
105 11233
105 11233
105 11233
105 11233
105 11233
105 11233
105 11233
105 11233
108 11348
108 11351
108 11354
108 11355
104 11522
104 11524
104 11524
104 11525
104 11525
104 11525
104 11525
104 11525
104 11525
9 11668
9 11671
9 11671
9 11671
9 11671
9 11671
9 11881
9 11884
9 11887
105 11915
105 11915
105 11916
105 11916
105 11918
105 11918
105 11918
105 11918
104 11981
108 12033
104 12184
104 12187
105 12534
105 12534
105 12537
105 12537
105 12537
105 12537
105 12537
105 12537
9 12588
9 12591
9 12591
9 12591
9 12591
9 12591
9 12591
9 12592
9 12592
9 12592
9 12592
9 12592
108 12636
108 12638
105 12676
105 12676
105 12679
105 12679
105 12679
105 12679
105 12679
105 12679
105 12681
105 12681
105 12681
105 12681
105 12681
105 12681
105 12681
105 12681
105 12681
105 12681
105 12681
105 12681
105 12682
105 12682
105 12682
105 12682
105 13048
105 13048
105 13051
105 13051
105 13051
105 13051
105 13051
105 13051
105 13051
105 13051
105 13052
105 13052
105 13052
105 13052
105 13052
105 13052
104 13074
104 13077
104 13078
104 13087
108 13239
108 13242
108 13245
104 13254
104 13257
104 13258
9 13348
9 13351
104 13404
105 13435
105 13435
105 13436
105 13436
105 13436
105 13436
104 13542
104 13650
105 13691
105 13691
105 13693
105 13693
105 13693
105 13693
105 13694
105 13694
105 13907
105 13907
105 13910
105 13910
105 13910
105 13910
105 13911
105 13911
105 13911
105 13911
105 13911
105 13911
104 13936
104 13939
105 14089
105 14089
105 14090
105 14090
105 14091
105 14091
105 14091
105 14091
105 14191
105 14191
105 14194
105 14194
105 14194
105 14194
105 14194
105 14194
105 14194
105 14194
105 14195
105 14195
105 14195
105 14195
105 14195
105 14195
105 14447
105 14447
105 14450
105 14450
105 14450
105 14450
105 14450
105 14450
105 14450
105 14450
105 14451
105 14451
105 14451
105 14451
105 14451
105 14451
9 14479
9 14482
9 14482
9 14482
9 14482
9 14484
9 14484
9 14484
9 14484
9 14484
9 14485
9 14485
9 14485
9 14485
9 14485
9 14485
105 14643
105 14643
105 14646
105 14646
105 14646
105 14646
105 14646
105 14646
9 14678
105 14856
105 14856
105 14959
105 14959
105 14961
105 14961
105 14962
105 14962
105 14962
105 14962
105 14962
105 14962
105 14964
105 14964
105 14964
105 14964
105 14964
105 14964
105 14964
105 14964
105 14964
105 14964
105 14964
105 14964
105 15016
105 15016
105 15018
105 15018
104 15337
108 15351
108 15354
108 15355
108 15563
108 15565
108 15567
105 15601
105 15601
105 15603
105 15603
105 15604
105 15604
105 15604
105 15604
105 15604
105 15604
105 15604
105 15604
105 15604
105 15604
105 15604
105 15604
108 15721
108 15722
108 15725
108 15728
105 15734
105 15734
105 15787
105 15787
105 15902
105 15902
105 15904
105 15904
105 15904
105 15904
9 15953
9 15956
9 15956
9 15958
9 15958
9 15958
9 15958
9 15958
9 15958
9 15958
9 15959
9 15959
9 16105
9 16106
9 16109
9 16109
9 16109
9 16110
105 16137
105 16137
105 16140
105 16140
105 16140
105 16140
105 16140
105 16140
105 16140
105 16140
9 16189
9 16192
9 16192
9 16198
105 16202
105 16202
105 16269
105 16269
105 16323
105 16323
105 16325
105 16325
105 16325
105 16325
105 16325
105 16325
105 16325
105 16325
105 16325
105 16325
105 16325
105 16325
105 16325
105 16325
105 16327
105 16327
105 16327
105 16327
105 16327
105 16327
105 16327
105 16327
105 16327
105 16327
9 16490
9 16493
9 16493
9 16493
9 16493
9 16493
9 16495
9 16495
9 16495
9 16495
9 16495
105 16527
105 16527
105 16530
105 16530
105 16530
105 16530
105 16530
105 16530
105 16530
105 16530
9 16580
9 16581
9 16581
105 16600
105 16600
105 16602
105 16602
105 16672
105 16672
105 16953
105 16953
105 16956
105 16956
105 16956
105 16956
105 16956
105 16956
105 16956
105 16956
105 16956
105 16956
105 16957
105 16957
105 16957
105 16957
105 16957
105 16957
108 17215
108 17218
108 17221
108 17224
9 17311
9 17312
9 17312
9 17314
9 17314
9 17314
9 17314
105 17339
105 17339
105 17342
105 17342
105 17342
105 17342
105 17342
105 17342
105 17342
105 17342
105 17342
105 17342
105 17342
105 17342
105 17343
105 17343
9 17368
9 17371
9 17371
9 17371
9 17371
9 17373
9 17373
9 17373
105 17458
105 17458
105 17461
105 17461
105 17461
105 17461
105 17461
105 17461
105 17461
105 17461
9 17469
9 17472
105 17558
105 17558
105 17560
105 17560
9 17612
9 17615
9 17617
105 17837
105 17837
105 17840
105 17840
105 17840
105 17840
105 17840
105 17840
105 17840
105 17840
105 17840
105 17840
105 17840
105 17840
105 17841
105 17841
9 17889
9 17892
9 17895
9 17898
105 18046
105 18046
105 18048
105 18048
105 18048
105 18048
105 18048
105 18048
105 18048
105 18048
105 18048
105 18048
105 18110
105 18110
105 18112
105 18112
105 18256
105 18256
105 18259
105 18259
105 18259
105 18259
105 18377
105 18377
105 18380
105 18380
105 18380
105 18380
105 18380
105 18380
105 18542
105 18542
105 18544
105 18544
105 18545
105 18545
105 18587
105 18587
105 18588
105 18588
105 18590
105 18590
9 18897
9 18900
9 18900
9 18900
105 18928
105 18928
105 18931
105 18931
105 18931
105 18931
105 18931
105 18931
105 18931
105 18931
105 18931
105 18931
105 18932
105 18932
105 18932
105 18932
105 18932
105 18932
105 18932
105 18932
105 18932
105 18932
105 18934
105 18934
105 18934
105 18934
105 18934
105 18934
105 18934
105 18934
9 19019
9 19022
9 19022
9 19022
9 19024
9 19024
9 19024
9 19024
9 19024
9 19024
9 19024
105 19412
105 19412
105 19415
105 19415
105 19415
105 19415
105 19415
105 19415
105 19415
105 19415
105 19416
105 19416
105 19416
105 19416
105 19416
105 19416
105 19416
105 19416
105 19416
105 19416
105 19416
105 19416
105 19458
105 19458
105 19461
105 19461
108 19517
108 19518
108 19521
108 19779
108 19782
105 19989
105 19989
105 19990
105 19990
105 19992
105 19992
105 19992
105 19992
105 19992
105 19992
105 19992
105 19992
105 19992
105 19992
105 19992
105 19992
105 19992
105 19992
105 19993
105 19993
105 19993
105 19993
105 19993
105 19993
105 19993
105 19993
105 19993
105 19993
105 19993
105 19993
105 19995
105 19995
105 19995
105 19995
105 19995
105 19995
105 19995
105 19995
105 19995
105 19995
105 20098
105 20098
105 20101
105 20101
105 20101
105 20101
105 20101
105 20101
105 20101
105 20101
105 20103
105 20103
9 20126
9 20128
9 20129
9 20129
9 20129
9 20129
9 20129
9 20131
9 20263
9 20265
9 20266
9 20267
105 20308
105 20308
105 20310
105 20310
105 20310
105 20310
105 20311
105 20311
105 20367
105 20367
105 20498
105 20498
105 20501
105 20501
105 20501
105 20501
105 20503
105 20503
105 20674
105 20674
105 20675
105 20675
105 20677
105 20677
105 20677
105 20677
105 20824
105 20824
105 20827
105 20827
105 20827
9 20827
105 20827
105 20827
105 20827
105 20828
105 20828
9 20830
9 20830
9 20830
9 20832
9 20832
9 20954
105 20969
105 20969
105 20971
105 20971
105 20972
105 20972
