106 686
89 937
86 1574
88 2176
106 2733
138 3970
138 4095
86 4173
106 4676
87 4735
87 4753
138 4837
106 5049
87 5278
106 5484
87 5528
87 5545
106 5704
138 5730
106 5858
138 6225
87 6278
87 6317
87 6365
99 6452
99 6453
87 6538
106 6674
88 6760
96 6773
87 6872
106 6984
87 7089
88 7756
90 7828
99 7834
88 8316
88 8363
90 8483
88 8764
87 8885
86 9457
91 9700
106 9783
87 9798
87 9831
138 9992
106 10034
106 10037
106 10040
138 10060
138 10236
138 10281
138 10316
138 10341
138 10369
138 10373
138 10446
138 10478
87 10521
87 10568
86 10593
94 10758
87 10837
106 11082
138 11087
138 11096
87 11174
87 11187
87 11226
87 11227
87 11229
87 11232
87 11232
87 11238
87 11238
87 11360
87 11384
12 11385
106 11819
88 12014
99 12022
87 12030
87 12035
87 12078
87 12085
87 12116
87 12122
87 12125
87 12126
87 12128
87 12131
87 12138
87 12178
87 12238
106 12301
12 12488
12 12491
12 12491
12 12491
106 12625
92 12631
15 12792
87 12824
87 12826
87 12827
87 12829
87 12833
87 12837
106 12848
87 12858
87 12880
87 12896
87 13280
87 13281
87 13390
87 13420
87 13427
87 13435
87 13441
87 13444
14 13626
14 13647
14 13650
14 13650
106 13730
106 13732
106 13736
106 13740
87 14072
138 14118
88 14332
88 14345
99 14364
138 14452
138 14521
138 14532
98 14657
98 14660
87 14726
87 14757
87 14761
87 14783
87 14788
87 14820
98 14968
12 14979
12 14981
12 14981
14 15044
14 15060
14 15066
106 15072
138 15175
138 15199
87 15265
87 15285
87 15442
87 15471
87 15475
88 15642
87 15933
87 15985
86 16617
99 16625
87 16649
87 16653
289 17274
289 17274
289 17274
289 17275
289 17289
289 17291
289 17292
289 17305
289 17305
289 17306
289 17327
289 17354
289 17370
289 17372
289 17503
289 17504
289 17505
289 17506
289 17513
289 17519
289 17521
289 17522
289 17525
289 17528
289 17556
289 17558
289 17565
289 17575
289 17575
289 17592
289 17600
289 17605
289 17617
289 17617
289 17632
289 17640
289 17646
289 17656
289 17657
289 17673
289 17675
289 17687
289 17696
289 17697
289 17713
289 17717
289 17726
289 17736
289 17737
289 17753
289 17754
289 17759
289 17761
289 17768
289 17777
