104 284
104 662
104 957
104 961
104 1062
104 1554
104 1643
104 2056
104 2071
104 2075
104 2089
104 2122
104 2376
105 3159
105 3159
105 3165
105 3165
104 3245
104 3503
126 3569
104 3677
105 4069
105 4069
105 4289
105 4289
104 4429
104 4439
104 4536
104 4648
126 4685
104 4803
104 4982
126 5025
104 5146
104 5149
104 5152
104 5260
104 5368
104 5409
104 5733
104 5750
104 5794
104 5881
104 5899
126 5955
104 5974
110 6751
110 6757
110 6757
110 6758
110 6787
110 6849
110 6905
104 7008
104 7016
104 7017
104 7017
110 7025
110 7027
104 7573
104 7580
104 7581
104 7581
104 7581
104 7581
104 7581
110 8048
110 8054
104 8209
104 8216
104 8216
104 8216
104 8218
104 8218
104 8218
104 8226
110 8568
110 8815
110 8821
110 8821
110 8822
110 8822
126 9091
104 9320
104 9325
104 9327
104 9379
104 9382
104 9385
104 9404
104 9407
104 9425
104 9431
104 9433
104 9433
104 9433
104 9481
104 9533
104 9805
104 9813
104 9813
104 9813
104 9835
104 9915
104 9918
110 10141
110 10147
110 10237
110 10242
110 10247
104 10342
104 10345
104 10349
110 10371
110 10374
104 10603
104 10606
104 10609
110 11249
110 11255
110 11257
110 11257
110 11327
110 11333
110 11333
110 11334
105 11463
105 11463
105 11469
105 11469
105 11485
105 11485
105 11527
105 11527
105 11570
105 11570
105 11787
105 11787
105 11793
105 11793
105 11794
105 11794
105 12206
105 12206
105 12212
105 12212
105 12212
105 12212
105 12212
105 12212
105 12213
105 12213
105 12213
105 12213
105 12213
105 12213
105 12213
105 12213
105 12303
105 12303
105 12376
105 12376
105 12382
105 12382
105 12385
105 12385
105 12418
105 12418
105 12586
105 12586
105 12590
105 12590
105 12592
105 12592
110 12700
110 12703
110 12706
110 12902
110 12908
110 12909
110 12909
110 12909
110 12961
110 13037
110 13044
105 13127
105 13127
105 13133
105 13133
110 13139
110 13145
105 13290
105 13290
105 13296
105 13296
105 13296
105 13296
105 13297
105 13297
105 13297
105 13297
105 13297
105 13297
105 13355
105 13355
105 13361
105 13361
105 13369
105 13369
105 13422
105 13422
105 13425
105 13425
105 13595
105 13595
105 13601
105 13601
105 13602
105 13602
105 13602
105 13602
105 13602
105 13602
105 13696
105 13696
105 13702
105 13702
105 13703
105 13703
110 14081
110 14084
110 14086
110 14091
110 14094
110 14097
110 14101
110 14105
110 14212
110 14215
126 14216
110 14233
110 14272
110 14318
110 14387
110 14422
110 14498
110 14501
110 14557
110 14636
