104 306
104 652
104 958
104 960
104 1420
104 1501
104 1576
104 1992
104 2059
104 2068
104 2125
104 2239
104 2504
104 2819
104 3097
104 3327
104 3391
126 3553
105 3847
105 3847
104 3945
104 3946
105 4035
105 4035
104 4132
126 4212
105 4332
105 4332
105 4335
105 4335
105 4544
105 4544
126 4578
104 4583
104 4633
104 4659
104 4908
126 4941
104 4984
104 5006
104 5007
104 5010
104 5300
104 5449
104 5524
104 5526
126 5712
104 5831
104 5832
104 5839
104 5839
104 5841
104 5841
104 5942
104 5966
104 5999
104 6110
104 6111
104 6198
104 6490
104 6491
104 6494
104 6526
104 6726
104 6727
104 6729
104 6772
104 6774
126 6926
104 6988
104 7008
104 7027
104 7354
104 7356
105 7382
105 7382
105 7384
105 7384
105 7385
105 7385
105 7386
105 7386
105 7389
105 7389
105 7391
105 7391
110 7754
110 7757
110 7758
110 7760
110 7763
110 7809
110 7810
104 7908
110 7958
110 7961
104 8010
104 8066
104 8109
104 8140
104 8141
110 8353
110 8429
110 8475
110 8526
110 8528
110 8662
110 8665
110 8667
110 8767
110 8769
110 8963
110 8966
110 9078
110 9343
110 9401
110 9402
110 9435
105 9540
105 9540
105 9546
105 9546
110 9656
110 9658
110 9661
110 9729
110 9732
110 9778
105 9818
105 9818
105 9823
105 9823
105 9825
105 9825
105 9825
105 9825
105 9923
105 9923
105 9943
105 9943
110 9955
110 10036
105 10153
105 10153
105 10160
105 10160
110 10303
105 10337
105 10337
105 10343
105 10343
110 10374
110 10375
105 10393
105 10393
110 10490
110 10539
110 10593
110 10623
110 10656
110 10754
110 10794
110 10819
110 11153
110 11155
110 11158
105 11204
105 11204
105 11210
105 11210
110 11213
110 11216
110 11358
110 11361
110 11462
110 11463
105 11490
105 11490
105 11499
105 11499
105 11499
105 11499
105 11575
105 11575
105 11582
105 11582
126 11705
105 11712
105 11712
105 11718
105 11718
