106 686
88 1000
89 1104
86 1732
97 2158
106 3027
106 4082
88 4520
106 4741
106 5170
106 5489
88 5999
106 6285
106 7552
106 7554
106 7683
99 8609
99 8636
138 9309
99 9348
86 9680
87 10312
86 10403
95 10480
12 10667
87 10832
15 10850
106 11285
106 11286
106 11296
87 11811
142 12139
142 12286
106 12423
106 12425
106 12428
106 12429
142 12596
87 12852
138 13147
86 13158
138 13159
138 13408
138 13447
12 13674
86 13828
90 13845
90 13893
87 13990
87 13991
87 13995
15 14009
87 14035
138 14035
87 14038
138 14066
138 14610
106 14939
106 14941
106 14944
106 14945
106 14948
88 15079
92 15104
87 15178
87 15190
87 15190
87 15197
88 15714
88 15727
87 15776
87 15781
87 15793
289 16457
289 16457
289 16457
289 16457
289 16457
289 16457
106 16570
106 16573
289 16579
289 16579
289 16579
289 16579
289 16579
289 16579
289 16579
289 16579
289 16579
106 16599
106 16602
138 16738
138 16739
87 16944
87 16950
87 16957
86 17068
86 17251
