106 728
89 942
86 1577
88 2137
106 2704
138 3892
86 4076
106 4135
138 4376
87 4427
87 4911
87 4974
106 4991
138 5374
87 5512
87 5554
106 5605
106 5826
99 5972
106 5986
87 6265
87 6305
138 6351
87 6528
106 6545
90 6601
90 6610
99 6709
106 6736
138 6898
138 6901
88 7142
106 7277
87 7307
87 7308
88 7389
87 7494
106 7846
106 8164
96 8574
88 9056
88 9056
86 9296
88 9474
94 9815
91 9842
106 9864
138 10114
138 10152
138 10170
138 10205
138 10233
138 10243
138 10265
138 10300
138 10307
87 10480
87 10491
106 10627
106 10781
