88 319
106 892
86 999
89 1565
88 1675
106 2921
86 3493
138 3568
87 4096
106 4144
138 4359
99 4678
99 4817
87 4875
138 4899
87 4902
106 4925
106 5308
87 5407
87 5423
106 5656
99 5752
106 5826
97 6352
88 6353
88 6371
106 6385
138 6468
138 6482
87 6519
87 6528
106 6903
106 6906
88 7172
87 7226
87 7242
87 7538
87 7570
87 7585
90 7713
99 8058
99 8074
99 8123
106 8148
106 8151
106 8186
106 8190
91 8417
88 8451
88 8510
106 9069
87 9310
87 9346
96 9439
86 9660
106 10781
87 10805
87 10816
87 10849
87 10863
99 11528
106 11564
106 11567
106 11571
87 11632
87 11863
87 11905
87 11912
87 12265
87 12722
106 12888
106 12894
86 15454
12 15630
12 15636
12 15636
12 15637
12 15637
12 15639
87 15827
87 15836
87 15896
87 15917
13 16109
13 16110
13 16115
13 16115
13 16116
13 16116
87 16644
106 17548
