88 630
106 790
89 1075
86 1743
88 1865
97 2148
88 2751
106 3061
88 3231
106 4872
106 4981
106 5161
88 8183
88 8202
86 8835
91 9165
91 9235
99 9320
106 9382
106 9385
99 9401
106 9429
99 10486
106 10533
94 11893
106 12075
88 12804
88 12846
86 12984
106 13232
106 13235
106 13592
106 13923
90 13931
90 13954
88 14713
88 14928
106 15243
106 15554
106 15557
106 15845
106 15846
86 15863
106 15902
12 16803
12 16808
12 16810
15 16863
15 16865
15 16874
106 17129
106 17130
106 17471
106 17473
12 18224
12 18227
106 18296
15 18319
15 18322
106 18551
106 18554
106 18760
106 18765
289 19496
289 19496
289 19496
289 19496
289 19496
289 19496
289 19496
289 19496
289 19496
93 20361
289 21011
289 21011
289 21011
289 21011
289 21011
289 21011
289 21011
289 21011
289 21011
86 21318
86 21754
