106 672
89 915
86 1523
88 2108
106 2704
138 3633
86 4084
87 4145
106 4175
138 4264
88 4774
88 4781
87 4900
87 4907
138 4928
106 5112
106 5356
106 5377
87 5407
90 5558
87 5604
106 5623
138 5681
90 5727
87 5766
106 5795
99 5945
138 6137
138 6143
87 6264
87 6272
88 6428
88 6461
87 6535
87 6822
97 6891
88 7114
138 7144
87 7171
87 7176
87 7238
87 7240
88 7512
88 7533
87 7748
87 7777
106 7877
106 7880
106 7987
106 8049
99 8516
106 8833
106 8836
106 8963
106 9048
289 9522
289 9522
289 9522
289 9522
289 9522
289 9522
289 9522
289 9522
289 9522
87 9682
86 9930
138 10243
138 10296
87 10488
138 10577
138 11032
106 11043
106 11047
87 11083
87 11156
106 11182
88 11233
88 11316
106 11318
96 11590
92 11637
86 11754
87 11953
87 11956
87 11965
87 12002
106 12675
106 12714
106 12913
106 12916
106 12918
106 12921
138 13144
86 13281
87 13780
138 14042
106 14107
106 14153
87 14824
138 14847
88 14926
88 14933
86 15142
289 15908
289 15908
289 15908
289 15908
289 15908
289 15908
289 15908
289 15908
289 15908
86 17051
289 17624
289 17624
289 17624
289 17624
289 17624
289 17624
289 17624
289 17624
289 17624
86 17766
138 17867
106 18275
