104 762
104 863
104 960
105 1811
105 1811
105 1813
105 1813
105 1839
105 1839
104 1951
104 1984
105 2078
105 2078
105 2330
105 2330
105 2820
105 2820
105 2962
105 2962
126 3116
105 3497
105 3497
105 3847
105 3847
105 3850
105 3850
105 3853
105 3853
105 4172
105 4172
105 4175
105 4175
105 4322
105 4322
105 4325
105 4325
105 4450
105 4450
105 4453
105 4453
105 4456
105 4456
105 4554
105 4554
105 4639
105 4639
105 4807
105 4807
105 4888
105 4888
105 4981
105 4981
105 5427
105 5427
105 5555
105 5555
105 5555
105 5555
105 5555
105 5555
105 5577
105 5577
105 5684
105 5684
105 5763
105 5763
105 5853
105 5853
105 6000
105 6000
105 6056
105 6056
105 6166
105 6166
105 6239
105 6239
105 6373
105 6373
105 6526
105 6526
105 6589
105 6589
105 6685
105 6685
105 6714
105 6714
105 6819
105 6819
105 6968
105 6968
105 7042
105 7042
105 7130
105 7130
105 7204
105 7204
105 7316
105 7316
105 7422
105 7422
104 7545
104 7546
104 7719
104 7721
104 7754
104 7908
104 7948
104 8210
104 8210
104 8210
104 8334
104 8407
104 8642
105 8689
105 8689
105 8691
105 8691
105 8693
105 8693
105 8695
105 8695
104 8931
104 8951
105 8983
105 8983
105 8986
105 8986
104 9017
104 9146
104 9211
104 9390
104 9392
104 9445
126 9475
104 9507
104 9570
104 9660
104 9729
104 9927
105 10142
105 10142
105 10144
105 10144
105 10144
105 10144
105 10298
105 10298
105 10301
105 10301
105 10431
105 10431
105 10510
105 10510
105 10657
105 10657
105 10768
105 10768
105 10771
105 10771
105 10773
105 10773
105 10776
105 10776
105 10902
105 10902
105 10904
105 10904
105 10906
105 10906
105 10984
105 10984
105 11083
105 11083
9 11323
9 11326
9 11326
9 11326
9 11326
9 11327
9 11349
9 11351
105 11657
105 11657
105 11659
105 11659
105 11659
105 11659
105 11660
105 11660
105 11660
105 11660
105 11660
105 11660
105 11660
105 11660
9 12022
9 12025
