106 685
86 1109
88 1593
89 1696
106 2857
86 3574
96 3911
106 4424
138 4424
90 4967
106 5058
88 5646
88 5666
106 6575
88 6670
106 6745
92 6802
106 7798
106 7873
106 8036
88 8053
88 8131
106 8227
106 8561
106 9279
106 9520
106 9554
106 9942
106 10087
106 10520
106 11371
106 11401
98 11983
98 12463
289 12883
289 12883
289 12883
289 12883
289 12883
289 12883
289 12883
289 12883
289 12883
289 13022
289 13022
289 13022
289 13022
289 13022
289 13022
289 13519
289 13519
289 13519
289 13519
289 13519
289 13519
