104 758
104 883
104 958
105 1836
105 1836
105 1839
105 1839
105 1858
105 1858
105 2099
105 2099
105 2353
105 2353
126 2371
104 2531
104 2708
104 3042
104 3230
104 3369
104 3372
104 3418
104 3479
104 3732
104 4135
104 4138
105 4297
105 4297
104 4364
105 4404
105 4404
104 4434
104 4527
126 4541
126 4653
105 4738
105 4738
105 4741
105 4741
105 4744
105 4744
104 5019
105 5476
105 5476
104 5572
104 5576
105 5576
105 5576
105 5578
105 5578
104 5579
104 5638
104 5642
104 5645
105 5979
105 5979
105 6176
105 6176
104 6376
104 6379
104 6401
104 6404
104 6406
105 6644
105 6644
104 6725
104 6727
104 6730
104 6735
104 6817
104 7033
104 7035
105 7271
105 7271
105 7276
105 7276
105 7278
105 7278
105 7281
105 7281
105 7286
105 7286
105 7289
105 7289
9 7294
9 7325
126 7365
105 7529
105 7529
105 7532
105 7532
105 7536
105 7536
105 7539
105 7539
104 7585
104 7590
104 7701
104 7705
104 7708
104 7880
104 7918
104 7921
