104 286
104 672
104 974
104 977
104 1486
104 1563
104 1642
104 2038
104 2110
104 2248
104 2487
104 2727
105 3141
105 3141
105 3144
105 3144
104 3232
126 3546
126 3549
104 3572
104 3755
104 3759
104 4016
104 4129
104 4243
104 4246
104 4417
104 4588
104 4621
104 4637
104 4646
104 4654
126 5036
126 5766
110 5827
110 5829
110 5834
126 5863
110 5943
110 6047
110 6166
110 6171
110 6453
110 6457
110 6549
110 6817
110 6820
110 6899
110 7001
104 7308
104 7313
104 7315
104 7315
104 7316
110 7332
110 7335
104 7493
104 7500
104 7502
104 7808
104 7813
104 7883
104 7886
104 7891
104 7895
104 8176
104 8178
104 8184
104 8186
104 8283
104 8520
104 8982
104 8990
104 8990
104 8992
104 8992
104 8993
104 8993
104 9215
104 9219
104 9347
104 9352
126 9456
126 9487
104 9498
110 9692
126 9730
110 10023
110 10028
110 10237
110 10244
126 10255
126 10286
110 10372
110 10377
126 10529
110 10548
110 10646
110 10652
110 10653
110 10660
110 10793
110 10798
104 11062
104 11066
104 11069
104 11072
104 11079
104 11083
104 11154
104 11278
104 11311
110 11335
104 11352
104 11355
110 11422
110 11425
110 11429
110 11433
110 11543
104 11554
110 11563
104 11730
110 11738
110 11911
110 11915
110 11924
104 11998
104 12031
110 12208
110 12212
110 12215
104 12429
110 12530
110 12536
110 12536
110 12537
110 12539
110 12539
110 12540
104 12661
104 12677
104 12681
104 12684
104 12687
104 13038
104 13078
104 13109
104 13113
126 13329
104 13373
104 13378
104 13383
104 13386
104 13694
104 13697
104 13825
104 13830
126 14237
105 14457
105 14457
105 14466
105 14466
105 14467
105 14467
105 14467
105 14467
105 14469
105 14469
105 14469
105 14469
105 14470
105 14470
105 14470
105 14470
105 14471
105 14471
105 14471
105 14471
105 14834
105 14834
105 14838
105 14838
105 14843
105 14843
105 14846
105 14846
104 14855
104 14888
104 15053
104 15108
104 15111
105 15321
105 15321
105 15328
105 15328
105 15329
105 15329
105 15329
105 15329
105 15331
105 15331
105 15331
105 15331
104 15476
104 15558
104 15563
104 15566
126 15686
105 15846
105 15846
105 15852
105 15852
105 15852
105 15852
105 15853
105 15853
105 15853
105 15853
105 15855
105 15855
105 15855
105 15855
105 15856
105 15856
105 15856
105 15856
105 15858
105 15858
105 15858
105 15858
105 15859
105 15859
105 15859
105 15859
105 15861
105 15861
105 15861
105 15861
9 16187
9 16192
9 16194
9 16194
9 16195
9 16197
9 16197
9 16197
9 16198
9 16198
9 16200
9 16201
9 16201
9 16202
9 16202
9 16204
9 16204
9 16205
9 16205
9 16207
9 16207
9 16208
9 16208
126 16485
105 16521
105 16521
105 16526
105 16526
499 16642
104 17201
104 17208
104 17210
104 17211
105 17677
105 17677
105 17686
105 17686
105 17686
105 17686
105 17687
105 17687
105 17687
105 17687
105 17689
105 17689
105 17689
105 17689
105 17690
105 17690
499 17808
499 17811
112 18326
112 18332
112 18332
112 18333
112 18333
105 18335
112 18335
105 18335
105 18344
105 18344
105 18345
105 18345
105 18345
105 18345
105 18346
105 18346
105 18346
105 18346
105 18348
105 18348
105 18348
105 18348
105 18349
105 18349
105 18349
105 18349
105 18351
105 18351
105 18351
105 18351
105 18352
105 18352
9 18582
9 18602
9 18608
9 18609
9 18611
9 18611
9 18611
9 18612
9 18614
9 18614
9 18615
9 18615
9 18616
9 18616
9 18618
9 18618
9 18619
105 18737
105 18737
105 18744
105 18744
105 18744
105 18744
105 18745
105 18745
105 18745
105 18745
105 18747
105 18747
105 18747
105 18747
105 18748
105 18748
105 18748
105 18748
126 18829
104 18899
104 18902
104 18911
104 18915
112 20087
112 20094
112 20094
112 20095
112 20095
105 20229
105 20229
105 20236
105 20236
105 20238
105 20238
105 20239
105 20239
105 20239
105 20239
105 20241
105 20241
105 20706
105 20706
105 20711
105 20711
105 20713
105 20713
105 20713
105 20713
105 20714
105 20714
105 20716
105 20716
105 20716
105 20716
105 20717
105 20717
105 20717
105 20717
105 20719
105 20719
105 20719
105 20719
105 20720
105 20720
105 20720
105 20720
105 20722
105 20722
105 20722
105 20722
105 20723
105 20723
105 20723
105 20723
105 20724
105 20724
105 20724
105 20724
104 21217
104 21223
104 21223
104 21224
104 21224
104 21226
104 21226
104 21227
126 21857
126 21873
112 21894
112 22061
9 22411
9 22417
9 22417
105 22417
105 22417
9 22418
9 22418
9 22419
9 22419
9 22421
9 22421
9 22422
9 22422
9 22424
105 22424
105 22424
105 22426
105 22426
105 22426
105 22426
105 22427
105 22427
105 22427
105 22427
105 22429
105 22429
105 22429
105 22429
105 22430
105 22430
105 22430
105 22430
112 23075
112 23082
112 23082
112 23083
112 23083
112 23085
104 23198
111 23423
111 23674
105 23808
105 23808
105 23815
105 23815
105 23816
105 23816
105 23816
105 23816
105 23818
105 23818
105 23818
105 23818
105 23819
105 23819
105 23819
105 23819
111 24107
111 24110
112 24357
112 24360
105 24365
105 24365
112 24367
105 24371
105 24371
105 24372
105 24372
105 24372
105 24372
104 24462
104 24467
104 24473
104 24474
104 24477
104 24482
104 25463
104 25469
104 25471
111 25731
112 25761
112 25764
105 26348
105 26348
105 26360
105 26360
105 26360
105 26360
105 26360
105 26360
112 26665
112 26668
9 26805
9 26810
9 26810
9 26812
9 26812
9 26813
9 26813
9 26815
9 26815
9 26816
9 26816
126 27095
126 27110
126 27110
112 27643
112 27647
9 28004
9 28009
9 28011
9 28011
9 28012
9 28012
105 28088
105 28088
105 28096
105 28096
105 28096
105 28096
105 28098
105 28098
105 28098
105 28098
105 28099
105 28099
105 28101
105 28101
105 28101
105 28101
105 28102
105 28102
105 28102
105 28102
112 29740
112 29743
112 29747
112 29750
112 29753
105 30922
105 30922
105 30926
105 30926
105 30932
105 30932
