104 300
104 656
104 968
104 971
104 1427
104 1512
104 1581
104 1999
104 2077
104 2106
104 2248
104 2477
105 3113
105 3113
105 3118
105 3118
104 3232
104 3234
104 3480
104 3481
126 3522
126 3524
104 4008
104 4149
104 4204
104 4260
126 4323
104 4339
104 4439
104 4440
104 4568
104 4571
104 4588
104 4675
104 4922
104 4945
104 5276
104 5279
126 5295
104 5320
104 5321
104 5323
105 5403
105 5403
105 5406
105 5406
105 5407
105 5407
104 5605
104 5800
105 5804
105 5804
104 5890
105 5966
105 5966
104 6090
104 6091
126 6094
126 6174
104 6203
104 6235
104 6263
104 6294
104 6301
105 6613
105 6613
105 6619
105 6619
105 6897
105 6897
105 6903
105 6903
105 6904
105 6904
105 7006
105 7006
105 7012
105 7012
104 7067
104 7083
104 7103
104 7106
104 7154
126 7227
104 7267
104 7418
104 7420
104 7426
104 7428
9 7497
9 7499
9 7501
9 7504
126 7540
104 7617
104 7620
104 7621
104 7669
104 7686
104 7781
104 7811
104 7814
104 7850
104 7895
104 7921
104 7954
104 7997
104 8007
104 8124
104 8167
104 8168
105 8357
105 8357
105 8364
105 8364
105 8364
105 8364
104 8459
104 8461
104 8463
104 8597
104 8617
104 8838
104 8841
104 9071
104 9072
104 9075
104 9107
104 9108
104 9111
104 9169
110 9553
110 9555
110 9558
110 9561
110 9562
110 9951
110 9953
494 10543
494 10549
494 10549
494 10550
494 10563
494 10645
104 10677
104 10680
494 10733
494 10736
494 10786
494 10851
494 10923
494 11123
494 11245
494 11411
494 11414
110 11435
110 11438
110 11439
126 11454
110 11531
110 11533
110 11534
110 11580
494 11618
110 11629
110 11632
110 11831
110 11833
110 11895
110 11898
110 11900
110 11936
110 11937
110 11940
110 12015
110 12016
110 12098
110 12100
110 12280
110 12283
110 12287
105 12651
105 12651
110 12837
110 12923
110 12926
110 12949
110 13021
105 13064
105 13064
110 13090
104 13288
104 13321
104 13354
110 14171
110 14244
110 14351
110 14352
110 14370
110 14371
110 14387
110 14388
110 14394
110 14396
110 14396
110 14397
110 14397
110 14399
110 14515
110 14517
110 14519
110 14521
110 14524
104 14568
104 14570
104 14642
104 14698
104 14760
104 14777
110 15212
110 15215
110 15216
110 15441
110 15442
110 15445
110 15488
110 15491
110 15566
110 15567
110 15570
110 15815
110 15818
107 16154
107 16160
107 16161
107 16366
110 16581
107 16603
107 16606
107 16608
107 16622
107 16625
107 16626
107 16629
107 16634
107 16635
107 16635
107 16636
107 17029
107 17031
107 17034
499 17199
499 17284
499 17365
107 17378
107 17445
107 17512
107 17586
107 17690
107 17814
110 17823
110 17853
107 17869
110 18082
110 18127
110 18262
110 18263
126 18418
107 18463
107 18557
107 18893
107 18895
104 18973
107 19001
107 19003
104 19058
104 19117
104 19148
104 19164
104 19200
104 19327
104 19328
104 19331
104 19343
104 19861
104 19864
104 19865
104 19867
104 19993
104 19995
104 20015
126 20130
107 20226
107 20229
107 20231
112 21421
112 21427
112 21427
112 21428
104 21584
104 21585
104 21587
104 21590
104 21619
104 21620
112 21653
112 21656
112 21720
112 21723
104 23296
112 23442
112 23836
112 23839
112 23841
112 24300
112 24301
112 24304
112 24306
499 24308
112 24354
112 24357
112 24514
112 24519
112 24766
112 24768
112 25043
112 25093
112 25257
112 25369
107 25621
107 25624
107 25626
107 25629
107 25944
107 25945
107 25948
107 25950
107 25953
107 26042
107 26043
110 26166
107 26180
107 26183
107 26462
110 26552
107 26615
110 26730
110 26786
110 26981
110 27205
107 27771
110 28541
