104 292
104 719
104 987
104 993
104 1301
104 1378
104 2051
105 2367
105 2367
105 2371
105 2371
105 2409
105 2409
104 2914
104 2998
126 2999
104 3100
104 3254
104 3494
104 3499
104 3792
104 3797
126 3805
126 4004
104 4014
104 4018
104 4092
104 4095
104 4198
104 4552
104 4718
104 4722
104 4725
104 4909
104 4914
104 4918
104 5112
104 5128
104 5226
104 5259
104 5386
104 5390
104 5950
104 5954
104 5959
104 5963
110 6256
110 6260
110 6353
110 6358
110 6738
110 6742
110 6745
104 6887
104 7077
104 7082
104 7178
104 7184
104 7187
104 7191
104 7290
104 7437
104 7470
104 7532
104 7535
110 7820
110 7825
110 8026
110 8030
104 8367
110 8429
110 8433
110 8438
104 9104
104 9107
108 9110
108 9114
108 9117
110 9119
108 9121
108 9124
110 9310
110 9322
110 9322
110 9453
110 9457
110 9532
110 9536
110 9540
110 9645
110 9654
110 10099
110 10110
110 10112
110 10112
110 10113
110 10115
110 10115
110 10116
110 10349
110 10361
110 10361
110 10362
110 10554
110 10565
110 10702
110 10706
104 10830
104 10925
104 10929
104 10934
104 10938
104 10942
104 10945
104 11135
104 11139
104 11144
104 11344
104 11544
104 11550
104 11552
104 11555
104 11678
104 11682
104 11686
126 11859
110 12013
110 12025
110 12026
110 12026
110 12258
110 12270
110 12271
110 12271
110 12481
110 12493
110 12494
110 12494
110 12496
110 12720
110 12730
110 12732
110 13329
110 13341
110 13342
110 13342
110 13345
104 13519
104 13523
104 13526
104 13529
110 14043
110 14053
110 14054
110 14056
110 14056
110 14057
110 14057
110 14059
110 14298
110 14309
110 14311
110 14311
