106 696
86 1098
88 1592
89 1693
106 3100
86 3531
96 3848
106 4305
90 4906
97 4943
88 5136
106 5166
88 5762
88 5769
90 5996
106 6281
106 6445
106 6737
106 7392
106 7528
106 7795
90 9296
88 9412
88 9864
106 10188
106 10191
106 10194
106 10257
106 10260
106 11181
106 11190
12 11346
16 11353
88 11738
106 11780
86 11996
106 12010
106 12049
106 12668
106 12671
106 12675
106 12678
91 12813
99 12834
99 12888
99 12901
99 13118
106 13592
106 13755
138 13774
12 14176
12 14179
289 14963
289 14963
289 14963
289 14963
289 14963
289 14963
289 14963
289 14963
289 14963
138 15402
86 15635
106 16090
87 16880
