106 687
86 1172
88 1567
89 1656
86 2426
106 3641
138 3664
87 4414
138 4657
106 4918
99 4924
106 4941
106 4958
99 4975
87 5223
87 5251
138 5355
88 5499
87 5852
87 5933
106 6039
99 6216
106 6329
106 6663
91 6788
88 6827
88 6844
88 6858
87 6870
87 6949
87 6986
106 7408
106 7657
87 7660
106 7674
86 7681
87 7758
106 7960
106 7964
90 8407
97 8831
106 8879
106 8947
106 9089
106 9092
106 9095
106 9259
106 9264
106 9267
99 9753
88 9757
12 10591
12 10593
13 10662
13 10664
106 10965
106 10968
106 11603
106 11607
12 12416
13 12423
88 13019
88 13045
504 14179
289 14736
289 14736
289 14736
289 14736
289 14736
289 14736
289 14736
289 14736
289 14736
12 14866
12 14869
13 14873
13 14876
289 15105
289 15105
289 15105
289 15105
289 15105
289 15105
289 15105
289 15105
289 15105
289 15147
289 15147
289 15147
289 15147
289 15147
289 15147
289 15147
289 15147
289 15147
289 15213
289 15213
289 15213
289 15213
289 15213
289 15213
289 15304
289 15304
289 15304
289 15304
289 15304
289 15304
86 15681
289 15946
289 15946
289 15946
289 15946
289 15946
289 15946
289 15948
289 15948
289 15948
289 15948
289 15948
289 15948
289 15948
289 15948
289 15948
86 15966
289 16027
289 16027
289 16027
289 16027
289 16027
289 16027
86 16219
12 16813
12 16816
12 16819
13 16820
13 16823
13 16826
89 18530
289 18693
289 18693
289 18693
289 18693
289 18693
289 18693
289 18693
289 18693
289 18693
89 18961
289 19331
289 19331
289 19331
289 19331
289 19331
289 19331
289 19331
289 19331
289 19331
86 19909
97 20127
86 20206
289 20270
289 20270
289 20270
289 20270
289 20270
289 20270
