106 690
86 1123
88 1581
89 1680
106 2623
86 3688
96 4035
106 4318
90 4722
138 4994
106 5301
106 5633
88 5866
88 5877
87 5906
97 6064
106 6719
106 6855
87 6870
88 6979
88 6984
106 6991
88 7283
106 7869
106 8076
106 8170
99 8226
106 8584
91 8916
106 8958
94 9239
99 9255
99 9275
99 9362
99 9380
106 9415
99 9439
99 9561
87 9728
99 9967
106 10119
106 10122
99 10209
106 10307
99 10502
106 10515
106 10517
106 10713
106 10716
99 11430
87 11681
86 11869
138 11945
138 11969
87 12466
150 12872
150 12873
150 12876
150 12878
150 12879
150 12881
150 12882
150 12889
150 12890
106 12916
106 12920
150 13450
150 13452
150 13452
150 13453
150 13591
150 13591
150 13595
150 13597
99 13649
99 13689
150 14538
150 14539
150 14543
150 14543
150 14547
150 14547
150 14547
150 14548
150 14552
150 14554
150 14555
150 14795
150 14798
150 14799
150 15099
289 15448
289 15448
289 15448
289 15448
289 15448
289 15448
289 15448
289 15448
289 15448
99 15660
