104 286
104 666
104 964
104 965
104 1448
104 1520
104 1607
104 2018
104 2105
104 2245
104 2503
104 2724
104 2995
104 3211
104 3214
104 3466
104 3467
126 3529
126 3532
105 3819
105 3819
105 3821
105 3821
104 4197
104 4256
104 4259
104 4528
126 4529
104 4532
104 4532
104 4630
104 4633
105 4958
105 4958
105 5072
105 5072
105 5076
105 5076
104 5217
104 5222
104 5302
104 5307
104 5307
104 5537
104 5540
104 5541
104 5541
104 5586
104 5589
9 5594
9 5597
104 5970
104 5973
104 5973
105 6061
105 6061
105 6064
105 6064
104 6271
104 6274
104 6274
104 6275
104 6275
104 6275
104 6277
104 6277
104 6326
104 6329
104 6571
104 6573
104 6575
104 6575
104 6575
104 6998
104 7001
104 7002
104 7002
104 7002
104 7177
104 7181
104 7181
104 7256
104 7259
104 7259
104 7260
104 7300
104 7708
110 8148
110 8151
110 8151
110 8151
110 8353
110 8356
110 8491
110 8494
110 8494
110 8495
110 8682
110 8685
110 8685
110 8799
110 8802
110 9126
110 9129
110 9130
110 9130
110 9130
110 9132
110 9448
110 9451
110 9451
110 9453
110 9453
110 9453
110 9453
112 10059
112 10064
112 10064
112 10064
112 10064
112 10228
112 10232
104 10338
112 10566
110 10600
110 10604
110 10604
110 10604
110 10606
110 10606
110 10606
104 10903
110 10904
110 10906
104 10908
110 10908
104 10908
104 10908
110 11299
110 11304
110 11380
110 11383
110 11384
110 11384
110 11384
110 11495
110 11499
110 11810
110 11813
110 11815
110 11815
110 11815
110 11816
110 11816
110 11816
110 11938
110 11941
110 11941
110 12116
110 12120
110 12120
110 12120
110 12123
110 12257
110 12259
110 12261
110 12481
110 12485
110 12485
110 12485
110 12485
110 12580
110 12583
110 12628
110 12730
110 12732
110 12794
110 12847
110 12936
110 12939
110 12940
110 13015
110 13018
110 13020
