89 383
106 1334
86 1770
106 2816
88 2972
138 3746
87 4289
106 4498
90 4647
97 5072
87 5137
87 5297
88 5426
88 5430
106 5643
106 6261
86 6301
88 6763
106 7097
106 7103
106 7179
106 7777
106 9216
106 9586
106 9589
106 10067
88 10135
106 10363
106 10517
88 10597
106 10756
106 10759
106 10762
106 10897
106 11180
106 11786
106 12183
106 12186
106 12189
88 12219
88 13031
86 13187
106 13228
106 13231
106 13523
98 13697
106 15178
106 15357
106 15358
289 16701
289 16701
289 16701
289 16701
289 16701
289 16701
289 16701
289 16701
289 16701
86 17724
86 19059
12 20596
12 20599
17 20603
17 20606
12 21548
12 21551
12 21551
12 21551
17 22043
17 22046
17 22046
17 22046
91 22440
