104 289
104 649
104 964
104 968
104 1275
104 1341
104 1528
104 1958
104 1991
104 2024
105 2340
105 2340
105 2340
105 2340
104 2468
126 3290
110 3420
110 3713
110 3719
110 3721
110 3865
104 3967
104 3969
104 4028
104 4167
126 4775
104 4839
104 4845
104 4846
104 4859
104 4983
104 5038
104 5088
104 5153
104 5402
104 5406
104 5577
104 5580
104 5822
104 5936
104 6015
104 6037
104 6061
104 6206
105 6353
105 6353
105 6711
105 6711
105 6714
105 6714
105 6740
105 6740
105 6806
105 6806
105 6878
105 6878
105 6927
105 6927
105 7152
105 7152
105 7202
105 7202
104 7253
104 7308
104 7333
105 7345
105 7345
104 7351
104 7400
104 7404
126 7525
104 7541
104 7552
104 7584
104 7649
104 7772
104 7797
104 7893
104 7954
104 7991
104 8032
104 8091
104 8093
104 8115
104 8173
104 8226
104 8330
104 8391
104 8396
105 8587
105 8587
104 8653
104 8681
104 8718
104 8751
104 8894
104 8936
105 8953
105 8953
105 8978
105 8978
126 9079
104 9084
105 9176
105 9176
105 9207
105 9207
105 9210
105 9210
105 9242
105 9242
105 9287
105 9287
104 9356
105 9364
105 9364
105 9380
105 9380
105 9383
105 9383
105 9392
105 9392
104 9393
104 9418
105 9420
105 9420
104 9461
105 9605
105 9605
105 9609
105 9609
104 9703
105 9730
105 9730
104 9736
104 9739
105 9773
105 9773
105 9790
105 9790
104 9937
105 9965
105 9965
105 10006
105 10006
104 10126
126 10329
105 10619
105 10619
105 10673
105 10673
105 10681
105 10681
105 10693
105 10693
105 10696
105 10696
105 10706
105 10706
105 10725
105 10725
105 10739
105 10739
105 10755
105 10755
105 10838
105 10838
105 10912
105 10912
105 10953
105 10953
105 10981
105 10981
105 11033
105 11033
105 11035
105 11035
104 11059
104 11065
104 11070
105 11109
105 11109
104 11262
104 11282
104 11286
105 11485
105 11485
9 11498
9 11498
9 11500
9 11500
105 11548
105 11548
105 11552
105 11552
105 11574
105 11574
105 11623
105 11623
105 11627
105 11627
105 11676
105 11676
105 11725
105 11725
105 11729
105 11729
105 11736
105 11736
105 11774
105 11774
105 11784
105 11784
105 11970
105 11970
105 12017
105 12017
105 12033
105 12033
105 12037
105 12037
105 12082
105 12082
105 12145
105 12145
105 12222
105 12222
105 12262
105 12262
105 12266
105 12266
105 12278
105 12278
105 12282
105 12282
126 12361
126 12364
104 12383
105 12435
105 12435
105 12508
105 12508
105 12551
105 12551
104 12600
105 12616
105 12616
105 12655
105 12655
105 12697
105 12697
126 12750
9 12797
9 12802
9 12804
9 12804
9 12805
9 12805
9 12807
9 12808
9 12808
105 12813
105 12813
105 12900
105 12900
105 12934
105 12934
105 13015
105 13015
105 13018
105 13018
105 13123
105 13123
126 13160
105 13205
105 13205
105 13209
105 13209
105 13225
105 13225
105 13347
105 13347
104 13558
104 13565
104 13565
104 13566
104 13595
126 13723
126 13726
105 13734
105 13734
105 13795
105 13795
105 13855
105 13855
126 13855
105 13858
105 13858
105 13874
105 13874
105 13910
105 13910
105 13942
105 13942
105 14042
105 14042
105 14047
105 14047
105 14097
105 14097
9 14276
9 14279
105 15373
105 15373
105 15384
105 15384
105 15393
105 15393
9 15434
9 15440
9 15440
108 15473
108 15479
108 15481
108 15482
108 15482
108 15483
108 15483
108 15485
108 15485
108 15486
105 15540
105 15540
108 15599
105 15699
105 15699
108 15758
105 15794
105 15794
108 15802
105 15905
105 15905
105 15908
105 15908
108 15915
105 15948
105 15948
105 16002
105 16002
105 16004
105 16004
108 16013
105 16052
105 16052
105 16222
105 16222
105 16226
105 16226
105 16251
105 16251
105 16301
105 16301
108 16320
108 16336
110 16349
