104 759
104 889
104 980
105 1833
105 1833
105 1836
105 1836
105 1846
105 1846
105 2118
105 2118
105 2321
105 2321
105 2603
105 2603
126 2880
104 2926
104 3309
104 3470
104 3633
126 3679
104 3837
104 3840
104 3955
104 4132
104 4135
126 4135
104 4279
126 4478
104 4611
104 4665
104 4668
104 4826
104 4827
104 4832
104 4879
104 4881
104 4980
104 5032
104 5122
104 5125
104 5260
104 5275
104 5276
104 5389
104 5441
104 5482
104 5518
104 5690
104 5692
104 5695
110 6507
110 6510
110 6512
110 6515
105 6543
105 6543
105 6549
105 6549
105 6550
105 6550
105 6550
105 6550
105 6552
105 6552
110 6613
110 6874
104 7260
104 7263
104 7274
105 7399
105 7399
105 7402
105 7402
105 7502
105 7502
105 7552
105 7552
105 7555
105 7555
105 7558
105 7558
105 7755
105 7755
105 7756
105 7756
105 7759
105 7759
105 7851
105 7851
105 7854
105 7854
105 7990
105 7990
105 8067
105 8067
105 8311
105 8311
105 8313
105 8313
105 8485
105 8485
105 8486
105 8486
105 8613
105 8613
105 8619
105 8619
105 8619
105 8619
105 8620
105 8620
105 8621
105 8621
105 8621
105 8621
110 8838
110 8916
110 9101
110 9103
110 9206
110 9324
110 9327
110 9330
110 9332
110 9356
110 9358
110 9360
110 9444
105 9609
105 9609
105 9731
105 9731
105 9733
105 9733
105 9874
105 9874
105 9880
105 9880
105 9881
105 9881
105 9881
105 9881
105 9940
105 9940
105 9941
105 9941
105 9944
105 9944
105 9947
105 9947
105 9950
105 9950
105 10035
105 10035
105 10038
105 10038
105 10041
105 10041
105 10042
105 10042
105 10152
105 10152
105 10155
105 10155
105 10327
105 10327
105 10330
105 10330
105 10333
105 10333
105 10336
105 10336
105 10418
105 10418
105 10946
105 10946
105 10952
105 10952
105 10995
105 10995
105 11012
105 11012
105 11018
105 11018
105 11018
105 11018
105 11277
105 11277
105 11283
105 11283
105 11283
105 11283
105 11284
105 11284
105 11286
105 11286
105 11286
105 11286
105 11287
105 11287
105 11287
105 11287
105 11289
105 11289
105 11289
105 11289
105 11290
105 11290
105 11290
105 11290
105 11382
105 11382
105 11385
105 11385
105 11388
105 11388
105 11528
105 11528
105 11531
105 11531
105 11608
105 11608
105 11627
105 11627
105 11630
105 11630
105 11633
105 11633
126 11860
105 11865
105 11865
105 11926
105 11926
105 11939
105 11939
105 11945
105 11945
105 12004
105 12004
105 12019
105 12019
105 12183
105 12183
126 12236
126 12243
110 12352
110 12353
110 12356
110 12359
110 12386
104 12416
104 12419
104 12422
104 12456
104 12458
110 12478
110 12770
110 12773
110 12910
110 12913
110 12916
110 12965
110 13212
105 13258
105 13258
105 13259
105 13259
105 13269
105 13269
110 13375
110 13427
105 13441
105 13441
105 13444
105 13444
105 13503
105 13503
105 13506
105 13506
110 13604
