104 289
104 673
104 984
104 987
104 1086
104 1538
104 1596
104 1992
104 2078
104 2297
104 2516
104 3089
104 3090
104 3283
104 3323
126 3484
104 3516
104 3592
126 3606
104 3840
105 4175
105 4175
105 4195
105 4195
105 4381
105 4381
105 4424
105 4424
105 4716
105 4716
105 4718
105 4718
105 4721
105 4721
105 4723
105 4723
105 4728
105 4728
105 4729
105 4729
105 4765
105 4765
105 5150
105 5150
105 5151
105 5151
9 5208
9 5211
104 5233
104 5236
104 5239
9 5425
9 5427
104 5538
104 5541
104 5544
9 5599
9 5601
9 5804
9 5805
9 5808
105 5947
105 5947
105 5953
105 5953
105 5954
105 5954
105 5954
105 5954
105 5956
105 5956
105 5956
105 5956
105 6262
105 6262
105 6268
105 6268
105 6269
105 6269
105 6269
105 6269
105 6398
105 6398
105 6403
105 6403
105 6403
105 6403
105 6405
105 6405
105 6405
105 6405
105 6406
105 6406
105 6500
105 6500
105 6619
105 6619
105 6622
105 6622
105 6625
105 6625
9 6843
105 6870
105 6870
105 6873
105 6873
9 6886
9 6889
9 6960
105 7055
105 7055
105 7058
105 7058
105 7230
105 7230
105 7232
105 7232
105 7235
105 7235
105 7238
105 7238
105 7263
105 7263
105 7266
105 7266
105 7268
105 7268
105 7271
105 7271
105 7421
105 7421
105 7499
105 7499
105 7502
105 7502
9 7602
9 7605
9 7607
9 7610
9 7613
9 7638
105 8148
105 8148
105 8149
105 8149
105 8152
105 8152
105 8155
105 8155
105 8305
105 8305
105 8309
105 8309
105 8311
105 8311
105 8311
105 8311
105 8312
105 8312
105 8313
105 8313
105 8358
105 8358
105 8361
105 8361
126 8437
105 8496
105 8496
105 8502
105 8502
105 8502
105 8502
105 8503
105 8503
105 8503
105 8503
104 8627
104 8628
104 8630
104 8633
9 8652
9 8655
104 8693
104 8830
9 8861
9 8864
104 9042
104 9044
104 9046
104 9049
9 9287
9 9290
104 9395
104 9398
104 9401
104 9460
104 9461
104 9802
9 9955
9 9958
104 10047
104 10048
104 10051
9 10052
104 10054
104 10057
126 10303
104 10412
104 10415
104 10418
104 10421
104 10424
9 10638
9 10640
126 10759
104 10769
104 10772
104 10775
104 10778
104 10781
110 10958
110 10961
104 11059
104 11062
104 11063
110 11121
104 11521
104 11524
104 11668
104 11671
104 11830
104 11863
104 11896
104 11899
104 11902
104 11905
104 11908
104 11986
104 11989
104 11992
104 11994
110 12218
110 12221
104 12265
104 12266
104 12269
110 12457
110 12595
110 12598
110 12601
110 12604
110 12670
110 12834
110 12837
110 12840
110 12932
110 13113
110 13115
110 13364
110 13366
110 13369
110 13726
110 13729
110 13732
9 14183
9 14186
110 14329
110 14335
110 14335
110 14337
110 14338
110 14338
110 14339
110 14339
110 14341
110 14341
110 14342
104 15150
104 15153
104 15155
104 15158
104 15161
104 15164
108 15263
108 15266
108 15269
108 15272
108 15377
110 15505
110 15508
110 15511
110 15514
110 15517
110 15520
110 15523
110 15579
110 15698
110 15700
110 15704
104 15805
104 15808
126 15863
110 16009
110 16011
110 16523
110 16526
110 16527
110 16530
110 16533
110 16536
110 17207
110 17401
110 17408
110 17410
110 17410
110 17410
110 17411
110 17411
110 17413
110 17493
110 17496
110 17633
110 17640
110 17739
110 17747
110 17747
110 17748
110 17973
110 17976
110 17978
